tree
version=v4
num_class=1
num_tree_per_iteration=1
label_index=0
max_feature_idx=72
objective=binary sigmoid:1
feature_names=V3_lt=_1.2198981046676636 V3_lt=_1.2314345836639404 V3_lt=_1.2530920505523682 V4_lt=_-0.4713319092988968 V4_lt=_-0.46976254880428314 V4_lt=_-0.45784682035446167 V4_lt=_-0.40327076613903046 V4_lt=_-0.26174306869506836 V4_lt=_-0.24416956305503845 V4_lt=_-0.20360101014375687 V4_lt=_-0.18242227286100388 V4_lt=_-0.09988194331526756 V4_lt=_-0.07750282809138298 V4_lt=_-0.03460181504487991 V4_lt=_0.05699341371655464 V4_lt=_0.3752809464931488 V4_lt=_0.38157644867897034 V4_lt=_0.6149967312812805 V4_lt=_0.7523619830608368 V4_lt=_0.7563583552837372 V4_lt=_0.7911962270736694 V4_lt=_1.5319359302520752 V4_lt=_1.574686348438263 V4_lt=_1.662422001361847 V4_lt=_1.6727799773216248 V4_lt=_1.6730803847312927 V4_lt=_1.6956751942634583 V4_lt=_1.765186846256256 V4_lt=_1.779853105545044 V7_lt=_1.0921882390975952 V7_lt=_2.096619963645935 V7_lt=_2.1766912937164307 V8_lt=_-0.7664555907249451 V8_lt=_-0.6077740788459778 V8_lt=_-0.4568992853164673 V8_lt=_-0.45575150847435 V8_lt=_0.20063983649015427 V8_lt=_0.2713486850261688 V10_lt=_-1.7240893840789795 V10_lt=_-1.702573299407959 V10_lt=_-1.4274442195892334 V10_lt=_0.567154198884964 V11_lt=_0.28784188628196716 V12_lt=_-1.4592942595481873 V12_lt=_-0.24677349627017975 V12_lt=_-0.22093023359775543 V12_lt=_-0.1018875278532505 V12_lt=_-0.08555150032043457 V12_lt=_-0.07579305022954941 V12_lt=_0.024188149720430374 V13_lt=_-0.8007145822048187 V14_lt=_-2.7358014583587646 V14_lt=_-1.8273465633392334 V14_lt=_-1.812438189983368 V14_lt=_-1.7704376578330994 V14_lt=_-1.7583861351013184 V14_lt=_-1.5734373927116394 V14_lt=_-1.4366859793663025 V14_lt=_-1.4205476641654968 V14_lt=_-1.3845648169517517 V14_lt=_-0.8144704699516296 V14_lt=_-0.7452503144741058 V14_lt=_-0.7145193219184875 V14_lt=_-0.6914466023445129 V14_lt=_-0.663888156414032 V14_lt=_-0.6215752959251404 V14_lt=_-0.4301060438156128 V14_lt=_-0.42706455290317535 V17_lt=_-1.7784389853477478 V20_lt=_-0.8322816491127014 V26_lt=_-0.18282698839902878 Amount_lt=_0.5276917517185211 V12_lt=_0.3119194656610489
feature_infos=[0:1] [0:1] [0:1] [0:1] [0:1] [0:1] [0:1] [0:1] [0:1] [0:1] [0:1] [0:1] [0:1] [0:1] [0:1] [0:1] [0:1] [0:1] [0:1] [0:1] [0:1] [0:1] [0:1] [0:1] [0:1] [0:1] [0:1] [0:1] [0:1] [0:1] [0:1] [0:1] [0:1] [0:1] [0:1] [0:1] [0:1] [0:1] [0:1] [0:1] [0:1] [0:1] [0:1] [0:1] [0:1] [0:1] [0:1] [0:1] [0:1] [0:1] [0:1] [0:1] [0:1] [0:1] [0:1] [0:1] [0:1] [0:1] [0:1] [0:1] [0:1] [0:1] [0:1] [0:1] [0:1] [0:1] [0:1] [0:1] [0:1] [0:1] [0:1] [0:1] [0:1]
tree_sizes=941 1026 1032 1029 1037 1032 1036 1034 1031 1038 1035 1035 1036 1032 1030 1037 1038 1031 1036 1036 1038 1044 1039 1038 921

Tree=0
num_leaves=8
num_cat=0
split_feature=53 19 45 5 43 30 3
split_gain=263206 9858.31 8351.75 6196.26 2464.95 986.766 27.6623
threshold=1.0000000180025095e-35 1.0000000180025095e-35 1.0000000180025095e-35 1.0000000180025095e-35 1.0000000180025095e-35 1.0000000180025095e-35 1.0000000180025095e-35
decision_type=2 2 2 2 2 2 2
left_child=1 2 -1 4 -2 -3 -5
right_child=3 5 -4 6 -6 -7 -8
leaf_value=-0.14822230112455148 0.11613807755613105 -0.063282416737001343 0.0038074165615783681 -0.023995008795471021 0.19946860469009864 -0.18596560777353027 -0.18334713242070388
leaf_weight=8918.75 3935 669.75 6074 11.499999999999998 36729.25 34198.5 443.5
leaf_count=35675 15740 2679 24296 46 146917 136794 1774
internal_value=5.49691e-06 -0.154453 -0.0866345 0.187301 0.191408 -0.183611 -0.179381
internal_weight=90980.2 49861 14992.8 41119.2 40664.2 34868.2 455
internal_count=363921 199444 59971 164477 162657 139473 1820
is_linear=0
shrinkage=1


Tree=1
num_leaves=8
num_cat=0
split_feature=54 19 45 5 38 31 3
split_gain=215124 8014.17 6676 5502.78 2232.16 817.5 26.2161
threshold=1.0000000180025095e-35 1.0000000180025095e-35 1.0000000180025095e-35 1.0000000180025095e-35 1.0000000180025095e-35 1.0000000180025095e-35 1.0000000180025095e-35
decision_type=2 2 2 2 2 2 2
left_child=1 2 -1 4 -2 -3 -5
right_child=3 5 -4 6 -6 -7 -8
leaf_value=-0.13436395990478986 0.10131250815154452 -0.052750536873262734 0.0021011768868331058 -0.018819021430472007 0.18133933574423924 -0.16901704902214476 -0.16719386472932765
leaf_weight=8855.2735576629639 3857.7179311513901 616.88217669725418 6022.7281019836664 12.489748448133467 36536.445738941431 33878.617763668299 476.73857986927032
leaf_count=35616 15507 2470 24091 50 147576 136688 1923
internal_value=3.87787e-06 -0.14048 -0.0791254 0.169661 0.173699 -0.166939 -0.163452
internal_weight=90256.9 49373.5 14878 40883.4 40394.2 34495.5 489.228
internal_count=363921 198865 59707 165056 163083 139158 1973
is_linear=0
shrinkage=0.1


Tree=2
num_leaves=8
num_cat=0
split_feature=55 21 11 36 64 41 40
split_gain=178455 6997.22 4849.72 3449.65 2895.19 1729.36 649.43
threshold=1.0000000180025095e-35 1.0000000180025095e-35 1.0000000180025095e-35 1.0000000180025095e-35 1.0000000180025095e-35 1.0000000180025095e-35 1.0000000180025095e-35
decision_type=2 2 2 2 2 2 2
left_child=1 3 5 -1 -3 -2 -4
right_child=2 4 6 -5 -6 -7 -8
leaf_value=-0.13964694034594483 -0.20228732084986364 -0.15593101093067219 -0.14299265361259866 0.017392422140861331 -0.086457195122452646 0.16278518923652188 0.047168462033166637
leaf_weight=2043.5680005550385 129.38609571754932 34718.528539523482 566.34157827496529 4428.256716966629 7256.4269060194492 38984.844254374504 262.18051221966743
leaf_count=8277 524 142795 2325 17849 29787 161291 1073
internal_value=1.62981e-05 -0.129001 0.156501 -0.0322088 -0.143923 0.161572 -0.0828331
internal_weight=88389.5 48446.8 39942.8 6471.82 41975 39114.2 828.522
internal_count=363921 198708 165213 26126 172582 161815 3398
is_linear=0
shrinkage=0.1


Tree=3
num_leaves=8
num_cat=0
split_feature=53 18 62 10 39 13 40
split_gain=149583 6627.11 6249.5 3705.85 1617.37 868.266 456.322
threshold=1.0000000180025095e-35 1.0000000180025095e-35 1.0000000180025095e-35 1.0000000180025095e-35 1.0000000180025095e-35 1.0000000180025095e-35 1.0000000180025095e-35
decision_type=2 2 2 2 2 2 2
left_child=1 2 -1 4 -2 -3 -5
right_child=3 5 -4 6 -6 -7 -8
leaf_value=-0.096856185490515778 0.085744901790801992 -0.12194286411188388 0.06240242860273218 -0.1375342235352249 0.1575744247788754 -0.15592539311853762 0.03921921890326855
leaf_weight=11545.447022080421 3454.9932204335928 11751.908595994115 3131.7043463289738 475.95344352722168 34243.322832539678 21006.931592702866 209.99819411337376
leaf_count=47456 14362 49964 12717 1998 147254 89307 863
internal_value=3.88162e-05 -0.11872 -0.0628728 0.146802 0.150994 -0.143739 -0.0834444
internal_weight=85820.3 47436 14677.2 38384.3 37698.3 32758.8 685.952
internal_count=363921 199444 60173 164477 161616 139271 2861
is_linear=0
shrinkage=0.1


Tree=4
num_leaves=8
num_cat=0
split_feature=56 18 33 12 43 71 3
split_gain=126538 5368.54 5137.22 4906.25 1744.96 850.222 537.578
threshold=1.0000000180025095e-35 1.0000000180025095e-35 1.0000000180025095e-35 1.0000000180025095e-35 1.0000000180025095e-35 1.0000000180025095e-35 1.0000000180025095e-35
decision_type=2 2 2 2 2 2 2
left_child=1 2 -1 4 -2 -3 -5
right_child=3 5 -4 6 -6 -7 -8
leaf_value=-0.085955307393103794 0.078775431057874906 -0.085983771246889495 0.088068511793465587 0.0075023599172241162 0.1492735319117465 -0.14153154926097644 -0.13923235376780368
leaf_weight=12147.986882254481 3938.6416447907686 3063.1157182753086 1970.7959552407265 421.80967524647713 32612.642963096499 27959.295451536775 610.47360301017761
leaf_count=50551 16709 13429 8029 1749 146944 123840 2670
internal_value=6.51657e-05 -0.112785 -0.0616594 0.135607 0.141679 -0.13605 -0.0793247
internal_weight=82724.8 45141.2 14118.8 37583.6 36551.3 31022.4 1032.28
internal_count=363921 195849 58580 168072 163653 137269 4419
is_linear=0
shrinkage=0.1


Tree=5
num_leaves=8
num_cat=0
split_feature=53 22 43 28 37 64 41
split_gain=107625 5517.62 3053.28 3023.19 2693.08 2604.32 250.261
threshold=1.0000000180025095e-35 1.0000000180025095e-35 1.0000000180025095e-35 1.0000000180025095e-35 1.0000000180025095e-35 1.0000000180025095e-35 1.0000000180025095e-35
decision_type=2 2 2 2 2 2 2
left_child=1 4 3 -2 -1 -3 -4
right_child=2 5 6 -5 -6 -7 -8
leaf_value=-0.12954786551461414 0.13420831884287118 -0.12961583275442098 -0.18762399240980365 -0.039385703029959654 0.022794098820048656 -0.061814276051722475 0.14239667452123148
leaf_weight=1548.210828691721 2052.8751863390207 31314.134146168828 22.180848121643066 1960.4596727639437 4622.8332826793194 6919.9043074250221 30865.321500167251
leaf_count=6583 8962 143499 96 8496 18851 30511 146923
internal_value=9.15078e-05 -0.103185 0.131492 0.0494213 -0.0154407 -0.117346 0.142154
internal_weight=79305.9 44405.1 34900.8 4013.33 6171.04 38234 30887.5
internal_count=363921 199444 164477 17458 25434 174010 147019
is_linear=0
shrinkage=0.1


Tree=6
num_leaves=8
num_cat=0
split_feature=57 12 18 46 41 71 40
split_gain=92267.8 5040.17 4466.03 4360.34 1811.55 875.229 510.47
threshold=1.0000000180025095e-35 1.0000000180025095e-35 1.0000000180025095e-35 1.0000000180025095e-35 1.0000000180025095e-35 1.0000000180025095e-35 1.0000000180025095e-35
decision_type=2 2 2 2 2 2 2
left_child=2 4 3 -1 -2 -4 -3
right_child=1 6 5 -5 -6 -7 -8
leaf_value=-0.10633046450206239 -0.18248967389045156 -0.12072952862441817 -0.070816319831529348 0.0082685888852431777 0.12976455054864972 -0.12955901219886071 0.026735397134299323
leaf_weight=7169.854060575366 186.0128056704998 872.47946172952652 2826.5013318508863 6182.5994898676872 33126.640890881419 25057.429857358336 320.57942555844784
leaf_count=31900 758 3981 13298 25479 164873 122262 1370
internal_value=0.000127788 0.120783 -0.100834 -0.0532709 0.128016 -0.123607 -0.0811159
internal_weight=75742.1 34505.7 41236.4 13352.5 33312.7 27883.9 1193.06
internal_count=363921 170982 192939 57379 165631 135560 5351
is_linear=0
shrinkage=0.1


Tree=7
num_leaves=8
num_cat=0
split_feature=52 16 66 43 28 31 41
split_gain=79198.5 4973.88 5689.03 2837.81 2464.94 556.296 191.08
threshold=1.0000000180025095e-35 1.0000000180025095e-35 1.0000000180025095e-35 1.0000000180025095e-35 1.0000000180025095e-35 1.0000000180025095e-35 1.0000000180025095e-35
decision_type=2 2 2 2 2 2 2
left_child=1 2 -1 4 -2 -3 -5
right_child=3 5 -4 6 -6 -7 -8
leaf_value=-0.088519260774183761 0.12017070470158271 -0.013532991309322959 0.033211636810002346 -0.16243055141622526 -0.042289802183722164 -0.12457274893538184 0.13211814719825135
leaf_weight=12905.336445525289 1866.2524982243776 460.79313649237156 5464.0863225907087 21.242861181497574 1867.6608209758997 22221.76921723783 27275.646820798516
leaf_count=59444 8914 2074 23725 96 8322 114440 146906
internal_value=0.000137827 -0.0909935 -0.0523099 0.120698 0.0389202 -0.122318 0.131883
internal_weight=72082.8 41052 18369.4 31030.8 3733.91 22682.6 27296.9
internal_count=363921 199683 83169 164238 17236 116514 147002
is_linear=0
shrinkage=0.1


Tree=8
num_leaves=8
num_cat=0
split_feature=58 43 18 34 28 69 41
split_gain=68297 4321.43 3992.8 3786.44 2700.79 939.187 227.208
threshold=1.0000000180025095e-35 1.0000000180025095e-35 1.0000000180025095e-35 1.0000000180025095e-35 1.0000000180025095e-35 1.0000000180025095e-35 1.0000000180025095e-35
decision_type=2 2 2 2 2 2 2
left_child=2 4 3 -1 -2 -4 -3
right_child=1 6 5 -5 -6 -7 -8
leaf_value=-0.069613137440435791 0.11510284195519423 -0.15393270406034451 -0.11662575798780513 0.073182583139563245 -0.032883593300245255 -0.002231228435980307 0.12800694346110861
leaf_weight=10597.210510000587 2070.8824066966772 27.820815280079842 24179.350055187941 2250.5766341090202 3045.938081741333 739.69224274158478 25564.526112630963
leaf_count=47815 10132 131 131452 9407 13621 3886 147477
internal_value=0.000171019 0.110921 -0.0898834 -0.0445955 0.0270203 -0.11323 0.127694
internal_weight=68476 30709.2 37766.8 12847.8 5116.82 24919 25592.3
internal_count=363921 171361 192560 57222 23753 135338 147608
is_linear=0
shrinkage=0.1


Tree=9
num_leaves=8
num_cat=0
split_feature=58 43 18 47 28 71 41
split_gain=58907.6 4080.77 3766.46 3721.49 2300.12 931.117 199.576
threshold=1.0000000180025095e-35 1.0000000180025095e-35 1.0000000180025095e-35 1.0000000180025095e-35 1.0000000180025095e-35 1.0000000180025095e-35 1.0000000180025095e-35
decision_type=2 2 2 2 2 2 2
left_child=2 4 3 -1 -2 -4 -3
right_child=1 6 5 -5 -6 -7 -8
leaf_value=-0.093471408418875482 0.10894200834850552 -0.14617616284556451 -0.050877507819782203 0.015107282454336228 -0.029625880921902315 -0.11547332646074489 0.1244669376087056
leaf_weight=6514.9643968641758 1974.3038873523474 26.488957092165947 2499.8580132424831 6122.4306857585907 3043.0468399077654 20962.916082397103 23755.491430848837
leaf_count=31467 10132 131 13284 25755 13621 122054 147477
internal_value=0.000205422 0.10687 -0.0848881 -0.0408713 0.0249108 -0.108593 0.124159
internal_weight=64899.5 28799.3 36100.2 12637.4 5017.35 23462.8 23782
internal_count=363921 171361 192560 57222 23753 135338 147608
is_linear=0
shrinkage=0.1


Tree=10
num_leaves=8
num_cat=0
split_feature=53 16 47 38 28 31 3
split_gain=50990.8 4363.27 4681.73 2615.38 1652.07 551.595 219.279
threshold=1.0000000180025095e-35 1.0000000180025095e-35 1.0000000180025095e-35 1.0000000180025095e-35 1.0000000180025095e-35 1.0000000180025095e-35 1.0000000180025095e-35
decision_type=2 2 2 2 2 2 2
left_child=1 2 -1 4 -2 -3 -5
right_child=3 5 -4 6 -6 -7 -8
leaf_value=-0.087995208470671243 0.099506201600565627 0.002072401712108761 0.017066582911113119 0.12143635258077268 -0.041424642968944152 -0.11210621568169431 -0.14885370468939035
leaf_weight=9234.4096049666405 1594.003740042448 432.99383002519608 7843.3607289046049 22067.675162732601 1737.4963067173958 18463.455097183585 29.256980329751968
leaf_count=48308 9019 2070 34743 147537 7796 114323 125
internal_value=0.000232162 -0.0763825 -0.039745 0.108619 0.0260154 -0.10949 0.121072
internal_weight=61402.7 35974.2 17077.8 25428.4 3331.5 18896.4 22096.9
internal_count=363921 199444 83051 164477 16815 116393 147662
is_linear=0
shrinkage=0.1


Tree=11
num_leaves=8
num_cat=0
split_feature=59 43 14 47 28 30 3
split_gain=44446.7 3697.44 3332.28 3992.12 1705.59 429.329 176.212
threshold=1.0000000180025095e-35 1.0000000180025095e-35 1.0000000180025095e-35 1.0000000180025095e-35 1.0000000180025095e-35 1.0000000180025095e-35 1.0000000180025095e-35
decision_type=2 2 2 2 2 2 2
left_child=2 4 3 -1 -2 -4 -3
right_child=1 6 5 -5 -6 -7 -8
leaf_value=-0.089469508851363969 0.099414814020785613 0.11887418674154422 -0.007386403927595462 0.0032143876210432433 -0.022601289705622269 -0.1169254277528758 -0.13196878634998976
leaf_weight=10753.560315653682 1806.08001562953 20364.38654871285 367.73291204869747 8183.3478225320578 3129.0245900899172 13448.272800624371 27.267198175191879
leaf_count=61723 10210 147523 1795 38182 14296 90046 146
internal_value=0.000256766 0.0997363 -0.0766682 -0.0494193 0.0220635 -0.114011 0.118532
internal_weight=58079.7 25326.8 32752.9 18936.9 4935.1 13816 20391.7
internal_count=363921 172175 191746 99905 24506 91841 147669
is_linear=0
shrinkage=0.1


Tree=12
num_leaves=8
num_cat=0
split_feature=51 65 7 34 41 72 27
split_gain=38623.3 5216.77 4373.82 2785.37 860.75 732.536 11.6968
threshold=1.0000000180025095e-35 1.0000000180025095e-35 1.0000000180025095e-35 1.0000000180025095e-35 1.0000000180025095e-35 1.0000000180025095e-35 1.0000000180025095e-35
decision_type=2 2 2 2 2 2 2
left_child=1 3 -3 -1 6 -6 -2
right_child=4 2 -4 -5 5 -7 -8
leaf_value=-0.099085221031786047 -0.26423377940881482 0.042678347878994605 -0.10970831869259001 -0.00060592453922620479 -0.26167970011848207 0.11403250833195039 -0.15451502307650786
leaf_weight=22282.395263046026 12.852245241403578 6825.8138886541128 2600.1607060134411 3297.0131735354662 51.12195873260498 19741.156374543905 94.334512323141098
leaf_count=142092 57 33533 16245 18317 222 153007 448
internal_value=0.000277788 -0.062959 0.000635217 -0.0863924 0.111516 0.113049 -0.169992
internal_weight=54904.8 35005.4 9425.97 25579.4 19899.5 19792.3 107.187
internal_count=363921 210187 49778 160409 153734 153229 505
is_linear=0
shrinkage=0.1


Tree=13
num_leaves=8
num_cat=0
split_feature=38 63 8 69 6 72 31
split_gain=33715.8 4995.01 3406.8 2437.91 1556.11 338.7 173.801
threshold=1.0000000180025095e-35 1.0000000180025095e-35 1.0000000180025095e-35 1.0000000180025095e-35 1.0000000180025095e-35 1.0000000180025095e-35 1.0000000180025095e-35
decision_type=2 2 2 2 2 2 2
left_child=1 3 -3 -1 5 -2 -6
right_child=4 2 -4 -5 6 -7 -8
leaf_value=-0.089363313436294362 -0.064962192633398086 0.036840887677123589 -0.10592230770298966 0.068866307070121507 0.075857596808159178 0.11500113705880535 -0.11358028996945513
leaf_weight=23392.579579129815 104.60375998914242 7120.5339512526989 2183.1893377527595 1015.3281341940165 55.767418935894966 17789.430363096297 338.70550107955933
leaf_count=155570 574 35959 14362 5442 275 149336 2403
internal_value=0.000293342 -0.0590143 0.00333264 -0.0827787 0.109614 0.113946 -0.086675
internal_weight=52000.1 33711.6 9303.72 24407.9 18288.5 17894 394.473
internal_count=363921 211333 50321 161012 152588 149910 2678
is_linear=0
shrinkage=0.1


Tree=14
num_leaves=8
num_cat=0
split_feature=38 14 67 10 40 31 72
split_gain=29455.5 4522.12 4602.74 1409.32 335.313 272.092 222.042
threshold=1.0000000180025095e-35 1.0000000180025095e-35 1.0000000180025095e-35 1.0000000180025095e-35 1.0000000180025095e-35 1.0000000180025095e-35 1.0000000180025095e-35
decision_type=2 2 2 2 2 2 2
left_child=1 2 -1 6 -3 -5 -2
right_child=3 4 -4 5 -6 -7 -8
leaf_value=-0.065304421468262944 -0.046537500607921542 -0.10768768754283629 0.031804333120023731 0.087905889718313757 -0.023968172130801272 -0.10152262434555107 0.11327641493620831
leaf_weight=12314.789014175534 86.9035330042243 11492.152401283383 8084.3463574722409 94.193139910697937 499.87121459841728 374.43841999024153 16297.050845205784
leaf_count=75186 471 91108 41701 433 3338 2767 148917
internal_value=0.00031565 -0.0554703 -0.0268197 0.107535 -0.1042 -0.0633421 0.112426
internal_weight=49243.7 32391.2 20399.1 16852.6 11992 468.632 16384
internal_count=363921 211333 116887 152588 94446 3200 149388
is_linear=0
shrinkage=0.1


Tree=15
num_leaves=8
num_cat=0
split_feature=38 26 66 42 13 31 72
split_gain=25765.4 4279.21 2364.9 2019.56 1277.05 288.281 157.617
threshold=1.0000000180025095e-35 1.0000000180025095e-35 1.0000000180025095e-35 1.0000000180025095e-35 1.0000000180025095e-35 1.0000000180025095e-35 1.0000000180025095e-35
decision_type=2 2 2 2 2 2 2
left_child=1 3 -3 -1 6 -6 -2
right_child=4 2 -4 -5 5 -7 -8
leaf_value=0.082014437786345942 -0.032131833471747397 -0.092274358817997781 -0.027797238846091796 -0.034714667318188383 0.083964492946296182 -0.091920307845669486 0.1116413904516242
leaf_weight=2997.9659103155136 76.244104668498039 16538.802067250013 8672.4084812030196 2929.6892812103033 121.63537149131298 388.48269494622946 14926.61717350781
leaf_count=16868 407 128441 51944 14080 553 3016 148612
internal_value=0.000331764 -0.0521221 -0.0700968 0.024326 0.105618 -0.0498991 0.110909
internal_weight=46651.8 31138.9 25211.2 5927.66 15513 510.118 15002.9
internal_count=363921 211333 180385 30948 152588 3569 149019
is_linear=0
shrinkage=0.1


Tree=16
num_leaves=8
num_cat=0
split_feature=38 13 36 15 68 40 30
split_gain=22543.5 4202.55 3930.34 1176.59 343.463 328.69 137.793
threshold=1.0000000180025095e-35 1.0000000180025095e-35 1.0000000180025095e-35 1.0000000180025095e-35 1.0000000180025095e-35 1.0000000180025095e-35 1.0000000180025095e-35
decision_type=2 2 2 2 2 2 2
left_child=1 2 -1 6 -5 -3 -2
right_child=3 5 -4 4 -6 -7 -8
leaf_value=-0.10240786475034303 -0.029419041145622063 -0.10600553910850954 0.0020309258465567659 -0.066946969571941364 0.11565075891012595 -0.018762985798886279 0.11072620325986554
leaf_weight=4708.9159072563052 70.143974363803864 9486.7369459867477 15336.868293479085 502.49091172218323 128.55113799124956 452.9414092823863 13567.287358418107
leaf_count=30594 316 85882 91637 3564 1177 3220 147531
internal_value=0.000363691 -0.0488705 -0.0225065 0.103826 -0.0296254 -0.102032 0.110003
internal_weight=44253.9 29985.5 20045.8 14268.5 631.042 9939.68 13637.4
internal_count=363921 211333 122231 152588 4741 89102 147847
is_linear=0
shrinkage=0.1


Tree=17
num_leaves=8
num_cat=0
split_feature=51 8 49 43 28 30 41
split_gain=19767.5 3811.3 3793.38 819.668 1010.7 502.982 65.8832
threshold=1.0000000180025095e-35 1.0000000180025095e-35 1.0000000180025095e-35 1.0000000180025095e-35 1.0000000180025095e-35 1.0000000180025095e-35 1.0000000180025095e-35
decision_type=2 2 2 2 2 2 2
left_child=1 2 -1 4 -2 -3 -5
right_child=3 5 -4 6 -6 -7 -8
leaf_value=-0.066291829295383034 0.094047243003272579 0.019607347398864369 0.019605244439105479 -0.13332732746785331 -0.094719683892644721 -0.10809676311447913 0.10949947898247923
leaf_weight=10185.763635225594 749.82273115217686 320.5024281218648 10379.364255957305 10.386559963226317 454.89053274691105 7993.5410483926535 12049.766196787357
leaf_count=72052 6216 1801 57548 61 2247 78786 145210
internal_value=0.000374793 -0.0460409 -0.0229401 0.101423 0.0227508 -0.103172 0.109279
internal_weight=42144 28879.2 20565.1 13264.9 1204.71 8314.04 12060.2
internal_count=363921 210187 129600 153734 8463 80587 145271
is_linear=0
shrinkage=0.1


Tree=18
num_leaves=8
num_cat=0
split_feature=38 13 67 15 40 68 30
split_gain=17466.7 3640.01 3550.35 983.422 347.3 260.067 127.891
threshold=1.0000000180025095e-35 1.0000000180025095e-35 1.0000000180025095e-35 1.0000000180025095e-35 1.0000000180025095e-35 1.0000000180025095e-35 1.0000000180025095e-35
decision_type=2 2 2 2 2 2 2
left_child=1 2 -1 6 -3 -5 -2
right_child=3 4 -4 5 -6 -7 -8
leaf_value=-0.054779592365997623 -0.027182312932880676 -0.10178155060209725 0.031903966419807916 -0.058955077454032501 -0.0091291667670734579 0.11191006933343445 0.10827765048140266
leaf_weight=11439.547023914754 69.763019517064095 8143.9502354115248 8048.4642032086849 466.61971053481102 425.93212383240461 109.07889024913311 11408.870261952281
leaf_count=79234 316 85882 42997 3564 3220 1177 147531
internal_value=0.000385383 -0.042867 -0.0189799 0.101056 -0.0971782 -0.026443 0.107452
internal_weight=40112.2 28057.9 19488 12054.3 8569.88 575.699 11478.6
internal_count=363921 211333 122231 152588 89102 4741 147847
is_linear=0
shrinkage=0.1


Tree=19
num_leaves=8
num_cat=0
split_feature=38 36 8 17 28 68 30
split_gain=15331.6 3502.8 3488.81 915.236 476.783 330.223 100.499
threshold=1.0000000180025095e-35 1.0000000180025095e-35 1.0000000180025095e-35 1.0000000180025095e-35 1.0000000180025095e-35 1.0000000180025095e-35 1.0000000180025095e-35
decision_type=2 2 2 2 2 2 2
left_child=1 4 -3 6 -1 -5 -2
right_child=3 2 -4 5 -6 -7 -8
leaf_value=-0.049396795007551127 -0.019009557963849011 0.0033571238713151689 -0.095987460757120099 -0.057694285899277213 -0.11492042518132642 0.10883055873468853 0.10747413779530486
leaf_weight=1394.3835451230407 62.922625064849854 15631.497988581657 4567.0215516909957 481.35332576930523 5496.9557647183537 157.13687454164028 10360.709700420499
leaf_count=8255 285 99064 51193 3722 52821 2005 146576
internal_value=0.000394054 -0.0401149 -0.019109 0.0995905 -0.101672 -0.0166053 0.106709
internal_weight=38152 27089.9 20198.5 11062.1 6891.34 638.49 10423.6
internal_count=363921 211333 150257 152588 61076 5727 146861
is_linear=0
shrinkage=0.1


Tree=20
num_leaves=8
num_cat=0
split_feature=60 43 35 50 37 29 41
split_gain=13568.9 3518.58 2875.47 2611.05 1971.65 1387.22 209.178
threshold=1.0000000180025095e-35 1.0000000180025095e-35 1.0000000180025095e-35 1.0000000180025095e-35 1.0000000180025095e-35 1.0000000180025095e-35 1.0000000180025095e-35
decision_type=2 2 2 2 2 2 2
left_child=2 4 5 -4 -2 -1 -3
right_child=1 6 3 -5 -6 -7 -8
leaf_value=0.026008228105112094 -0.11661506321645501 -0.14325769906463173 -0.039542215870038415 0.15222687176426933 0.034141540614085017 -0.081049233481067615 0.10611859880893733
leaf_weight=1314.1369903534651 1009.0194906070828 32.932588025927544 1857.2937009558082 1148.0802091285586 6147.9892351850867 15263.056502282619 9690.2160171233118
leaf_count=9915 7088 250 13356 6656 36697 141452 148507
internal_value=0.000389806 0.066092 -0.0562459 0.0337416 0.012874 -0.0725613 0.105259
internal_weight=36462.7 16880.2 19582.6 3005.37 7157.01 16577.2 9723.15
internal_count=363921 192542 171379 20012 43785 151367 148757
is_linear=0
shrinkage=0.1


Tree=21
num_leaves=8
num_cat=0
split_feature=26 42 66 71 5 2 41
split_gain=12235.1 3234.29 2979.66 2761.32 2170.66 1100.46 831.439
threshold=1.0000000180025095e-35 1.0000000180025095e-35 1.0000000180025095e-35 1.0000000180025095e-35 1.0000000180025095e-35 1.0000000180025095e-35 1.0000000180025095e-35
decision_type=2 2 2 2 2 2 2
left_child=1 6 3 -2 -4 -3 -1
right_child=2 5 4 -5 -6 -7 -8
leaf_value=-0.0059239409940355509 0.035456900302176318 -0.13378831734228649 0.023143288586884622 -0.097223945093679681 -0.10224323739066819 0.013847990869342831 0.10699784742040537
leaf_weight=697.2140489667654 1835.3670862689614 663.11581307649612 6951.8820397444069 10770.850749909878 1721.7743420600891 2105.0299901068211 10040.086578078568
leaf_count=3710 14236 3498 46120 116637 19610 10774 149336
internal_value=0.000378091 0.07482 -0.0468683 -0.0779054 -0.00175563 -0.0215542 0.0996655
internal_weight=34785.3 13505.4 21279.9 12606.2 8673.66 2768.15 10737.3
internal_count=363921 167318 196603 130873 65730 14272 153046
is_linear=0
shrinkage=0.1


Tree=22
num_leaves=8
num_cat=0
split_feature=27 42 67 71 5 2 41
split_gain=10566 2872.67 2647.19 2501.58 1902.44 942.327 776.16
threshold=1.0000000180025095e-35 1.0000000180025095e-35 1.0000000180025095e-35 1.0000000180025095e-35 1.0000000180025095e-35 1.0000000180025095e-35 1.0000000180025095e-35
decision_type=2 2 2 2 2 2 2
left_child=1 6 3 -2 -4 -3 -1
right_child=2 5 4 -5 -6 -7 -8
leaf_value=-0.0050314623631063718 0.031018553708977544 -0.13055154472193264 0.02047413657324686 -0.093832414599164693 -0.10029635012982874 0.012637313989570782 0.10569464214199671
leaf_weight=680.09596352279186 1908.7200892418623 594.73224091529846 7149.7903281822801 10065.157588567585 1594.3308188728988 2010.7120127268136 9137.1180018521845
leaf_count=3634 14390 3305 47706 116874 19717 10266 148029
internal_value=0.00033726 0.0732531 -0.043385 -0.0739294 -0.00155511 -0.0200853 0.0980243
internal_weight=33140.7 12422.7 20718 11973.9 8744.12 2605.44 9817.21
internal_count=363921 165234 198687 131264 67423 13571 151663
is_linear=0
shrinkage=0.1


Tree=23
num_leaves=8
num_cat=0
split_feature=38 37 8 72 20 28 27
split_gain=9317.7 2995.97 2807.71 748.362 237.898 232.201 103.585
threshold=1.0000000180025095e-35 1.0000000180025095e-35 1.0000000180025095e-35 1.0000000180025095e-35 1.0000000180025095e-35 1.0000000180025095e-35 1.0000000180025095e-35
decision_type=2 2 2 2 2 2 2
left_child=1 5 -3 6 -5 -1 -2
right_child=3 2 -4 4 -6 -7 -8
leaf_value=-0.060935294602258133 0.065305063597054402 0.0054329870997687456 -0.090456508842143429 0.10372302947237627 0.028353213295378939 -0.11562839220537176 -0.12056580685914818
leaf_weight=995.95384424179792 35.311290845274925 15323.163264736533 3812.5121474526823 7255.8481448814273 445.39568893611431 3579.941811837256 178.97369676828384
leaf_count=6547 156 105664 54485 145984 4533 44637 1915
internal_value=0.000301075 -0.0310599 -0.0136754 0.0942372 0.0993683 -0.10374 -0.0897757
internal_weight=31627.1 23711.6 19135.7 7915.53 7701.24 4575.9 214.285
internal_count=363921 211333 160149 152588 150517 51184 2071
is_linear=0
shrinkage=0.1


Tree=24
num_leaves=7
num_cat=0
split_feature=68 8 49 30 44 3
split_gain=8219.05 2780.2 3172.3 529.559 68.8528 36.6883
threshold=1.0000000180025095e-35 1.0000000180025095e-35 1.0000000180025095e-35 1.0000000180025095e-35 1.0000000180025095e-35 1.0000000180025095e-35
decision_type=2 2 2 2 2 2
left_child=1 2 -1 -3 -2 -6
right_child=4 3 -4 -5 5 -7
leaf_value=-0.053277193221833552 -0.15105808098836404 0.040335307300293097 0.028453328760243743 -0.098887396434036393 0.10512451287837099 -0.08743052189038486
leaf_weight=8609.8346205130219 9.7015752308070642 289.01290395855904 10588.184518065304 4844.7360584884882 6050.4328186772764 9.2085020765662176
leaf_count=73741 74 1855 77554 78970 131630 97
internal_value=0.00028606 -0.0256834 -0.00820165 -0.0910433 0.104384 0.104818
internal_weight=30401.1 24331.8 19198 5133.75 6069.34 6059.64
internal_count=363921 232120 151295 80825 131801 131727
is_linear=0
shrinkage=0.1


end of trees

feature_importances:
V10_lt=_0.567154198884964=11
V4_lt=_1.779853105545044=9
V10_lt=_-1.7240893840789795=9
V12_lt=_-1.4592942595481873=9
V7_lt=_2.096619963645935=7
V4_lt=_-0.4713319092988968=6
V7_lt=_2.1766912937164307=6
V10_lt=_-1.4274442195892334=6
V4_lt=_-0.24416956305503845=5
V4_lt=_0.7523619830608368=5
Amount_lt=_0.5276917517185211=5
V12_lt=_0.3119194656610489=5
V4_lt=_-0.45784682035446167=4
V4_lt=_-0.03460181504487991=4
V14_lt=_-1.812438189983368=4
V17_lt=_-1.7784389853477478=4
V4_lt=_1.765186846256256=3
V8_lt=_0.20063983649015427=3
V8_lt=_0.2713486850261688=3
V11_lt=_0.28784188628196716=3
V12_lt=_-0.08555150032043457=3
V14_lt=_-0.4301060438156128=3
V14_lt=_-0.42706455290317535=3
V3_lt=_1.2530920505523682=2
V4_lt=_-0.18242227286100388=2
V4_lt=_-0.07750282809138298=2
V4_lt=_0.05699341371655464=2
V4_lt=_0.3752809464931488=2
V4_lt=_0.38157644867897034=2
V4_lt=_0.7563583552837372=2
V4_lt=_1.6956751942634583=2
V8_lt=_-0.4568992853164673=2
V12_lt=_-0.22093023359775543=2
V12_lt=_0.024188149720430374=2
V14_lt=_-2.7358014583587646=2
V14_lt=_-1.4205476641654968=2
V14_lt=_-0.663888156414032=2
V20_lt=_-0.8322816491127014=2
V4_lt=_-0.40327076613903046=1
V4_lt=_-0.26174306869506836=1
V4_lt=_-0.09988194331526756=1
V4_lt=_0.6149967312812805=1
V4_lt=_0.7911962270736694=1
V4_lt=_1.5319359302520752=1
V4_lt=_1.574686348438263=1
V7_lt=_1.0921882390975952=1
V8_lt=_-0.6077740788459778=1
V8_lt=_-0.45575150847435=1
V10_lt=_-1.702573299407959=1
V12_lt=_-0.24677349627017975=1
V12_lt=_-0.1018875278532505=1
V13_lt=_-0.8007145822048187=1
V14_lt=_-1.8273465633392334=1
V14_lt=_-1.7704376578330994=1
V14_lt=_-1.7583861351013184=1
V14_lt=_-1.5734373927116394=1
V14_lt=_-1.4366859793663025=1
V14_lt=_-1.3845648169517517=1
V14_lt=_-0.8144704699516296=1
V14_lt=_-0.7145193219184875=1
V14_lt=_-0.6914466023445129=1
V14_lt=_-0.6215752959251404=1

parameters:
[boosting: gbdt]
[objective: binary]
[metric: binary_logloss]
[tree_learner: serial]
[device_type: cpu]
[data_sample_strategy: bagging]
[data: ]
[valid: ]
[num_iterations: 25]
[learning_rate: 0.1]
[num_leaves: 31]
[num_threads: 8]
[seed: 42]
[deterministic: 0]
[force_col_wise: 0]
[force_row_wise: 0]
[histogram_pool_size: -1]
[max_depth: 3]
[min_data_in_leaf: 20]
[min_sum_hessian_in_leaf: 0.001]
[bagging_fraction: 1]
[pos_bagging_fraction: 1]
[neg_bagging_fraction: 1]
[bagging_freq: 0]
[bagging_seed: 400]
[bagging_by_query: 0]
[feature_fraction: 1]
[feature_fraction_bynode: 1]
[feature_fraction_seed: 30056]
[extra_trees: 0]
[extra_seed: 12879]
[early_stopping_round: 0]
[early_stopping_min_delta: 0]
[first_metric_only: 0]
[max_delta_step: 0]
[lambda_l1: 0]
[lambda_l2: 1]
[linear_lambda: 0]
[min_gain_to_split: 0]
[drop_rate: 0.1]
[max_drop: 50]
[skip_drop: 0.5]
[xgboost_dart_mode: 0]
[uniform_drop: 0]
[drop_seed: 17869]
[top_rate: 0.2]
[other_rate: 0.1]
[min_data_per_group: 100]
[max_cat_threshold: 32]
[cat_l2: 10]
[cat_smooth: 10]
[max_cat_to_onehot: 4]
[top_k: 20]
[monotone_constraints: ]
[monotone_constraints_method: basic]
[monotone_penalty: 0]
[feature_contri: ]
[forcedsplits_filename: ]
[refit_decay_rate: 0.9]
[cegb_tradeoff: 1]
[cegb_penalty_split: 0]
[cegb_penalty_feature_lazy: ]
[cegb_penalty_feature_coupled: ]
[path_smooth: 0]
[interaction_constraints: ]
[verbosity: -1]
[saved_feature_importance_type: 0]
[use_quantized_grad: 0]
[num_grad_quant_bins: 4]
[quant_train_renew_leaf: 0]
[stochastic_rounding: 1]
[linear_tree: 0]
[max_bin: 255]
[max_bin_by_feature: ]
[min_data_in_bin: 3]
[bin_construct_sample_cnt: 200000]
[data_random_seed: 175]
[is_enable_sparse: 1]
[enable_bundle: 1]
[use_missing: 1]
[zero_as_missing: 0]
[feature_pre_filter: 1]
[pre_partition: 0]
[two_round: 0]
[header: 0]
[label_column: ]
[weight_column: ]
[group_column: ]
[ignore_column: ]
[categorical_feature: ]
[forcedbins_filename: ]
[precise_float_parser: 0]
[parser_config_file: ]
[objective_seed: 16083]
[num_class: 1]
[is_unbalance: 0]
[scale_pos_weight: 1]
[sigmoid: 1]
[boost_from_average: 1]
[reg_sqrt: 0]
[alpha: 0.9]
[fair_c: 1]
[poisson_max_delta_step: 0.7]
[tweedie_variance_power: 1.5]
[lambdarank_truncation_level: 30]
[lambdarank_norm: 1]
[label_gain: ]
[lambdarank_position_bias_regularization: 0]
[eval_at: ]
[multi_error_top_k: 1]
[auc_mu_weights: ]
[num_machines: 1]
[local_listen_port: 12400]
[time_out: 120]
[machine_list_filename: ]
[machines: ]
[gpu_platform_id: -1]
[gpu_device_id: -1]
[gpu_use_dp: 0]
[num_gpu: 1]

end of parameters

pandas_categorical:[]
