tree
version=v4
num_class=1
num_tree_per_iteration=1
label_index=0
max_feature_idx=26
objective=binary sigmoid:1
feature_names=sex=female_lt=_0.5 age_lt=_19.5 age_lt=_20.5 age_lt=_21.5 age_lt=_22.5 age_lt=_24.5 age_lt=_27.5 age_lt=_29.5 age_lt=_33.5 age_lt=_34.5 age_lt=_36.5 age_lt=_38.5 age_lt=_52.5 age_lt=_55.5 juvenile_crimes_lt=_0.5 priors_count_lt=_0.5 priors_count_lt=_1.5 priors_count_lt=_2.5 priors_count_lt=_3.5 priors_count_lt=_4.5 priors_count_lt=_5.5 priors_count_lt=_6.5 priors_count_lt=_7.5 priors_count_lt=_8.5 priors_count_lt=_9.5 priors_count_lt=_15.5 current_charge_degree=felony_lt=_0.5
feature_infos=[0:1] [0:1] [0:1] [0:1] [0:1] [0:1] [0:1] [0:1] [0:1] [0:1] [0:1] [0:1] [0:1] [0:1] [0:1] [0:1] [0:1] [0:1] [0:1] [0:1] [0:1] [0:1] [0:1] [0:1] [0:1] [0:1] [0:1]
tree_sizes=1006 1009 1009 1012 1013 1014 1012 1016 1015 1010 1018 1009 1013 1016 1013 1017 1020 1012 1019 1014 1023 909 1020 909 1023

Tree=0
num_leaves=8
num_cat=0
split_feature=17 4 8 24 9 23 2
split_gain=430.197 176.286 78.6477 49.968 48.2401 23.0175 20.356
threshold=1.0000000180025095e-35 1.0000000180025095e-35 1.0000000180025095e-35 1.0000000180025095e-35 1.0000000180025095e-35 1.0000000180025095e-35 1.0000000180025095e-35
decision_type=2 2 2 2 2 2 2
left_child=2 4 3 -1 -2 -4 -3
right_child=1 6 5 -5 -6 -7 -8
leaf_value=-0.056651482177228721 -0.24287554587940308 -0.11699894657545376 0.0053399350557609693 -0.15013004169787822 -0.189800613120716 -0.060881986475499236 -0.032680512316298344
leaf_weight=84.032397717237473 325.93631185591221 103.42448949813843 73.839118704199791 174.5288260281086 365.46634510159492 207.09759555757046 39.281416684389114
leaf_count=338 1311 416 297 702 1470 833 158
internal_value=-0.149054 -0.194043 -0.0795414 -0.119511 -0.21492 -0.0429909 -0.093141
internal_weight=1373.61 834.109 539.498 258.561 691.403 280.937 142.706
internal_count=5525 3355 2170 1040 2781 1130 574
is_linear=0
shrinkage=1


Tree=1
num_leaves=8
num_cat=0
split_feature=17 4 10 22 11 22 0
split_gain=348.806 143.899 63.3649 43.1467 41.2202 18.7752 17.2338
threshold=1.0000000180025095e-35 1.0000000180025095e-35 1.0000000180025095e-35 1.0000000180025095e-35 1.0000000180025095e-35 1.0000000180025095e-35 1.0000000180025095e-35
decision_type=2 2 2 2 2 2 2
left_child=2 4 3 -1 -2 -4 -3
right_child=1 6 5 -5 -6 -7 -8
leaf_value=0.06762397831016953 -0.091430054602827826 -0.022382882559055801 0.1231134367356662 -0.02316149364319094 -0.040646864408009679 0.071938860118062095 0.066578887706021772
leaf_weight=96.78628134727478 256.20312213897705 26.184764727950096 111.69443035125732 111.86846047639847 430.97066569328308 220.90447716414928 116.94959317147732
leaf_count=388 1040 105 447 450 1741 885 469
internal_value=4.64806e-06 -0.0406947 0.0623993 0.0190718 -0.059686 0.089442 0.050262
internal_weight=1371.56 830.308 541.254 208.655 687.174 332.599 143.134
internal_count=5525 3355 2170 838 2781 1332 574
is_linear=0
shrinkage=0.1


Tree=2
num_leaves=8
num_cat=0
split_feature=17 4 8 15 24 2 23
split_gain=283.682 117.525 53.5364 36.796 34.245 16.6391 16.1673
threshold=1.0000000180025095e-35 1.0000000180025095e-35 1.0000000180025095e-35 1.0000000180025095e-35 1.0000000180025095e-35 1.0000000180025095e-35 1.0000000180025095e-35
decision_type=2 2 2 2 2 2 2
left_child=2 3 4 -2 -1 -3 -4
right_child=1 5 6 -5 -6 -7 -8
leaf_value=0.07510393317731491 -0.030824687789669361 0.023731945012943876 0.12672758908977025 -0.077398772518514486 -0.0021365333661518614 0.099667667038313618 0.071370952457729495
leaf_weight=84.480551093816757 341.2009551525116 103.85612347722054 73.944555267691612 340.73809589445591 174.56492239236832 39.485008627176285 208.22770355641842
leaf_count=338 1391 416 297 1390 702 158 833
internal_value=2.10558e-07 -0.036882 0.0562046 -0.0541752 0.0232453 0.0451949 0.0862737
internal_weight=1366.5 825.28 541.218 681.939 259.045 143.341 282.172
internal_count=5525 3355 2170 2781 1040 574 1130
is_linear=0
shrinkage=0.1


Tree=3
num_leaves=8
num_cat=0
split_feature=16 4 8 20 22 12 0
split_gain=233.376 87.6194 68.9639 53.6507 19.4477 17.3675 10.5551
threshold=1.0000000180025095e-35 1.0000000180025095e-35 1.0000000180025095e-35 1.0000000180025095e-35 1.0000000180025095e-35 1.0000000180025095e-35 1.0000000180025095e-35
decision_type=2 2 2 2 2 2 2
left_child=2 5 3 -1 -4 -2 -3
right_child=1 6 4 -5 -6 -7 -8
leaf_value=0.049445215543241591 -0.10433058427514195 -0.027163005502506461 0.11034141472457276 -0.032487780940008266 0.056564569342408999 -0.052146558915647505 0.046936542288928962
leaf_weight=151.26821880042553 74.553859457373619 22.943848252296448 89.978621944785118 167.23338755965233 283.376573741436 468.14772099256516 101.86338342726231
leaf_count=607 310 92 365 679 1140 1924 408
internal_value=1.35264e-05 -0.0421376 0.0406834 0.0064582 0.0697849 -0.0594941 0.0332069
internal_weight=1359.37 667.509 691.857 318.502 373.355 542.702 124.807
internal_count=5525 2734 2791 1286 1505 2234 500
is_linear=0
shrinkage=0.1


Tree=4
num_leaves=8
num_cat=0
split_feature=17 5 10 24 15 11 22
split_gain=192.735 87.9612 37.2101 26.3879 22.5356 20.6415 10.7315
threshold=1.0000000180025095e-35 1.0000000180025095e-35 1.0000000180025095e-35 1.0000000180025095e-35 1.0000000180025095e-35 1.0000000180025095e-35 1.0000000180025095e-35
decision_type=2 2 2 2 2 2 2
left_child=2 5 3 -1 -3 -2 -4
right_child=1 4 6 -5 -6 -7 -8
leaf_value=0.06365223829551199 -0.073374625978275085 0.053672962210580877 0.093182447527424356 -0.011708783859667948 -0.0084445175794317356 -0.035074605247886255 0.054159843552933934
leaf_weight=68.435295671224594 246.95512793958187 110.72895570099354 108.93042312562466 139.72377161681652 121.88140581548214 334.15460956096649 220.25238454341888
leaf_count=275 1040 447 447 563 494 1374 885
internal_value=6.44024e-06 -0.030673 0.0464363 0.0132531 0.0212283 -0.0514491 0.067316
internal_weight=1351.06 813.72 537.342 208.159 232.61 581.11 329.183
internal_count=5525 3355 2170 838 941 2414 1332
is_linear=0
shrinkage=0.1


Tree=5
num_leaves=8
num_cat=0
split_feature=16 4 8 19 23 12 2
split_gain=161.319 63.2035 48.8129 37.625 14.5181 13.5114 10.2318
threshold=1.0000000180025095e-35 1.0000000180025095e-35 1.0000000180025095e-35 1.0000000180025095e-35 1.0000000180025095e-35 1.0000000180025095e-35 1.0000000180025095e-35
decision_type=2 2 2 2 2 2 2
left_child=2 5 3 -1 -4 -2 -3
right_child=1 6 4 -5 -6 -7 -8
leaf_value=0.03505763441834904 -0.090831379092321307 0.010401923762107955 0.099368751812467848 -0.034329046199764422 0.048627112181938333 -0.043952476945601483 0.07381591148424306
leaf_weight=179.59773387014866 71.481516882777214 89.878914177417755 70.477257236838341 136.77865062654018 298.76725196838379 460.11102668941021 34.725816905498505
leaf_count=724 310 360 297 562 1208 1924 140
internal_value=9.54907e-06 -0.0354051 0.0339065 0.00504612 0.0585543 -0.0504148 0.0285216
internal_weight=1341.82 656.197 685.621 316.376 369.245 531.593 124.605
internal_count=5525 2734 2791 1286 1505 2234 500
is_linear=0
shrinkage=0.1


Tree=6
num_leaves=8
num_cat=0
split_feature=16 4 8 20 23 12 2
split_gain=131.953 52.0398 40.0481 31.259 12.7432 11.7605 8.44734
threshold=1.0000000180025095e-35 1.0000000180025095e-35 1.0000000180025095e-35 1.0000000180025095e-35 1.0000000180025095e-35 1.0000000180025095e-35 1.0000000180025095e-35
decision_type=2 2 2 2 2 2 2
left_child=2 5 3 -1 -4 -2 -3
right_child=1 6 4 -5 -6 -7 -8
leaf_value=0.03741936854592668 -0.084217999013535882 0.0093737568643293117 0.091900165667514536 -0.025411170650105053 0.043911454983829923 -0.039962106075236897 0.067137933632085811
leaf_weight=150.31496396660805 69.565220922231674 89.873603135347366 68.75614607334137 165.13058257102966 297.91800299286842 455.78374625742435 34.47434501349926
leaf_count=607 310 360 297 679 1208 1924 140
internal_value=1.0251e-05 -0.0322168 0.0307077 0.00455225 0.0531354 -0.0459712 0.0257962
internal_weight=1331.82 649.697 682.12 315.446 366.674 525.349 124.348
internal_count=5525 2734 2791 1286 1505 2234 500
is_linear=0
shrinkage=0.1


Tree=7
num_leaves=8
num_cat=0
split_feature=17 7 7 22 2 15 26
split_gain=109.704 55.3613 22.8836 23.1206 21.4873 6.88274 4.92148
threshold=1.0000000180025095e-35 1.0000000180025095e-35 1.0000000180025095e-35 1.0000000180025095e-35 1.0000000180025095e-35 1.0000000180025095e-35 1.0000000180025095e-35
decision_type=2 2 2 2 2 2 2
left_child=2 5 3 -1 -3 -2 -4
right_child=1 4 6 -5 -6 -7 -8
leaf_value=0.049300160728745331 -0.035560507441986279 -0.0042982483708374694 0.073972943501772581 -0.0026168949782338878 0.073468670516207854 -0.061969040967700444 0.035035482369004688
leaf_weight=152.11702808737755 198.96237462759018 348.81534695625305 133.68595671653748 194.83140090107918 38.549102514982224 207.8229935914278 46.583181351423264
leaf_count=630 851 1435 557 790 158 911 193
internal_value=1.29638e-05 -0.0234538 0.0353385 0.020222 0.00361008 -0.0491713 0.0641599
internal_weight=1321.37 794.15 527.218 346.948 387.364 406.785 180.269
internal_count=5525 3355 2170 1420 1593 1762 750
is_linear=0
shrinkage=0.1


Tree=8
num_leaves=8
num_cat=0
split_feature=16 4 10 24 5 15 0
split_gain=91.4454 36.7829 31.1633 21.7576 14.4896 9.90632 8.62208
threshold=1.0000000180025095e-35 1.0000000180025095e-35 1.0000000180025095e-35 1.0000000180025095e-35 1.0000000180025095e-35 1.0000000180025095e-35 1.0000000180025095e-35
decision_type=2 2 2 2 2 2 2
left_child=2 5 3 -1 -4 -2 -3
right_child=1 6 4 -5 -6 -7 -8
leaf_value=0.046496602469061454 -0.021087446282893656 -0.032736467811896708 0.032392285030595214 -0.019510731706082446 0.077463365920503124 -0.049807864787501793 0.034266792381144349
leaf_weight=67.00947992503643 196.66021986305714 22.830223873257637 328.62080027163029 186.94068732857704 91.465924993157387 317.21449793875217 100.78937414288521
leaf_count=275 844 92 1371 769 376 1390 408
internal_value=1.93414e-05 -0.0271104 0.0256804 -0.00197941 0.0423663 -0.0388788 0.0217292
internal_weight=1311.53 637.494 674.037 253.95 420.087 513.875 123.62
internal_count=5525 2734 2791 1044 1747 2234 500
is_linear=0
shrinkage=0.1


Tree=9
num_leaves=8
num_cat=0
split_feature=18 5 15 13 8 25 25
split_gain=78.66 47.8445 18.8067 14.3439 13.5349 8.12123 5.49535
threshold=1.0000000180025095e-35 1.0000000180025095e-35 1.0000000180025095e-35 1.0000000180025095e-35 1.0000000180025095e-35 1.0000000180025095e-35 1.0000000180025095e-35
decision_type=2 2 2 2 2 2 2
left_child=4 3 -3 -2 5 -1 -6
right_child=1 2 -4 -5 6 -7 -8
leaf_value=0.058786549171370911 -0.077884937016854616 0.045782016252449188 -0.0086971032402105488 -0.026454652662891816 0.11590352396722624 0.008592049737841851 0.049526772726594365
leaf_weight=38.83002869784832 59.301858767867088 132.80091209709644 119.85627695918083 576.43451927602291 13.11066150665283 171.62454001605511 190.04695409536362
leaf_count=161 274 544 494 2483 60 697 812
internal_value=1.85901e-05 -0.0167506 0.0200056 -0.0313669 0.0359905 0.0180874 0.0543571
internal_weight=1302.01 888.394 252.657 635.736 413.612 210.455 203.158
internal_count=5525 3795 1038 2757 1730 858 872
is_linear=0
shrinkage=0.1


Tree=10
num_leaves=8
num_cat=0
split_feature=17 7 2 10 24 25 12
split_gain=64.8411 35.6222 15.6383 15.0317 10.7662 7.4322 5.83153
threshold=1.0000000180025095e-35 1.0000000180025095e-35 1.0000000180025095e-35 1.0000000180025095e-35 1.0000000180025095e-35 1.0000000180025095e-35 1.0000000180025095e-35
decision_type=2 2 2 2 2 2 2
left_child=3 6 -3 4 -1 -5 -2
right_child=1 2 -4 5 -6 -7 -8
leaf_value=0.039268799517593711 -0.064266333249791585 -0.0032912645723669788 0.063735218298961019 0.10092240112709974 -0.0094807787546435842 0.037052899118940184 -0.033200700494701411
leaf_weight=66.056031346321106 76.085344314575195 345.88315267860889 37.695267334580421 18.895602568984032 138.80755554139614 293.03024142980576 316.54210947453976
leaf_count=275 365 1435 158 87 563 1245 1397
internal_value=2.95707e-05 -0.0182346 0.00344421 0.0274442 0.00635239 0.0412321 -0.0393687
internal_weight=1293 776.206 383.578 516.789 204.864 311.926 392.627
internal_count=5525 3355 1593 2170 838 1332 1762
is_linear=0
shrinkage=0.1


Tree=11
num_leaves=8
num_cat=0
split_feature=16 4 6 20 15 0 2
split_gain=55.4889 22.7883 22.4846 26.7729 8.03249 6.93731 6.33232
threshold=1.0000000180025095e-35 1.0000000180025095e-35 1.0000000180025095e-35 1.0000000180025095e-35 1.0000000180025095e-35 1.0000000180025095e-35 1.0000000180025095e-35
decision_type=2 2 2 2 2 2 2
left_child=2 4 3 -1 -2 -3 -4
right_child=1 5 6 -5 -6 -7 -8
leaf_value=0.033896968005978023 -0.014763949429973956 -0.031760263953083512 0.044893842350469559 -0.013618456381449526 -0.040918737606667005 0.028436892365568203 0.13008885572691339
leaf_weight=221.35163795948029 192.62788367271423 22.746669217944145 178.4233423769474 253.2484562844038 306.49436436593533 99.949263244867325 8.5413674712181074
leaf_count=943 844 92 757 1054 1390 408 37
internal_value=3.6043e-05 -0.0213939 0.0201804 0.00856723 -0.0308744 0.0171104 0.0494573
internal_weight=1283.38 621.818 661.565 474.6 499.122 122.696 186.965
internal_count=5525 2734 2791 1997 2234 500 794
is_linear=0
shrinkage=0.1


Tree=12
num_leaves=8
num_cat=0
split_feature=18 7 0 8 13 25 23
split_gain=45.5891 29.952 14.5146 9.51046 8.10916 5.40039 5.2776
threshold=1.0000000180025095e-35 1.0000000180025095e-35 1.0000000180025095e-35 1.0000000180025095e-35 1.0000000180025095e-35 1.0000000180025095e-35 1.0000000180025095e-35
decision_type=2 2 2 2 2 2 2
left_child=3 4 -3 5 -2 -1 -5
right_child=1 2 -4 6 -6 -7 -8
leaf_value=0.046564101397127758 -0.066480706505193637 -0.030047145785020421 0.015516913010633541 0.06786949910298673 -0.025728846315031098 0.0051129608323443954 0.032060040846292374
leaf_weight=37.613611027598381 55.563885882496834 87.109533607959747 337.96153883635998 61.130095392465591 389.3640905469656 170.73119877278805 134.78866301476955
leaf_count=161 274 365 1416 297 1740 697 575
internal_value=4.26292e-05 -0.0128494 0.00613089 0.0277503 -0.0309557 0.012783 0.0435211
internal_weight=1274.26 869.999 425.071 404.264 444.928 208.345 195.919
internal_count=5525 3795 1781 1730 2014 858 872
is_linear=0
shrinkage=0.1


Tree=13
num_leaves=8
num_cat=0
split_feature=15 11 22 2 4 13 14
split_gain=40.4574 19.9784 15.8533 11.425 10.6171 5.44928 2.25952
threshold=1.0000000180025095e-35 1.0000000180025095e-35 1.0000000180025095e-35 1.0000000180025095e-35 1.0000000180025095e-35 1.0000000180025095e-35 1.0000000180025095e-35
decision_type=2 2 2 2 2 2 2
left_child=1 2 -1 -3 5 -2 -6
right_child=4 3 -4 -5 6 -7 -8
leaf_value=0.027059536709380778 -0.080386350871800613 0.019239997629408735 -0.02530834582011933 0.094303638224693356 0.044186113227929369 -0.031593647758863544 -0.0018456260658308164
leaf_weight=80.083403170108795 24.597572326660156 587.72991251945496 200.85769926011562 20.09088471531868 11.707120925188063 275.30024634301662 65.870627522468567
leaf_count=335 133 2515 880 89 48 1257 268
internal_value=4.14572e-05 0.0116902 -0.0103376 0.021872 -0.0273438 -0.0358495 0.00557486
internal_weight=1266.24 888.762 280.941 607.821 377.476 299.898 77.5777
internal_count=5525 3819 1215 2604 1706 1390 316
is_linear=0
shrinkage=0.1


Tree=14
num_leaves=8
num_cat=0
split_feature=16 5 20 3 0 2 14
split_gain=34.8378 16.6025 17.8154 14.8379 7.91004 3.40665 3.04384
threshold=1.0000000180025095e-35 1.0000000180025095e-35 1.0000000180025095e-35 1.0000000180025095e-35 1.0000000180025095e-35 1.0000000180025095e-35 1.0000000180025095e-35
decision_type=2 2 2 2 2 2 2
left_child=1 2 -1 4 -2 -3 -5
right_child=3 5 -4 6 -6 -7 -8
leaf_value=0.029463624030498611 -0.045119832865687728 0.049068683849104892 -0.006228718792535972 0.056390835344065741 -0.016343259289731567 0.11728605506346393 0.011352976798795288
leaf_weight=252.50148311257362 125.23769000172615 79.106688529253006 311.28434246778488 19.260087341070175 402.80700840055943 7.8864469230175009 60.800965189933777
leaf_count=1110 573 339 1305 82 1829 37 250
internal_value=3.62646e-05 0.016105 0.00978059 -0.0171583 -0.0232407 0.0565156 0.0227496
internal_weight=1258.88 650.779 563.786 608.106 528.045 86.9931 80.0611
internal_count=5525 2791 2415 2734 2402 376 332
is_linear=0
shrinkage=0.1


Tree=15
num_leaves=8
num_cat=0
split_feature=15 11 22 25 4 13 0
split_gain=28.8402 15.7022 11.1071 9.59049 7.69658 5.03455 1.8435
threshold=1.0000000180025095e-35 1.0000000180025095e-35 1.0000000180025095e-35 1.0000000180025095e-35 1.0000000180025095e-35 1.0000000180025095e-35 1.0000000180025095e-35
decision_type=2 2 2 2 2 2 2
left_child=1 2 -1 -3 5 -2 -6
right_child=4 3 -4 -5 6 -7 -8
leaf_value=0.021747822502481112 -0.07460046096787927 0.084213258789520851 -0.022327772714068446 0.016485056840536336 -0.023042520819600676 -0.026648210810762553 0.013028938809910141
leaf_weight=79.187480852007866 23.304485321044922 20.769236519932747 198.81540678441525 582.02803154289722 17.492133885622025 269.88931454718113 59.89904373884201
leaf_count=335 133 103 880 2501 71 1257 245
internal_value=4.98903e-05 0.00989678 -0.00974015 0.0189542 -0.0233177 -0.0307003 0.00468604
internal_weight=1251.39 880.8 278.003 602.797 370.585 293.194 77.3912
internal_count=5525 3819 1215 2604 1706 1390 316
is_linear=0
shrinkage=0.1


Tree=16
num_leaves=8
num_cat=0
split_feature=18 5 0 12 13 25 26
split_gain=24.6625 17.1923 10.1054 7.99156 7.04201 6.95524 0.309671
threshold=1.0000000180025095e-35 1.0000000180025095e-35 1.0000000180025095e-35 1.0000000180025095e-35 1.0000000180025095e-35 1.0000000180025095e-35 1.0000000180025095e-35
decision_type=2 2 2 2 2 2 2
left_child=3 4 -3 6 -2 -5 -1
right_child=1 2 -4 5 -6 -7 -8
leaf_value=-0.012315313105397255 -0.053867006927103445 -0.028005475472374905 0.022644637015892671 0.066156233345800994 -0.015280079503036812 0.020878077122031817 -0.031384007995316814
leaf_weight=36.07502144575119 50.990437641739845 48.187409639358521 198.35336849093437 37.505987167358398 552.68458715081215 309.18415147066116 11.483498737215994
leaf_count=151 274 202 836 180 2483 1351 48
internal_value=4.09013e-05 -0.00954417 0.0126717 0.0206834 -0.0186231 0.0259526 -0.0174711
internal_weight=1244.46 850.216 246.541 394.249 603.675 346.69 47.5585
internal_count=5525 3795 1038 1730 2757 1531 199
is_linear=0
shrinkage=0.1


Tree=17
num_leaves=8
num_cat=0
split_feature=14 16 5 2 0 19 7
split_gain=21.8679 15.9392 9.24253 6.94866 2.50617 3.8191 2.78038
threshold=1.0000000180025095e-35 1.0000000180025095e-35 1.0000000180025095e-35 1.0000000180025095e-35 1.0000000180025095e-35 1.0000000180025095e-35 1.0000000180025095e-35
decision_type=2 2 2 2 2 2 2
left_child=4 2 -2 -3 5 -1 -6
right_child=1 3 -4 -5 6 -7 -8
leaf_value=0.051069349162167002 0.0032381029853846195 -0.019174267315788224 0.049754702924265953 0.037222710145412889 0.016926619351784002 -0.039721827365484366 0.047147064296713885
leaf_weight=6.9045297950506219 470.25027053058147 535.24862878024578 46.003205612301826 21.872115537524223 45.424245327711105 10.198249697685242 102.16193151473999
leaf_count=31 2020 2472 200 94 207 43 458
internal_value=3.40798e-05 -0.0051809 0.00747136 -0.0168974 0.0338493 -0.00227234 0.0380223
internal_weight=1238.06 1073.37 516.253 557.121 164.689 17.1028 147.586
internal_count=5525 4786 2220 2566 739 74 665
is_linear=0
shrinkage=0.1


Tree=18
num_leaves=8
num_cat=0
split_feature=15 7 22 2 12 3 13
split_gain=18.9323 11.8326 9.26528 6.63442 5.72808 3.86678 0.224022
threshold=1.0000000180025095e-35 1.0000000180025095e-35 1.0000000180025095e-35 1.0000000180025095e-35 1.0000000180025095e-35 1.0000000180025095e-35 1.0000000180025095e-35
decision_type=2 2 2 2 2 2 2
left_child=1 2 -1 -3 6 -6 -2
right_child=4 3 -4 -5 5 -7 -8
leaf_value=0.020266296658294422 -0.066154154857840777 0.018754606790038042 -0.0097723778091468507 0.079086245303372341 -0.01969481812012364 0.01005952056564173 -0.039705966841617153
leaf_weight=140.03180496394634 21.41706271469593 335.01812301576138 376.66181370615959 18.422139391303062 278.42515230178833 51.127742111682892 11.313131600618361
leaf_count=630 133 1459 1641 89 1299 212 62
internal_value=4.43615e-05 0.00804176 -0.00160802 0.0221135 -0.0191331 -0.0150622 -0.0584606
internal_weight=1232.42 870.134 516.694 353.44 362.283 329.553 32.7302
internal_count=5525 3819 2271 1548 1706 1511 195
is_linear=0
shrinkage=0.1


Tree=19
num_leaves=8
num_cat=0
split_feature=14 17 13 11 24 5 26
split_gain=15.9941 12.1491 7.43269 6.53669 2.13659 4.57582 1.34719
threshold=1.0000000180025095e-35 1.0000000180025095e-35 1.0000000180025095e-35 1.0000000180025095e-35 1.0000000180025095e-35 1.0000000180025095e-35 1.0000000180025095e-35
decision_type=2 2 2 2 2 2 2
left_child=4 2 -2 -3 6 -6 -1
right_child=1 3 -4 -5 5 -7 -8
leaf_value=0.060189975319476618 -0.031923273764744291 -0.027553137299032734 0.01415697891645834 -0.0060785963723596521 0.0011274912727721029 0.039581474386095022 0.01339688370409841
leaf_weight=28.837765172123909 37.909338504076004 202.04249776899815 352.0906867235899 472.28561162948608 55.526856601238251 69.070394143462181 8.6088473349809629
leaf_count=148 160 1038 1529 2059 242 307 42
internal_value=3.83746e-05 -0.00442567 0.00960763 -0.0125441 0.0292062 0.0225898 0.0500607
internal_weight=1226.37 1064.33 390 674.328 162.044 124.597 37.4466
internal_count=5525 4786 1689 3097 739 549 190
is_linear=0
shrinkage=0.1


Tree=20
num_leaves=8
num_cat=0
split_feature=15 6 20 2 12 3 13
split_gain=13.7981 9.17002 9.77157 5.10032 4.68681 2.93303 0.240812
threshold=1.0000000180025095e-35 1.0000000180025095e-35 1.0000000180025095e-35 1.0000000180025095e-35 1.0000000180025095e-35 1.0000000180025095e-35 1.0000000180025095e-35
decision_type=2 2 2 2 2 2 2
left_child=1 2 -1 -3 6 -6 -2
right_child=4 3 -4 -5 5 -7 -8
leaf_value=0.017007958006636337 -0.060678704940567554 0.018102859665395162 -0.0098762230647588545 0.07251972365772659 -0.016898262065499558 0.0090562497539909779 -0.03475673064582252
leaf_weight=209.87355060875416 20.224645420908928 260.34805692732334 375.73758275806904 17.622458949685097 275.19632232189178 51.031765252351761 10.915628463029863
leaf_count=943 133 1137 1650 89 1299 212 62
internal_value=4.04021e-05 0.00687896 -0.000228799 0.0218003 -0.0164581 -0.0128229 -0.0529564
internal_weight=1220.95 863.582 585.611 277.971 357.368 326.228 31.1403
internal_count=5525 3819 2593 1226 1706 1511 195
is_linear=0
shrinkage=0.1


Tree=21
num_leaves=7
num_cat=0
split_feature=18 1 11 8 25 12
split_gain=11.821 9.7723 6.33756 5.29663 4.00358 2.47085
threshold=1.0000000180025095e-35 1.0000000180025095e-35 1.0000000180025095e-35 1.0000000180025095e-35 1.0000000180025095e-35 1.0000000180025095e-35
decision_type=2 2 2 2 2 2
left_child=3 2 -2 5 -5 -1
right_child=1 -3 -4 4 -6 -7
leaf_value=-0.016423303570994901 -0.021764550800834725 0.11038561238328931 -0.0022210240035012668 0.086329481666379909 0.022958579956617282 0.0094290097942290405
leaf_weight=47.405218988656998 229.33857846260071 6.0735944211482993 594.33692774176598 9.7776641249656659 172.52097237110138 155.79101772606373
leaf_count=199 1173 30 2592 60 812 659
internal_value=3.53428e-05 -0.00668632 -0.00768238 0.0144831 0.0268099 0.00334683
internal_weight=1215.24 829.749 823.676 385.495 182.299 203.196
internal_count=5525 3795 3765 1730 872 858
is_linear=0
shrinkage=0.1


Tree=22
num_leaves=8
num_cat=0
split_feature=14 15 11 12 0 19 7
split_gain=10.5387 7.37701 4.43986 3.5266 1.94503 3.09333 2.06332
threshold=1.0000000180025095e-35 1.0000000180025095e-35 1.0000000180025095e-35 1.0000000180025095e-35 1.0000000180025095e-35 1.0000000180025095e-35 1.0000000180025095e-35
decision_type=2 2 2 2 2 2 2
left_child=4 2 -2 -3 5 -1 -6
right_child=1 3 -4 -5 6 -7 -8
leaf_value=0.041728404519795627 -0.008294775842127209 -0.048064829762234196 0.0081107650988057993 -0.012444681669192487 0.0095155774941129301 -0.041134050698412243 0.035829558787508646
leaf_weight=6.6067352890968332 257.10723961889744 29.767404362559319 456.26172935962677 308.91924454271793 43.976654097437859 10.100492998957634 97.792005717754364
leaf_count=31 1157 195 1986 1448 207 43 458
internal_value=5.00077e-05 -0.00357804 0.00219467 -0.0157076 0.0240065 -0.00786071 0.0277908
internal_weight=1210.53 1052.06 713.369 338.687 158.476 16.7072 141.769
internal_count=5525 4786 3143 1643 739 74 665
is_linear=0
shrinkage=0.1


Tree=23
num_leaves=7
num_cat=0
split_feature=21 1 13 12 25 26
split_gain=9.22673 8.66858 6.39253 4.3951 3.53252 0.240984
threshold=1.0000000180025095e-35 1.0000000180025095e-35 1.0000000180025095e-35 1.0000000180025095e-35 1.0000000180025095e-35 1.0000000180025095e-35
decision_type=2 2 2 2 2 2
left_child=3 2 -2 5 -5 -1
right_child=1 -3 -4 4 -6 -7
leaf_value=-0.0090529342822153313 -0.037646620215099368 0.10607759161260602 -0.0028215169616487481 0.053389736186988418 0.017957536925775033 -0.029279652621873216
leaf_weight=25.609471753239632 54.883416503667831 6.1040822565555564 932.9288425296545 34.61880187690258 145.03198489546776 7.3859921842813483
leaf_count=108 313 32 4179 180 682 31
internal_value=4.32993e-05 -0.0040057 -0.00479254 0.0188986 0.0250431 -0.0143088
internal_weight=1206.56 993.916 987.812 212.646 179.651 32.9955
internal_count=5525 4524 4492 1001 862 139
is_linear=0
shrinkage=0.1


Tree=24
num_leaves=8
num_cat=0
split_feature=15 5 20 0 12 0 13
split_gain=7.95853 6.23509 6.61251 4.03977 2.96217 2.46911 0.223915
threshold=1.0000000180025095e-35 1.0000000180025095e-35 1.0000000180025095e-35 1.0000000180025095e-35 1.0000000180025095e-35 1.0000000180025095e-35 1.0000000180025095e-35
decision_type=2 2 2 2 2 2 2
left_child=1 2 -1 -3 6 -6 -2
right_child=4 3 -4 -5 5 -7 -8
leaf_value=0.01478332446623918 -0.050474201115922324 -0.014115186821010048 -0.0056621531626820289 0.030676909117558073 -0.024959931221860847 -0.0047385500315660018 -0.026635596724245349
leaf_weight=238.77926993370056 18.128964006900787 23.28913152217865 463.91068613529205 126.90855744481087 79.738660246133804 242.24383671581745 10.275856345891954
leaf_count=1110 133 100 2038 571 381 1130 62
internal_value=4.95069e-05 0.00526221 0.00129651 0.0236842 -0.0126177 -0.00980813 -0.0430493
internal_weight=1203.27 852.888 702.69 150.198 350.387 321.982 28.4048
internal_count=5525 3819 3148 671 1706 1511 195
is_linear=0
shrinkage=0.1


end of trees

feature_importances:
sex=female_lt=_0.5=12
age_lt=_20.5=12
priors_count_lt=_0.5=12
age_lt=_52.5=11
age_lt=_22.5=10
age_lt=_55.5=10
age_lt=_24.5=8
age_lt=_33.5=8
priors_count_lt=_7.5=8
priors_count_lt=_15.5=8
age_lt=_29.5=7
age_lt=_38.5=7
priors_count_lt=_1.5=7
priors_count_lt=_2.5=7
priors_count_lt=_5.5=6
priors_count_lt=_9.5=6
juvenile_crimes_lt=_0.5=5
priors_count_lt=_8.5=5
age_lt=_36.5=4
priors_count_lt=_3.5=4
current_charge_degree=felony_lt=_0.5=4
age_lt=_21.5=3
priors_count_lt=_4.5=3
age_lt=_19.5=2
age_lt=_27.5=2
age_lt=_34.5=1
priors_count_lt=_6.5=1

parameters:
[boosting: gbdt]
[objective: binary]
[metric: binary_logloss]
[tree_learner: serial]
[device_type: cpu]
[data_sample_strategy: bagging]
[data: ]
[valid: ]
[num_iterations: 25]
[learning_rate: 0.1]
[num_leaves: 31]
[num_threads: 8]
[seed: 42]
[deterministic: 0]
[force_col_wise: 0]
[force_row_wise: 0]
[histogram_pool_size: -1]
[max_depth: 3]
[min_data_in_leaf: 20]
[min_sum_hessian_in_leaf: 0.001]
[bagging_fraction: 1]
[pos_bagging_fraction: 1]
[neg_bagging_fraction: 1]
[bagging_freq: 0]
[bagging_seed: 400]
[bagging_by_query: 0]
[feature_fraction: 1]
[feature_fraction_bynode: 1]
[feature_fraction_seed: 30056]
[extra_trees: 0]
[extra_seed: 12879]
[early_stopping_round: 0]
[early_stopping_min_delta: 0]
[first_metric_only: 0]
[max_delta_step: 0]
[lambda_l1: 0]
[lambda_l2: 1]
[linear_lambda: 0]
[min_gain_to_split: 0]
[drop_rate: 0.1]
[max_drop: 50]
[skip_drop: 0.5]
[xgboost_dart_mode: 0]
[uniform_drop: 0]
[drop_seed: 17869]
[top_rate: 0.2]
[other_rate: 0.1]
[min_data_per_group: 100]
[max_cat_threshold: 32]
[cat_l2: 10]
[cat_smooth: 10]
[max_cat_to_onehot: 4]
[top_k: 20]
[monotone_constraints: ]
[monotone_constraints_method: basic]
[monotone_penalty: 0]
[feature_contri: ]
[forcedsplits_filename: ]
[refit_decay_rate: 0.9]
[cegb_tradeoff: 1]
[cegb_penalty_split: 0]
[cegb_penalty_feature_lazy: ]
[cegb_penalty_feature_coupled: ]
[path_smooth: 0]
[interaction_constraints: ]
[verbosity: -1]
[saved_feature_importance_type: 0]
[use_quantized_grad: 0]
[num_grad_quant_bins: 4]
[quant_train_renew_leaf: 0]
[stochastic_rounding: 1]
[linear_tree: 0]
[max_bin: 255]
[max_bin_by_feature: ]
[min_data_in_bin: 3]
[bin_construct_sample_cnt: 200000]
[data_random_seed: 175]
[is_enable_sparse: 1]
[enable_bundle: 1]
[use_missing: 1]
[zero_as_missing: 0]
[feature_pre_filter: 1]
[pre_partition: 0]
[two_round: 0]
[header: 0]
[label_column: ]
[weight_column: ]
[group_column: ]
[ignore_column: ]
[categorical_feature: ]
[forcedbins_filename: ]
[precise_float_parser: 0]
[parser_config_file: ]
[objective_seed: 16083]
[num_class: 1]
[is_unbalance: 0]
[scale_pos_weight: 1]
[sigmoid: 1]
[boost_from_average: 1]
[reg_sqrt: 0]
[alpha: 0.9]
[fair_c: 1]
[poisson_max_delta_step: 0.7]
[tweedie_variance_power: 1.5]
[lambdarank_truncation_level: 30]
[lambdarank_norm: 1]
[label_gain: ]
[lambdarank_position_bias_regularization: 0]
[eval_at: ]
[multi_error_top_k: 1]
[auc_mu_weights: ]
[num_machines: 1]
[local_listen_port: 12400]
[time_out: 120]
[machine_list_filename: ]
[machines: ]
[gpu_platform_id: -1]
[gpu_device_id: -1]
[gpu_use_dp: 0]
[num_gpu: 1]

end of parameters

pandas_categorical:[]
