tree
version=v4
num_class=1
num_tree_per_iteration=1
label_index=0
max_feature_idx=34
objective=binary sigmoid:1
feature_names=ExternalRiskEstimate_lt=_63.5 ExternalRiskEstimate_lt=_65.5 ExternalRiskEstimate_lt=_67.5 ExternalRiskEstimate_lt=_70.5 ExternalRiskEstimate_lt=_73.5 ExternalRiskEstimate_lt=_74.5 ExternalRiskEstimate_lt=_75.5 ExternalRiskEstimate_lt=_78.5 ExternalRiskEstimate_lt=_80.5 ExternalRiskEstimate_lt=_81.5 AverageMInFile_lt=_49.5 AverageMInFile_lt=_56.5 AverageMInFile_lt=_59.5 AverageMInFile_lt=_63.5 AverageMInFile_lt=_74.5 AverageMInFile_lt=_75.5 NumSatisfactoryTrades_lt=_9.5 NumSatisfactoryTrades_lt=_18.5 PercentTradesNeverDelq_lt=_83.5 PercentTradesNeverDelq_lt=_91.5 PercentTradesNeverDelq_lt=_92.5 PercentTradesNeverDelq_lt=_95.5 PercentInstallTrades_lt=_45.5 MSinceMostRecentInqexcl7days_lt=_-7.5 MSinceMostRecentInqexcl7days_lt=_0.5 MSinceMostRecentInqexcl7days_lt=_1.5 NetFractionRevolvingBurden_lt=_37.5 NetFractionRevolvingBurden_lt=_47.5 NetFractionRevolvingBurden_lt=_57.5 PercentTradesWBalance_lt=_43.5 PercentTradesWBalance_lt=_47.5 PercentTradesWBalance_lt=_66.5 PercentTradesWBalance_lt=_73.5 PercentTradesWBalance_lt=_80.5 NumSatisfactoryTrades_lt=_20.5
feature_infos=[0:1] [0:1] [0:1] [0:1] [0:1] [0:1] [0:1] [0:1] [0:1] [0:1] [0:1] [0:1] [0:1] [0:1] [0:1] [0:1] [0:1] [0:1] [0:1] [0:1] [0:1] [0:1] [0:1] [0:1] [0:1] [0:1] [0:1] [0:1] [0:1] [0:1] [0:1] [0:1] [0:1] [0:1] [0:1]
tree_sizes=1011 1013 1020 1012 1018 1018 1018 1017 1017 1021 1016 1012 1020 1017 1027 1021 1022 1019 1024 1022 1013 1024 1022 1017 1027

Tree=0
num_leaves=8
num_cat=0
split_feature=5 2 30 9 24 24 16
split_gain=1324.43 138.635 106.371 86.442 70.4804 46.3829 15.076
threshold=1.0000000180025095e-35 1.0000000180025095e-35 1.0000000180025095e-35 1.0000000180025095e-35 1.0000000180025095e-35 1.0000000180025095e-35 1.0000000180025095e-35
decision_type=2 2 2 2 2 2 2
left_child=3 4 -3 6 -2 -5 -1
right_child=1 2 -4 5 -6 -7 -8
leaf_value=0.053133772902442311 -0.046806475511535738 -0.19338017742234548 -0.10412911302370191 0.02689593302238491 -0.13167318015720481 -0.046157934878959556 -0.0073248841494521072
leaf_weight=358.05979415774345 136.98594215512276 651.24464303255081 168.42533871531487 133.49267587065697 336.10212036967278 251.51517248153687 51.899956226348877
leaf_count=1435 549 2610 675 535 1347 1008 208
internal_value=-0.0877819 -0.150226 -0.175083 0.0137139 -0.107065 -0.0205967 0.0456942
internal_weight=2087.73 1292.76 819.67 794.968 473.088 385.008 409.96
internal_count=8367 5181 3285 3186 1896 1543 1643
is_linear=0
shrinkage=1


Tree=1
num_leaves=8
num_cat=0
split_feature=4 7 32 0 24 10 3
split_gain=1075.54 97.5396 97.2529 46.2107 39.2749 35.7172 34.9852
threshold=1.0000000180025095e-35 1.0000000180025095e-35 1.0000000180025095e-35 1.0000000180025095e-35 1.0000000180025095e-35 1.0000000180025095e-35 1.0000000180025095e-35
decision_type=2 2 2 2 2 2 2
left_child=1 5 3 -2 -3 -1 -4
right_child=2 4 6 -5 -6 -7 -8
leaf_value=0.11531803878930709 -0.063078504073155336 0.09181600497904667 0.013912408491801118 -0.11935153117247772 0.011431895988777578 0.0018179807047650574 -0.044379595921486013
leaf_weight=546.94222623109818 325.00818286836147 88.727625042200089 128.84425356984138 271.45426785945892 189.49265170097351 29.237619519233704 503.58148224651814
leaf_count=2189 1308 355 517 1096 759 117 2026
internal_value=-4.74981e-06 0.0861103 -0.0598986 -0.0888457 0.0373043 0.109572 -0.0325005
internal_weight=2083.29 854.4 1228.89 596.462 278.22 576.18 632.426
internal_count=8367 3420 4947 2404 1114 2306 2543
is_linear=0
shrinkage=0.1


Tree=2
num_leaves=8
num_cat=0
split_feature=5 2 30 12 24 27 24
split_gain=878.455 98.6206 81.4453 60.7512 55.4381 49.4192 20.524
threshold=1.0000000180025095e-35 1.0000000180025095e-35 1.0000000180025095e-35 1.0000000180025095e-35 1.0000000180025095e-35 1.0000000180025095e-35 1.0000000180025095e-35
decision_type=2 2 2 2 2 2 2
left_child=3 4 -3 5 -2 -1 -5
right_child=1 2 -4 6 -6 -7 -8
leaf_value=-0.0051279572708274367 0.038521022618570017 -0.088674316476962584 -0.010357072560176877 0.077175635229808887 -0.036787521500465055 0.10141214318908853 -0.012640647479019702
leaf_weight=46.662749797105789 137.02172309160233 640.26565144956112 167.82296821475029 36.125546559691429 334.47986033558846 630.23667527735233 80.151325687766075
leaf_count=187 549 2610 675 145 1347 2533 321
internal_value=-1.30226e-05 -0.0512553 -0.0724424 0.0826139 -0.0148671 0.094071 0.0156841
internal_weight=2072.77 1279.59 808.089 793.176 471.502 676.899 116.277
internal_count=8367 5181 3285 3186 1896 2720 466
is_linear=0
shrinkage=0.1


Tree=3
num_leaves=8
num_cat=0
split_feature=4 28 8 22 24 24 16
split_gain=719.802 78.0553 72.3211 45.027 37.3452 24.0572 17.3991
threshold=1.0000000180025095e-35 1.0000000180025095e-35 1.0000000180025095e-35 1.0000000180025095e-35 1.0000000180025095e-35 1.0000000180025095e-35 1.0000000180025095e-35
decision_type=2 2 2 2 2 2 2
left_child=2 5 6 -3 -4 -2 -1
right_child=1 3 4 -5 -6 -7 -8
leaf_value=0.10536417542301642 -0.039703960725766048 -0.073481906614764322 0.08236739131032067 -0.017679380536331134 0.017056904969319966 -0.097625690823618036 0.04535384859304159
leaf_weight=396.41091242432594 94.834358230233192 189.28268693387508 131.4262208789587 606.68046647310257 260.51521749794483 320.5819111764431 57.467533752322197
leaf_count=1612 389 774 531 2463 1045 1321 232
internal_value=-1.58222e-05 -0.0494279 0.0707268 -0.031025 0.0391108 -0.08453 0.0978824
internal_weight=2057.2 1211.38 845.82 795.963 391.941 415.416 453.878
internal_count=8367 4947 3420 3237 1576 1710 1844
is_linear=0
shrinkage=0.1


Tree=4
num_leaves=8
num_cat=0
split_feature=5 2 30 9 13 17 21
split_gain=591.06 77.433 62.1567 48.2495 46.8258 32.0215 14.0517
threshold=1.0000000180025095e-35 1.0000000180025095e-35 1.0000000180025095e-35 1.0000000180025095e-35 1.0000000180025095e-35 1.0000000180025095e-35 1.0000000180025095e-35
decision_type=2 2 2 2 2 2 2
left_child=3 4 -3 6 -2 -5 -1
right_child=1 2 -4 5 -6 -7 -8
leaf_value=0.098177058739672279 0.014405674416900506 -0.075920229344954071 -0.0072565160027879515 0.066328326084025974 -0.050717141138312063 0.0071975705558999627 0.026991577825743285
leaf_weight=367.07421311736107 292.58568155765533 623.7514753639698 167.38255548477173 229.21454598009586 176.02880531549454 152.52990621328354 30.97812731564045
leaf_count=1515 1183 2610 675 928 713 615 128
internal_value=-1.36579e-05 -0.0423576 -0.0614203 0.0683589 -0.0101128 0.0427826 0.0927186
internal_weight=2039.55 1259.75 791.134 779.797 468.614 381.744 398.052
internal_count=8367 5181 3285 3186 1896 1543 1643
is_linear=0
shrinkage=0.1


Tree=5
num_leaves=8
num_cat=0
split_feature=3 7 23 24 24 16 0
split_gain=490.693 98.3751 52.8362 58.7385 40.4543 24.7714 16.8427
threshold=1.0000000180025095e-35 1.0000000180025095e-35 1.0000000180025095e-35 1.0000000180025095e-35 1.0000000180025095e-35 1.0000000180025095e-35 1.0000000180025095e-35
decision_type=2 2 2 2 2 2 2
left_child=1 5 3 -2 -3 -1 -4
right_child=2 4 6 -5 -6 -7 -8
leaf_value=0.084793856480282856 -0.013593467116302105 0.058176902560260903 0.13360350937446711 -0.074333098982205345 -0.0045835720123791508 0.019992711883650718 -0.001383614311058586
leaf_weight=485.37017877399921 211.89894682168961 148.04567061364651 9.0027389973402006 645.65190069377422 329.91764688491821 67.959215849637985 121.49820019304752
leaf_count=2028 881 601 37 2720 1331 278 491
internal_value=-1.02202e-05 0.0482171 -0.050346 -0.0593578 0.0149369 0.0768855 0.00887378
internal_weight=2019.34 1031.29 988.052 857.551 477.963 553.329 130.501
internal_count=8367 4238 4129 3601 1932 2306 528
is_linear=0
shrinkage=0.1


Tree=6
num_leaves=8
num_cat=0
split_feature=6 33 24 13 10 27 24
split_gain=402.574 76.8911 42.5881 36.1291 29.5095 21.6316 16.4051
threshold=1.0000000180025095e-35 1.0000000180025095e-35 1.0000000180025095e-35 1.0000000180025095e-35 1.0000000180025095e-35 1.0000000180025095e-35 1.0000000180025095e-35
decision_type=2 2 2 2 2 2 2
left_child=3 4 -3 5 -2 -1 -5
right_child=1 2 -4 6 -6 -7 -8
leaf_value=-0.0050842372173565999 -0.0491758715411518 0.023085427476553275 -0.028281283029133426 0.065333515224725441 -0.10555690384681418 0.076948614417371997 -0.011207144620606683
leaf_weight=34.067087739706039 296.06396420300007 213.30189847946167 654.47585013508797 39.979395240545273 137.04812479019165 535.267114803195 87.716570153832436
leaf_count=138 1263 875 2714 167 589 2264 357
internal_value=-4.84521e-07 -0.0328528 -0.0156432 0.0612721 -0.0672184 0.0720397 0.0130779
internal_weight=1997.92 1300.89 867.778 697.03 433.112 569.334 127.696
internal_count=8367 5441 3589 2926 1852 2402 524
is_linear=0
shrinkage=0.1


Tree=7
num_leaves=8
num_cat=0
split_feature=3 10 21 23 17 0 24
split_gain=346.224 72.4819 50.7409 43.5953 47.81 13.954 4.91179
threshold=1.0000000180025095e-35 1.0000000180025095e-35 1.0000000180025095e-35 1.0000000180025095e-35 1.0000000180025095e-35 1.0000000180025095e-35 1.0000000180025095e-35
decision_type=2 2 2 2 2 2 2
left_child=1 2 -1 4 -2 -5 -3
right_child=3 6 -4 5 -6 -7 -8
leaf_value=0.063435387066627338 -0.028015760200352575 -0.0044160627580389069 0.0082371823122922849 0.12388806765247187 -0.075917473884031431 0.0015865714979893131 -0.051708109117952407
leaf_weight=685.27519425749779 434.98377349972725 31.506691798567772 220.33071848750114 9.1101149320602399 402.28000065684319 121.11425122618675 73.037128612399101
leaf_count=2907 1856 129 905 37 1745 491 297
internal_value=6.32946e-07 0.0409291 0.0500298 -0.0427307 -0.0510942 0.0110213 -0.0376324
internal_weight=1977.64 1010.15 905.606 967.488 837.264 130.224 104.544
internal_count=8367 4238 3812 4129 3601 528 426
is_linear=0
shrinkage=0.1


Tree=8
num_leaves=8
num_cat=0
split_feature=3 13 28 26 22 24 15
split_gain=283.844 63.782 39.2128 37.6273 26.9263 16.8875 14.772
threshold=1.0000000180025095e-35 1.0000000180025095e-35 1.0000000180025095e-35 1.0000000180025095e-35 1.0000000180025095e-35 1.0000000180025095e-35 1.0000000180025095e-35
decision_type=2 2 2 2 2 2 2
left_child=1 3 6 -1 -4 -3 -2
right_child=2 5 4 -5 -6 -7 -8
leaf_value=0.0057734803849435077 -0.03943455714719938 0.033285769177192996 -0.061720153495376323 0.062100306339793049 -0.0118616549207523 -0.025031047568980197 -0.082022898561060181
leaf_weight=147.07527783513069 136.56283833086491 69.238643988966942 140.4372601211071 616.20543375611305 465.63416336476803 168.67923791706562 213.46458370983601
leaf_count=601 602 289 616 2658 1953 690 958
internal_value=-3.09697e-06 0.0371925 -0.0389514 0.0512685 -0.0234974 -0.00799146 -0.0655668
internal_weight=1957.3 1001.2 956.099 763.281 606.071 237.918 350.027
internal_count=8367 4238 4129 3259 2569 979 1560
is_linear=0
shrinkage=0.1


Tree=9
num_leaves=8
num_cat=0
split_feature=6 0 17 23 25 23 27
split_gain=238.078 53.7264 59.6663 45.9471 32.4463 38.8558 11.0658
threshold=1.0000000180025095e-35 1.0000000180025095e-35 1.0000000180025095e-35 1.0000000180025095e-35 1.0000000180025095e-35 1.0000000180025095e-35 1.0000000180025095e-35
decision_type=2 2 2 2 2 2 2
left_child=4 2 -2 -3 6 -6 -1
right_child=1 3 -4 -5 5 -7 -8
leaf_value=-0.018593674345722889 0.014997823749640291 -0.068117510275521959 -0.041313306513923544 0.0026478246351204818 0.022209454102789017 0.10649160106008032 0.087151297844431805
leaf_weight=10.097869187593458 443.28171935677528 378.03620851039886 325.48368881642818 120.95989359915257 405.31766314804554 62.421678096055984 190.90887250006199
leaf_count=42 1847 1712 1391 491 1752 277 855
internal_value=-1.24952e-05 -0.0254744 -0.00886616 -0.0509925 0.0482223 0.0336604 0.0817733
internal_weight=1936.51 1267.76 768.765 498.996 668.746 467.739 201.007
internal_count=8367 5441 3238 2203 2926 2029 897
is_linear=0
shrinkage=0.1


Tree=10
num_leaves=8
num_cat=0
split_feature=4 24 23 25 23 0 28
split_gain=196.042 41.3827 43.8646 36.0887 42.9821 24.1253 12.2504
threshold=1.0000000180025095e-35 1.0000000180025095e-35 1.0000000180025095e-35 1.0000000180025095e-35 1.0000000180025095e-35 1.0000000180025095e-35 1.0000000180025095e-35
decision_type=2 2 2 2 2 2 2
left_child=3 5 -3 6 -5 -2 -1
right_child=1 2 -4 4 -6 -7 -8
leaf_value=-0.040132219777552783 0.028331006046063475 -0.0466565976015045 0.015336494790249048 0.014500433234422301 0.10061529861281687 -0.036226219687825821 0.076837906507119649
leaf_weight=8.7490543425083143 182.42212380468845 735.10799176990986 134.58282285928726 489.17874249815941 64.838828280568123 83.613190531730652 217.41369436681271
leaf_count=36 754 3274 546 2100 295 373 989
internal_value=-5.32864e-06 -0.0265091 -0.0370567 0.0385614 0.0247419 0.00798141 0.0721562
internal_weight=1915.91 1135.73 869.691 780.18 554.018 266.035 226.163
internal_count=8367 4947 3820 3420 2395 1127 1025
is_linear=0
shrinkage=0.1


Tree=11
num_leaves=8
num_cat=0
split_feature=7 33 19 23 16 25 9
split_gain=167.961 55.6293 33.1577 22.7183 21.002 11.564 6.69392
threshold=1.0000000180025095e-35 1.0000000180025095e-35 1.0000000180025095e-35 1.0000000180025095e-35 1.0000000180025095e-35 1.0000000180025095e-35 1.0000000180025095e-35
decision_type=2 2 2 2 2 2 2
left_child=4 3 -3 -2 5 -1 -6
right_child=1 2 -4 -5 6 -7 -8
leaf_value=0.08133441381731113 -0.051621936925127315 0.012199884048230705 -0.024991627556496414 0.090415852588953349 0.015599444741198371 0.046005841551849863 -0.055958890085085949
leaf_weight=138.46840485930443 416.6308850646019 530.97652262449265 435.38427336513996 10.692489102482794 47.224529758095741 299.7218291759491 16.9394461363554
leaf_count=665 1912 2245 1860 44 208 1363 70
internal_value=4.91081e-06 -0.0178661 -0.0045649 -0.0478651 0.0495217 0.0573295 -0.00386096
internal_weight=1896.04 1393.68 966.361 427.323 502.354 438.19 64.164
internal_count=8367 6061 4105 1956 2306 2028 278
is_linear=0
shrinkage=0.1


Tree=12
num_leaves=8
num_cat=0
split_feature=3 10 25 28 22 15 16
split_gain=142.636 45.4513 34.9224 28.4298 19.3923 13.0359 2.73991
threshold=1.0000000180025095e-35 1.0000000180025095e-35 1.0000000180025095e-35 1.0000000180025095e-35 1.0000000180025095e-35 1.0000000180025095e-35 1.0000000180025095e-35
decision_type=2 2 2 2 2 2 2
left_child=1 2 -1 5 -5 -2 -3
right_child=3 6 -4 4 -6 -7 -8
leaf_value=0.066957517265083491 -0.026817061698662888 -0.023310440850442288 0.021892920497332172 -0.048503702643328449 -0.005189194035731301 -0.067877837003125274 -0.058074692280858278
leaf_weight=237.8219176530838 129.75768758356571 67.165147304534912 620.75741745531559 132.71198454499245 456.71932907402515 197.96291089057922 35.37530343234539
leaf_count=1109 602 279 2703 616 1953 958 147
internal_value=1.5503e-05 0.0269214 0.0344389 -0.0281788 -0.0150072 -0.0517513 -0.0357488
internal_weight=1878.27 961.12 858.579 917.152 589.431 327.721 102.54
internal_count=8367 4238 3812 4129 2569 1560 426
is_linear=0
shrinkage=0.1


Tree=13
num_leaves=8
num_cat=0
split_feature=7 24 23 34 16 14 22
split_gain=121.878 47.1089 41.6731 23.961 17.0153 10.3788 6.2264
threshold=1.0000000180025095e-35 1.0000000180025095e-35 1.0000000180025095e-35 1.0000000180025095e-35 1.0000000180025095e-35 1.0000000180025095e-35 1.0000000180025095e-35
decision_type=2 2 2 2 2 2 2
left_child=4 3 -3 -2 5 -1 -6
right_child=1 2 -4 -5 6 -7 -8
leaf_value=0.059807321577344807 0.039304574979803386 -0.034030988417045216 0.023570028694675126 -0.014173097710446211 -0.056672067509887125 0.024342338952613639 0.013308794977280269
leaf_weight=307.41412396728992 198.63232310116291 886.09506863355637 145.59256382286549 143.67320203781128 16.263426929712296 115.42093116044998 47.321432277560234
leaf_count=1496 855 3987 592 627 70 532 208
internal_value=3.54113e-06 -0.0152274 -0.0258873 0.0168829 0.0429694 0.0502067 -0.00519091
internal_weight=1860.41 1373.99 1031.69 342.306 486.42 422.835 63.5849
internal_count=8367 6061 4579 1482 2306 2028 278
is_linear=0
shrinkage=0.1


Tree=14
num_leaves=8
num_cat=0
split_feature=3 13 28 26 22 34 21
split_gain=105.053 35.2321 22.8609 20.9993 15.136 12.3155 11.5056
threshold=1.0000000180025095e-35 1.0000000180025095e-35 1.0000000180025095e-35 1.0000000180025095e-35 1.0000000180025095e-35 1.0000000180025095e-35 1.0000000180025095e-35
decision_type=2 2 2 2 2 2 2
left_child=1 3 5 -1 -4 -2 -3
right_child=2 6 4 -5 -6 -7 -8
leaf_value=0.00025916441022623513 -0.023022957998224527 0.00090236586851555908 -0.042676875941108271 0.042990105015077676 -0.0039801140898174095 -0.063004164175624752 -0.053821045293156955
leaf_weight=144.19607445597649 136.56196182966232 184.05818600952625 129.09923724830151 567.34794506430626 454.28420156240463 181.07941077649593 47.545803144574165
leaf_count=601 649 781 616 2658 1953 911 198
internal_value=1.19313e-05 0.0233281 -0.0243931 0.0343431 -0.0126018 -0.0459414 -0.0105148
internal_weight=1844.17 943.148 901.025 711.544 583.383 317.641 231.604
internal_count=8367 4238 4129 3259 2569 1560 979
is_linear=0
shrinkage=0.1


Tree=15
num_leaves=8
num_cat=0
split_feature=1 12 21 30 24 15 0
split_gain=87.0247 54.9315 34.8225 21.0574 17.377 13.9593 2.4422
threshold=1.0000000180025095e-35 1.0000000180025095e-35 1.0000000180025095e-35 1.0000000180025095e-35 1.0000000180025095e-35 1.0000000180025095e-35 1.0000000180025095e-35
decision_type=2 2 2 2 2 2 2
left_child=1 2 -1 5 -3 -2 -5
right_child=3 4 -4 6 -6 -7 -8
leaf_value=0.040002987942779712 -0.019730586732430569 0.0165505679207473 -0.00054098716767157068 0.041939746798842568 -0.037996308823875447 -0.057149251152332908 -0.0037941423019959425
leaf_weight=636.38723376393318 160.63997879624367 79.894586816430092 317.25537243485451 11.718132376670836 211.37209969758987 268.4303268045187 141.53356911242008
leaf_count=2977 772 344 1376 49 921 1349 579
internal_value=1.78749e-07 0.0149246 0.0265285 -0.0318767 -0.0230286 -0.0432185 -4.79566e-05
internal_weight=1827.23 1244.91 953.643 582.322 291.267 429.07 153.252
internal_count=8367 5618 4353 2749 1265 2121 628
is_linear=0
shrinkage=0.1


Tree=16
num_leaves=8
num_cat=0
split_feature=7 24 23 18 16 25 23
split_gain=74.2351 35.3048 31.6362 18.2702 14.1977 9.11403 5.10321
threshold=1.0000000180025095e-35 1.0000000180025095e-35 1.0000000180025095e-35 1.0000000180025095e-35 1.0000000180025095e-35 1.0000000180025095e-35 1.0000000180025095e-35
decision_type=2 2 2 2 2 2 2
left_child=4 3 -3 -2 5 -1 -6
right_child=1 2 -4 -5 6 -7 -8
leaf_value=0.064016870545254179 0.026964110953498016 -0.028543891739505185 0.021726579598581094 -0.033099016529288476 -0.022230141693637281 0.031124932621511656 0.053541317145970671
leaf_weight=122.61209498345852 276.74996975064278 862.89621052145958 145.64621852338314 61.043923929333687 52.742550864815712 279.64043654501438 9.6737902462482435
leaf_count=665 1206 3987 592 276 233 1363 45
internal_value=-6.72879e-06 -0.0119029 -0.0212699 0.0160442 0.0344128 0.0412847 -0.00982737
internal_weight=1811.01 1346.34 1008.54 337.794 464.669 402.253 62.4163
internal_count=8367 6061 4579 1482 2306 2028 278
is_linear=0
shrinkage=0.1


Tree=17
num_leaves=8
num_cat=0
split_feature=0 23 25 29 15 21 23
split_gain=68.8254 47.0077 51.0194 20.1267 15.7196 2.32464 0.480427
threshold=1.0000000180025095e-35 1.0000000180025095e-35 1.0000000180025095e-35 1.0000000180025095e-35 1.0000000180025095e-35 1.0000000180025095e-35 1.0000000180025095e-35
decision_type=2 2 2 2 2 2 2
left_child=1 2 -1 4 -2 -3 -5
right_child=3 5 -4 6 -6 -7 -8
leaf_value=0.040471631555144078 -0.018744385852788478 0.076560780201137768 -0.0050283446933593627 -0.015967662592862107 -0.064442161784839316 0.12390764578699498 0.0012688522767513491
leaf_weight=333.48258851468563 122.68502104282379 53.623502284288406 935.5990621894598 17.735673263669014 198.38858382403851 17.684656426310539 117.3304295539856
leaf_count=1595 605 274 4219 77 1047 76 474
internal_value=4.59002e-06 0.0114245 0.00695035 -0.033505 -0.0470931 0.0898542 -0.00109521
internal_weight=1796.53 1340.39 1269.08 456.14 321.074 71.3082 135.066
internal_count=8367 6164 5814 2203 1652 350 551
is_linear=0
shrinkage=0.1


Tree=18
num_leaves=8
num_cat=0
split_feature=15 20 31 26 0 23 25
split_gain=60.581 48.0637 36.1402 23.9139 15.1361 12.2821 12.2024
threshold=1.0000000180025095e-35 1.0000000180025095e-35 1.0000000180025095e-35 1.0000000180025095e-35 1.0000000180025095e-35 1.0000000180025095e-35 1.0000000180025095e-35
decision_type=2 2 2 2 2 2 2
left_child=1 3 4 -1 -2 -3 -4
right_child=2 5 6 -5 -6 -7 -8
leaf_value=0.0048250672671711218 -0.024180243567085671 -0.018646869721839029 0.038775042573454391 0.050402873778736347 -0.062208948131871368 0.075628436827834419 -0.0044662220042557977
leaf_weight=164.06023907661438 338.06537851691246 268.39084908366203 77.616419270634651 386.69550012052059 152.28340229392052 13.590111687779425 383.2778632491827
leaf_count=719 1543 1242 366 1937 851 59 1650
internal_value=8.58692e-06 0.0196915 -0.0172248 0.0368594 -0.0360931 -0.0138521 0.00288396
internal_weight=1783.98 832.737 951.243 550.756 490.349 281.981 460.894
internal_count=8367 3957 4410 2656 2394 1301 2016
is_linear=0
shrinkage=0.1


Tree=19
num_leaves=8
num_cat=0
split_feature=15 18 31 27 0 21 23
split_gain=49.6775 41.4667 29.8852 19.8508 13.3597 11.4383 4.93624
threshold=1.0000000180025095e-35 1.0000000180025095e-35 1.0000000180025095e-35 1.0000000180025095e-35 1.0000000180025095e-35 1.0000000180025095e-35 1.0000000180025095e-35
decision_type=2 2 2 2 2 2 2
left_child=1 3 4 -1 -2 -4 -3
right_child=2 6 5 -5 -6 -7 -8
leaf_value=-0.0016920948318026726 -0.021861867839220658 -0.035055630065281528 0.019732665984555711 0.037986790806337468 -0.058013537568238342 -0.011847438021936682 0.043818011743868741
leaf_weight=166.92835068702698 336.70512209832668 136.56850649416447 210.47477319836617 513.24539315700531 147.30545578896999 249.64140273630619 7.5892907679080954
leaf_count=747 1543 650 951 2528 851 1065 32
internal_value=1.19303e-05 0.0179373 -0.0156414 0.0282606 -0.0329613 0.00260998 -0.03063
internal_weight=1768.46 824.332 944.127 680.174 484.011 460.116 144.158
internal_count=8367 3957 4410 3275 2394 2016 682
is_linear=0
shrinkage=0.1


Tree=20
num_leaves=8
num_cat=0
split_feature=26 21 10 25 23 23 34
split_gain=42.3971 39.3099 37.8168 18.6818 16.602 7.77236 7.25708
threshold=1.0000000180025095e-35 1.0000000180025095e-35 1.0000000180025095e-35 1.0000000180025095e-35 1.0000000180025095e-35 1.0000000180025095e-35 1.0000000180025095e-35
decision_type=2 2 2 2 2 2 2
left_child=3 2 -2 6 -5 -3 -1
right_child=1 5 -4 4 -6 -7 -8
leaf_value=0.034677222495510356 0.040346995732767704 -0.016181025630479073 -0.027775529636132685 -0.031896727367202414 0.06645254024154873 0.012155380554093832 -0.011102706021118229
leaf_weight=71.293034866452217 501.42028583586216 365.9280119985342 96.529290437698364 505.89154647290707 16.856064110994339 130.65752439200878 65.745337978005409
leaf_count=315 2536 1666 424 2513 72 536 305
internal_value=5.44876e-06 0.012072 0.0293217 -0.02 -0.0286046 -0.00871594 0.0127926
internal_weight=1754.32 1094.54 597.95 659.786 522.748 496.586 137.038
internal_count=8367 5162 2960 3205 2585 2202 620
is_linear=0
shrinkage=0.1


Tree=21
num_leaves=8
num_cat=0
split_feature=17 1 22 23 25 28 10
split_gain=38.8642 28.0417 26.2276 16.3777 15.8576 11.6031 8.39228
threshold=1.0000000180025095e-35 1.0000000180025095e-35 1.0000000180025095e-35 1.0000000180025095e-35 1.0000000180025095e-35 1.0000000180025095e-35 1.0000000180025095e-35
decision_type=2 2 2 2 2 2 2
left_child=1 4 3 -2 -1 -4 -3
right_child=2 6 5 -5 -6 -7 -8
leaf_value=0.049410605531886809 -0.051099988531331068 -0.0076560349614846566 -0.033102881421234624 0.078210129186992119 0.015131581832527607 0.0016031627968598522 -0.060673415789210955
leaf_weight=186.90915560722351 208.33455112576485 189.56095178425312 117.77163657546043 9.4092138409614545 484.47405797243118 509.41812805831432 34.532336890697479
leaf_count=945 1069 942 629 46 2202 2350 184
internal_value=1.12546e-05 0.0145189 -0.0153632 -0.0451802 0.024734 -0.00495615 -0.0160592
internal_weight=1740.41 895.477 844.934 217.744 671.383 627.19 224.093
internal_count=8367 4273 4094 1115 3147 2979 1126
is_linear=0
shrinkage=0.1


Tree=22
num_leaves=8
num_cat=0
split_feature=15 18 22 25 26 17 16
split_gain=35.5599 28.6191 22.2476 15.5586 12.5997 8.07442 4.94384
threshold=1.0000000180025095e-35 1.0000000180025095e-35 1.0000000180025095e-35 1.0000000180025095e-35 1.0000000180025095e-35 1.0000000180025095e-35 1.0000000180025095e-35
decision_type=2 2 2 2 2 2 2
left_child=1 4 5 -4 -1 -2 -3
right_child=2 6 3 -5 -6 -7 -8
leaf_value=0.0049171900915761096 -0.016905756374089604 -0.014567086713920483 0.028776624506652304 -0.01106267428524323 0.033947359956597714 -0.054772449337056453 -0.057994295386479537
leaf_weight=227.52261635661125 94.959341868758202 106.41374233365059 117.30907443165779 571.2164504379034 437.16784429550171 141.89227133989334 34.278377637267113
leaf_count=1023 466 515 561 2634 2252 749 167
internal_value=7.59192e-06 0.015362 -0.013358 -0.00424307 0.0240327 -0.0397257 -0.0254824
internal_weight=1730.76 805.383 925.377 688.526 664.69 236.852 140.692
internal_count=8367 3957 4410 3195 3275 1215 682
is_linear=0
shrinkage=0.1


Tree=23
num_leaves=8
num_cat=0
split_feature=0 23 24 29 15 21 17
split_gain=30.2646 31.8282 29.7893 10.9003 9.91335 1.83013 0.676418
threshold=1.0000000180025095e-35 1.0000000180025095e-35 1.0000000180025095e-35 1.0000000180025095e-35 1.0000000180025095e-35 1.0000000180025095e-35 1.0000000180025095e-35
decision_type=2 2 2 2 2 2 2
left_child=1 2 -1 4 -2 -3 -5
right_child=3 5 -4 6 -6 -7 -8
leaf_value=0.026447657355024242 -0.011221577962677521 0.062723378048996914 -0.0068068918972366407 -0.026510573678236379 -0.048798481568849576 0.10541479074633153 0.0023748341064704611
leaf_weight=397.78960424661636 117.80382767319679 48.460307285189629 829.2150432318449 7.6556297838687888 175.53140074014664 16.807726576924324 126.98371335864067
leaf_count=1968 605 274 3846 33 1047 76 518
internal_value=1.2931e-06 0.00763596 0.00398685 -0.0230157 -0.0337969 0.075142 0.000549062
internal_weight=1720.25 1292.27 1227 427.975 293.335 65.268 134.639
internal_count=8367 6164 5814 2203 1652 350 551
is_linear=0
shrinkage=0.1


Tree=24
num_leaves=8
num_cat=0
split_feature=17 26 21 22 23 28 24
split_gain=28.2837 18.5263 24.8455 17.7822 11.6249 8.26182 7.97994
threshold=1.0000000180025095e-35 1.0000000180025095e-35 1.0000000180025095e-35 1.0000000180025095e-35 1.0000000180025095e-35 1.0000000180025095e-35 1.0000000180025095e-35
decision_type=2 2 2 2 2 2 2
left_child=1 6 -3 4 -2 -5 -1
right_child=3 2 -4 5 -6 -7 -8
leaf_value=0.016506751102809119 -0.043354836002139997 0.039777651577723255 -0.0061773655008012952 -0.028807719024210872 0.068246555753070939 0.00083238089553314013 -0.01548360903822521
leaf_weight=114.15735454857349 201.07884299755096 349.54178078472614 176.71301785111427 114.57183448970318 8.9146576523780805 504.50438582897186 240.75662481784821
leaf_count=511 1069 1790 795 629 46 2350 1177
internal_value=6.13397e-06 0.0124733 0.0243638 -0.0132435 -0.0383161 -0.0046907 -0.00517651
internal_weight=1710.24 881.169 526.255 829.07 209.994 619.076 354.914
internal_count=8367 4273 2585 4094 1115 2979 1688
is_linear=0
shrinkage=0.1


end of trees

feature_importances:
MSinceMostRecentInqexcl7days_lt=_-7.5=19
MSinceMostRecentInqexcl7days_lt=_0.5=19
ExternalRiskEstimate_lt=_63.5=10
MSinceMostRecentInqexcl7days_lt=_1.5=10
PercentTradesNeverDelq_lt=_95.5=9
AverageMInFile_lt=_75.5=8
NumSatisfactoryTrades_lt=_9.5=8
PercentInstallTrades_lt=_45.5=8
NumSatisfactoryTrades_lt=_18.5=7
NetFractionRevolvingBurden_lt=_57.5=7
ExternalRiskEstimate_lt=_70.5=6
AverageMInFile_lt=_49.5=6
NetFractionRevolvingBurden_lt=_37.5=6
ExternalRiskEstimate_lt=_78.5=5
AverageMInFile_lt=_63.5=4
NetFractionRevolvingBurden_lt=_47.5=4
PercentTradesWBalance_lt=_47.5=4
ExternalRiskEstimate_lt=_67.5=3
ExternalRiskEstimate_lt=_73.5=3
ExternalRiskEstimate_lt=_74.5=3
ExternalRiskEstimate_lt=_81.5=3
PercentTradesNeverDelq_lt=_83.5=3
NumSatisfactoryTrades_lt=_20.5=3
ExternalRiskEstimate_lt=_65.5=2
ExternalRiskEstimate_lt=_75.5=2
AverageMInFile_lt=_59.5=2
PercentTradesWBalance_lt=_43.5=2
PercentTradesWBalance_lt=_66.5=2
PercentTradesWBalance_lt=_80.5=2
ExternalRiskEstimate_lt=_80.5=1
AverageMInFile_lt=_74.5=1
PercentTradesNeverDelq_lt=_91.5=1
PercentTradesNeverDelq_lt=_92.5=1
PercentTradesWBalance_lt=_73.5=1

parameters:
[boosting: gbdt]
[objective: binary]
[metric: binary_logloss]
[tree_learner: serial]
[device_type: cpu]
[data_sample_strategy: bagging]
[data: ]
[valid: ]
[num_iterations: 25]
[learning_rate: 0.1]
[num_leaves: 31]
[num_threads: 8]
[seed: 42]
[deterministic: 0]
[force_col_wise: 0]
[force_row_wise: 0]
[histogram_pool_size: -1]
[max_depth: 3]
[min_data_in_leaf: 20]
[min_sum_hessian_in_leaf: 0.001]
[bagging_fraction: 1]
[pos_bagging_fraction: 1]
[neg_bagging_fraction: 1]
[bagging_freq: 0]
[bagging_seed: 400]
[bagging_by_query: 0]
[feature_fraction: 1]
[feature_fraction_bynode: 1]
[feature_fraction_seed: 30056]
[extra_trees: 0]
[extra_seed: 12879]
[early_stopping_round: 0]
[early_stopping_min_delta: 0]
[first_metric_only: 0]
[max_delta_step: 0]
[lambda_l1: 0]
[lambda_l2: 1]
[linear_lambda: 0]
[min_gain_to_split: 0]
[drop_rate: 0.1]
[max_drop: 50]
[skip_drop: 0.5]
[xgboost_dart_mode: 0]
[uniform_drop: 0]
[drop_seed: 17869]
[top_rate: 0.2]
[other_rate: 0.1]
[min_data_per_group: 100]
[max_cat_threshold: 32]
[cat_l2: 10]
[cat_smooth: 10]
[max_cat_to_onehot: 4]
[top_k: 20]
[monotone_constraints: ]
[monotone_constraints_method: basic]
[monotone_penalty: 0]
[feature_contri: ]
[forcedsplits_filename: ]
[refit_decay_rate: 0.9]
[cegb_tradeoff: 1]
[cegb_penalty_split: 0]
[cegb_penalty_feature_lazy: ]
[cegb_penalty_feature_coupled: ]
[path_smooth: 0]
[interaction_constraints: ]
[verbosity: -1]
[saved_feature_importance_type: 0]
[use_quantized_grad: 0]
[num_grad_quant_bins: 4]
[quant_train_renew_leaf: 0]
[stochastic_rounding: 1]
[linear_tree: 0]
[max_bin: 255]
[max_bin_by_feature: ]
[min_data_in_bin: 3]
[bin_construct_sample_cnt: 200000]
[data_random_seed: 175]
[is_enable_sparse: 1]
[enable_bundle: 1]
[use_missing: 1]
[zero_as_missing: 0]
[feature_pre_filter: 1]
[pre_partition: 0]
[two_round: 0]
[header: 0]
[label_column: ]
[weight_column: ]
[group_column: ]
[ignore_column: ]
[categorical_feature: ]
[forcedbins_filename: ]
[precise_float_parser: 0]
[parser_config_file: ]
[objective_seed: 16083]
[num_class: 1]
[is_unbalance: 0]
[scale_pos_weight: 1]
[sigmoid: 1]
[boost_from_average: 1]
[reg_sqrt: 0]
[alpha: 0.9]
[fair_c: 1]
[poisson_max_delta_step: 0.7]
[tweedie_variance_power: 1.5]
[lambdarank_truncation_level: 30]
[lambdarank_norm: 1]
[label_gain: ]
[lambdarank_position_bias_regularization: 0]
[eval_at: ]
[multi_error_top_k: 1]
[auc_mu_weights: ]
[num_machines: 1]
[local_listen_port: 12400]
[time_out: 120]
[machine_list_filename: ]
[machines: ]
[gpu_platform_id: -1]
[gpu_device_id: -1]
[gpu_use_dp: 0]
[num_gpu: 1]

end of parameters

pandas_categorical:[]
