tree
version=v4
num_class=1
num_tree_per_iteration=1
label_index=0
max_feature_idx=16
objective=binary sigmoid:1
feature_names=ExternalRiskEstimate_lt=_67.5 ExternalRiskEstimate_lt=_70.5 ExternalRiskEstimate_lt=_73.5 ExternalRiskEstimate_lt=_74.5 ExternalRiskEstimate_lt=_75.5 ExternalRiskEstimate_lt=_78.5 ExternalRiskEstimate_lt=_80.5 ExternalRiskEstimate_lt=_81.5 AverageMInFile_lt=_75.5 MSinceMostRecentInqexcl7days_lt=_-7.5 MSinceMostRecentInqexcl7days_lt=_0.5 MSinceMostRecentInqexcl7days_lt=_1.5 NetFractionRevolvingBurden_lt=_37.5 NetFractionRevolvingBurden_lt=_47.5 NetFractionRevolvingBurden_lt=_57.5 PercentTradesWBalance_lt=_73.5 PercentTradesWBalance_lt=_80.5
feature_infos=[0:1] [0:1] [0:1] [0:1] [0:1] [0:1] [0:1] [0:1] [0:1] [0:1] [0:1] [0:1] [0:1] [0:1] [0:1] [0:1] [0:1]
tree_sizes=1008 1011 1013 1013 1013 1011 1015 1008 1019 1008 1017 1017 1016 1016 1020 1014 1014 1015 1017 1016 1016 1019 1014 1020 1021

Tree=0
num_leaves=8
num_cat=0
split_feature=3 0 9 7 10 10 11
split_gain=1324.43 138.635 92.372 86.442 70.4804 46.3829 8.87236
threshold=1.0000000180025095e-35 1.0000000180025095e-35 1.0000000180025095e-35 1.0000000180025095e-35 1.0000000180025095e-35 1.0000000180025095e-35 1.0000000180025095e-35
decision_type=2 2 2 2 2 2 2
left_child=3 4 -3 6 -2 -5 -1
right_child=1 2 -4 5 -6 -7 -8
leaf_value=0.068851211236036935 -0.046806475511535738 -0.18933909065160953 -0.09605688041337701 0.02689593302238491 -0.13167318015720481 -0.046157934878959556 0.034360847720517854
leaf_weight=130.49844762682915 136.98594215512276 694.16191452741623 125.50806722044945 133.49267587065697 336.10212036967278 251.51517248153687 279.46130275726318
leaf_count=523 549 2782 503 535 1347 1008 1120
internal_value=-0.0877819 -0.150226 -0.175083 0.0137139 -0.107065 -0.0205967 0.0456942
internal_weight=2087.73 1292.76 819.67 794.968 473.088 385.008 409.96
internal_count=8367 5181 3285 3186 1896 1543 1643
is_linear=0
shrinkage=1


Tree=1
num_leaves=8
num_cat=0
split_feature=2 15 5 0 10 1 8
split_gain=1075.59 99.5449 97.5591 43.3127 39.2749 34.4927 21.7271
threshold=1.0000000180025095e-35 1.0000000180025095e-35 1.0000000180025095e-35 1.0000000180025095e-35 1.0000000180025095e-35 1.0000000180025095e-35 1.0000000180025095e-35
decision_type=2 2 2 2 2 2 2
left_child=2 3 6 -2 -4 -3 -1
right_child=1 5 4 -5 -6 -7 -8
leaf_value=0.12215452493149125 -0.046904031305864097 0.013912408491801118 0.09181600497904667 -0.10651550538852128 0.011431895988777578 -0.043969184082588347 0.078328256771364554
leaf_weight=408.7827972471714 174.6680910885334 128.84425356984138 88.727625042200089 421.98669977486134 189.49265170097351 503.42225381731987 167.41337867081165
leaf_count=1636 701 517 355 1703 759 2026 670
internal_value=-1.10291e-06 -0.0598955 0.0861153 -0.0891722 0.0373043 -0.0321706 0.109579
internal_weight=2083.34 1228.92 854.416 596.655 278.22 632.267 576.196
internal_count=8367 4947 3420 2404 1114 2543 2306
is_linear=0
shrinkage=0.1


Tree=2
num_leaves=8
num_cat=0
split_feature=3 0 9 6 10 10 11
split_gain=878.585 95.4585 70.866 61.019 55.5144 28.6906 12.0326
threshold=1.0000000180025095e-35 1.0000000180025095e-35 1.0000000180025095e-35 1.0000000180025095e-35 1.0000000180025095e-35 1.0000000180025095e-35 1.0000000180025095e-35
decision_type=2 2 2 2 2 2 2
left_child=3 4 -3 6 -2 -5 -1
right_child=1 2 -4 5 -6 -7 -8
leaf_value=0.13102907832081964 0.037957056699364042 -0.084768524120842556 -0.0028871689497401644 0.090233412928833426 -0.037390630689651864 0.028558590898232313 0.09463614954354363
leaf_weight=144.12284882366657 137.06048530340195 682.71638636291027 125.11173938214779 115.05231118202209 334.67475855350494 219.88879889249802 314.1858079880476
leaf_count=581 549 2782 503 462 1347 880 1263
internal_value=-4.38941e-06 -0.0512528 -0.0721065 0.0826231 -0.0154647 0.0499494 0.106341
internal_weight=2072.81 1279.56 807.828 793.25 471.735 334.941 458.309
internal_count=8367 5181 3285 3186 1896 1342 1844
is_linear=0
shrinkage=0.1


Tree=3
num_leaves=8
num_cat=0
split_feature=2 14 5 10 10 10 11
split_gain=720.398 80.2667 67.5305 39.5661 26.8521 24.08 18.4371
threshold=1.0000000180025095e-35 1.0000000180025095e-35 1.0000000180025095e-35 1.0000000180025095e-35 1.0000000180025095e-35 1.0000000180025095e-35 1.0000000180025095e-35
decision_type=2 2 2 2 2 2 2
left_child=2 5 6 -3 -4 -2 -1
right_child=1 3 4 -5 -6 -7 -8
leaf_value=0.1175357746416994 -0.040149193241575815 0.010175522624514634 0.075533992535336478 -0.042873794389342773 0.00887419106973685 -0.098089167820292061 0.077934202613650055
leaf_weight=177.9292750954628 94.881726160645485 181.84173011779785 87.945604801177979 613.7845520824194 189.49339865148067 320.90105295181274 390.23556315898895
leaf_count=727 389 738 355 2499 759 1321 1579
internal_value=3.83739e-06 -0.0494241 0.0707889 -0.0307517 0.0302001 -0.0849953 0.0905207
internal_weight=2057.01 1211.41 845.604 795.626 277.439 415.783 568.165
internal_count=8367 4947 3420 3237 1114 1710 2306
is_linear=0
shrinkage=0.1


Tree=4
num_leaves=8
num_cat=0
split_feature=3 15 7 8 1 11 9
split_gain=590.515 79.556 47.1234 36.5983 33.649 25.0107 8.35854
threshold=1.0000000180025095e-35 1.0000000180025095e-35 1.0000000180025095e-35 1.0000000180025095e-35 1.0000000180025095e-35 1.0000000180025095e-35 1.0000000180025095e-35
decision_type=2 2 2 2 2 2 2
left_child=2 3 6 -2 -3 -4 -1
right_child=1 4 5 -5 -6 -7 -8
leaf_value=0.086198922546275314 -0.035954561061044832 0.021092343054245344 0.083584038705658545 -0.087351924419514559 -0.031194141400989295 0.026799068211594404 0.13049168744221834
leaf_weight=344.56017026305199 220.89699280261993 162.88405106961727 108.25265268981457 380.66985514760017 495.3282396197319 273.36450855433941 53.333163946866989
leaf_count=1424 916 656 444 1583 2026 1099 219
internal_value=8.72021e-06 -0.0423101 0.0683673 -0.0685697 -0.0182427 0.0430835 0.0924481
internal_weight=2039.29 1259.78 779.51 601.567 658.212 381.617 397.893
internal_count=8367 5181 3186 2499 2682 1543 1643
is_linear=0
shrinkage=0.1


Tree=5
num_leaves=8
num_cat=0
split_feature=1 5 9 10 10 8 0
split_gain=488.907 92.2651 56.477 53.4205 34.1319 17.9571 8.69649
threshold=1.0000000180025095e-35 1.0000000180025095e-35 1.0000000180025095e-35 1.0000000180025095e-35 1.0000000180025095e-35 1.0000000180025095e-35 1.0000000180025095e-35
decision_type=2 2 2 2 2 2 2
left_child=1 5 3 -2 -3 -1 -4
right_child=2 4 6 -5 -6 -7 -8
leaf_value=0.08764934456984852 -0.015957272865420587 0.055734891906054587 0.11876374554015175 -0.073771296101111758 -0.0019481588671032926 0.047529496423285286 0.0049108435866250409
leaf_weight=390.58506186306477 213.13319762051105 147.79478111863136 6.0993125885725012 645.9120709747076 330.06917367875576 162.10274951159954 124.21744979918003
leaf_count=1636 881 601 25 2720 1331 670 503
internal_value=1.97889e-05 0.0482016 -0.050166 -0.0594626 0.0159713 0.0759893 0.0111034
internal_weight=2019.91 1030.55 989.362 859.045 477.864 552.688 130.317
internal_count=8367 4238 4129 3601 1932 2306 528
is_linear=0
shrinkage=0.1


Tree=6
num_leaves=8
num_cat=0
split_feature=2 14 7 11 10 8 9
split_gain=403.659 59.0902 43.9332 26.4663 26.3923 17.4067 7.41145
threshold=1.0000000180025095e-35 1.0000000180025095e-35 1.0000000180025095e-35 1.0000000180025095e-35 1.0000000180025095e-35 1.0000000180025095e-35 1.0000000180025095e-35
decision_type=2 2 2 2 2 2 2
left_child=2 5 6 -4 -3 -2 -1
right_child=1 4 3 -5 -6 -7 -8
leaf_value=0.072704225062595509 -0.042454626300059195 0.012071822985009806 0.071954447374228181 0.016791173502679953 -0.03144268962008763 -0.085652034981934022 0.11495978514196181
leaf_weight=332.53801240026951 157.73180149495602 180.82555498182774 119.57445485889912 315.50482106208801 600.56810988485813 240.67114122211933 50.964312002062798
leaf_count=1424 670 738 502 1275 2499 1040 219
internal_value=2.76619e-05 -0.0373972 0.0539468 0.0320821 -0.0213703 -0.0686989 0.078604
internal_weight=1998.38 1179.8 818.582 435.079 781.394 398.403 383.502
internal_count=8367 4947 3420 1777 3237 1710 1643
is_linear=0
shrinkage=0.1


Tree=7
num_leaves=8
num_cat=0
split_feature=1 5 9 10 9 11 0
split_gain=339.027 64.1134 46.441 41.1873 24.6861 16.4572 7.15793
threshold=1.0000000180025095e-35 1.0000000180025095e-35 1.0000000180025095e-35 1.0000000180025095e-35 1.0000000180025095e-35 1.0000000180025095e-35 1.0000000180025095e-35
decision_type=2 2 2 2 2 2 2
left_child=1 5 3 -2 -3 -1 -4
right_child=2 4 6 -5 -6 -7 -8
leaf_value=0.090761241107894838 -0.012626087398520752 0.0094089281605270001 0.11050097715103357 -0.063719684459922279 0.13263013874399332 0.052345231415269956 0.007608837008127433
leaf_weight=164.21226182579994 211.55441306531429 459.25330339372158 6.1669225543737403 626.32277937233448 15.867344364523886 370.02509488165379 123.82304938137531
leaf_count=727 881 1868 25 2720 64 1579 503
internal_value=3.49014e-05 0.0405637 -0.0422296 -0.0508496 0.013794 0.0643009 0.0132965
internal_weight=1977.23 1009.36 967.867 837.877 475.121 534.237 129.99
internal_count=8367 4238 4129 3601 1932 2306 528
is_linear=0
shrinkage=0.1


Tree=8
num_leaves=8
num_cat=0
split_feature=1 8 16 10 12 9 8
split_gain=278.348 60.1986 40.9425 31.6453 30.0153 15.1698 13.7188
threshold=1.0000000180025095e-35 1.0000000180025095e-35 1.0000000180025095e-35 1.0000000180025095e-35 1.0000000180025095e-35 1.0000000180025095e-35 1.0000000180025095e-35
decision_type=2 2 2 2 2 2 2
left_child=1 4 6 -3 -1 -4 -2
right_child=2 3 5 -5 -6 -7 -8
leaf_value=0.010015545819582116 -0.038668007153633069 0.048027622225616323 -0.030674501437187141 -0.01190615602640703 0.067846208460260612 0.0085450582621468592 -0.080358084912845268
leaf_weight=110.57499018311501 125.92686107754707 128.09279216825962 480.69227181375027 276.56101231276989 484.43708367645741 123.53964340686798 225.93927095830441
leaf_count=456 549 545 2064 1136 2101 501 1015
internal_value=4.70161e-05 0.0369233 -0.038508 0.00713745 0.057134 -0.0226549 -0.0655898
internal_weight=1955.76 999.666 956.098 404.654 595.012 604.232 351.866
internal_count=8367 4238 4129 1681 2557 2565 1564
is_linear=0
shrinkage=0.1


Tree=9
num_leaves=8
num_cat=0
split_feature=4 16 10 13 8 9 15
split_gain=235.993 59.1732 26.6952 21.772 22.7345 19.335 9.1062
threshold=1.0000000180025095e-35 1.0000000180025095e-35 1.0000000180025095e-35 1.0000000180025095e-35 1.0000000180025095e-35 1.0000000180025095e-35 1.0000000180025095e-35
decision_type=2 2 2 2 2 2 2
left_child=3 5 -3 6 -5 -2 -1
right_child=1 2 -4 4 -6 -7 -8
leaf_value=0.020055477095906108 -0.059389065257897923 0.020484425259476649 -0.020376339593300263 0.06643198155252085 0.0263841896566228 0.087526632135862925 -0.076050898007557127
leaf_weight=20.510194718837738 406.30934983491898 212.01506875455379 641.10828518867493 410.39863428473473 219.29628372192383 8.3122480362653715 17.42597371339798
leaf_count=85 1818 875 2714 1838 930 34 73
internal_value=4.00096e-05 -0.0252966 -0.0102097 0.0481169 0.052549 -0.0562402 -0.0249104
internal_weight=1935.38 1267.74 853.123 667.631 629.695 414.622 37.9362
internal_count=8367 5441 3589 2926 2768 1852 158
is_linear=0
shrinkage=0.1


Tree=10
num_leaves=8
num_cat=0
split_feature=1 8 14 10 12 9 10
split_gain=196.019 43.5588 32.3944 24.6102 20.6866 16.8218 12.5947
threshold=1.0000000180025095e-35 1.0000000180025095e-35 1.0000000180025095e-35 1.0000000180025095e-35 1.0000000180025095e-35 1.0000000180025095e-35 1.0000000180025095e-35
decision_type=2 2 2 2 2 2 2
left_child=1 4 6 -3 -1 -4 -2
right_child=2 3 5 -5 -6 -7 -8
leaf_value=0.0097509724563138028 -0.022657899301527274 0.042385696008645862 -0.027296521153820225 -0.010775603238181313 0.058010846122036247 0.013691477425737196 -0.068218279839819512
leaf_weight=110.13918195664883 81.084541752934456 126.11493493616581 471.9705168902874 275.62531886994839 467.89035207033157 126.3510730266571 256.73844566941261
leaf_count=456 354 545 2056 1136 2101 513 1206
internal_value=4.29489e-05 0.0312933 -0.0326622 0.00597668 0.048848 -0.0186324 -0.057382
internal_weight=1915.91 979.77 936.145 401.74 578.03 598.322 337.823
internal_count=8367 4238 4129 1681 2557 2569 1560
is_linear=0
shrinkage=0.1


Tree=11
num_leaves=8
num_cat=0
split_feature=4 16 0 9 11 8 16
split_gain=165.296 44.7086 22.0362 20.4066 30.4562 18.7631 1.00147
threshold=1.0000000180025095e-35 1.0000000180025095e-35 1.0000000180025095e-35 1.0000000180025095e-35 1.0000000180025095e-35 1.0000000180025095e-35 1.0000000180025095e-35
decision_type=2 2 2 2 2 2 2
left_child=3 5 -3 4 -1 -2 -5
right_child=1 2 -4 6 -6 -7 -8
leaf_value=0.068291679704741023 -0.020133189438287832 0.0094095853844356897 -0.022967398102242867 0.052001099906464759 0.019539451318457666 -0.06514410211515019 0.10215332370385886
leaf_weight=188.05102337896824 147.34705439209938 385.87622317671776 459.66322466731071 7.9132236987352362 401.76388926804066 253.95645448565483 51.491562709212303
leaf_count=897 659 1592 1997 35 1752 1193 242
internal_value=3.72064e-05 -0.0212651 -0.00819795 0.0409186 0.0351724 -0.0487085 0.0964441
internal_weight=1896.06 1246.84 845.539 649.22 589.815 401.304 59.4048
internal_count=8367 5441 3589 2926 2649 1852 277
is_linear=0
shrinkage=0.1


Tree=12
num_leaves=8
num_cat=0
split_feature=4 15 8 9 11 11 16
split_gain=136.047 38.2812 20.3632 17.882 26.158 17.1883 0.921234
threshold=1.0000000180025095e-35 1.0000000180025095e-35 1.0000000180025095e-35 1.0000000180025095e-35 1.0000000180025095e-35 1.0000000180025095e-35 1.0000000180025095e-35
decision_type=2 2 2 2 2 2 2
left_child=3 2 -2 4 -1 -3 -5
right_child=1 5 -4 6 -6 -7 -8
leaf_value=0.063326587109832383 -0.014276973982633143 0.029943117549997879 -0.053582135040941108 0.048030183758193408 0.017681794357272615 -0.010909263142901809 0.096008263680380665
leaf_weight=182.87136575579643 213.9563367664814 125.5900711119175 346.28059753775597 7.7994727641344062 399.78963427245617 551.64165559411049 49.478474631905556
leaf_count=897 951 521 1633 35 1752 2336 242
internal_value=4.48482e-05 -0.0193104 -0.0386235 0.0374445 0.0320916 -0.00330036 0.0904114
internal_weight=1877.41 1237.47 560.237 639.939 582.661 677.232 57.2779
internal_count=8367 5441 2584 2926 2649 2857 277
is_linear=0
shrinkage=0.1


Tree=13
num_leaves=8
num_cat=0
split_feature=0 8 9 10 9 10 8
split_gain=118.029 41.5653 26.3787 23.1123 19.159 16.7224 0.465777
threshold=1.0000000180025095e-35 1.0000000180025095e-35 1.0000000180025095e-35 1.0000000180025095e-35 1.0000000180025095e-35 1.0000000180025095e-35 1.0000000180025095e-35
decision_type=2 2 2 2 2 2 2
left_child=1 4 5 -3 -1 -2 -4
right_child=2 3 6 -5 -6 -7 -8
leaf_value=0.031241867740486637 -0.011337352726922736 0.031124202463769013 0.036220450022614203 -0.01542124770475045 0.090941334914956096 -0.050306245392720494 0.0086086695505512151
leaf_weight=581.04028323292732 147.35347233712673 151.3151999861002 5.5892934799194327 355.08719129860401 58.688982412219048 443.07361151278019 117.81625455617905
leaf_count=2625 647 667 23 1503 287 2135 480
internal_value=5.45454e-05 0.0199294 -0.0318398 -0.00147934 0.0368521 -0.0406164 0.0101404
internal_weight=1859.96 1146.13 713.833 506.402 639.729 590.427 123.406
internal_count=8367 5082 3285 2170 2912 2782 503
is_linear=0
shrinkage=0.1


Tree=14
num_leaves=8
num_cat=0
split_feature=3 14 13 8 11 10 15
split_gain=97.8697 28.5976 21.7682 17.1302 16.4817 11.331 2.89952
threshold=1.0000000180025095e-35 1.0000000180025095e-35 1.0000000180025095e-35 1.0000000180025095e-35 1.0000000180025095e-35 1.0000000180025095e-35 1.0000000180025095e-35
decision_type=2 2 2 2 2 2 2
left_child=2 5 6 -3 -4 -2 -1
right_child=1 3 4 -5 -6 -7 -8
leaf_value=-0.011162107731509989 -0.010124423915207036 0.012735723801202843 0.060538150034321836 -0.017925502778268678 0.024739023618332787 -0.05119005244339541 -0.059606952366234679
leaf_weight=28.101351052522659 89.998172208666801 280.99370461702347 179.55099476873875 514.39786592125893 457.67785121500492 270.99007512629032 21.893287837505341
leaf_count=118 399 1198 914 2237 2062 1347 92
internal_value=5.21368e-05 -0.0177054 0.0299148 -0.0070912 0.0349051 -0.0410082 -0.0331296
internal_weight=1843.6 1156.38 687.223 795.392 637.229 360.988 49.9946
internal_count=8367 5181 3186 3435 2976 1746 210
is_linear=0
shrinkage=0.1


Tree=15
num_leaves=8
num_cat=0
split_feature=0 9 10 9 8 5 8
split_gain=84.001 34.6202 38.2385 21.8309 15.1201 0.764082 0.349242
threshold=1.0000000180025095e-35 1.0000000180025095e-35 1.0000000180025095e-35 1.0000000180025095e-35 1.0000000180025095e-35 1.0000000180025095e-35 1.0000000180025095e-35
decision_type=2 2 2 2 2 2 2
left_child=1 2 -1 4 -2 -3 -5
right_child=3 5 -4 6 -6 -7 -8
leaf_value=0.038894507269073314 -0.014691881303844507 0.074332885232746157 -0.0011634402969087118 0.033578560384958614 -0.048125771623434177 0.10553369299347147 0.0095636510504613064
leaf_weight=359.66717042028904 220.12015287578106 46.200050711631775 702.20159891247749 5.6094753444194785 354.87874840199947 21.590736150741577 117.65984137356281
leaf_count=1694 1022 249 3050 23 1760 89 480
internal_value=4.57023e-05 0.016895 0.0124285 -0.0271982 -0.0353744 0.0856597 0.0109179
internal_weight=1827.93 1129.66 1061.87 698.268 574.999 67.7908 123.269
internal_count=8367 5082 4744 3285 2782 338 503
is_linear=0
shrinkage=0.1


Tree=16
num_leaves=8
num_cat=0
split_feature=5 16 9 11 13 15 11
split_gain=74.7743 33.6242 15.2675 14.3182 8.6496 9.64952 8.96677
threshold=1.0000000180025095e-35 1.0000000180025095e-35 1.0000000180025095e-35 1.0000000180025095e-35 1.0000000180025095e-35 1.0000000180025095e-35 1.0000000180025095e-35
decision_type=2 2 2 2 2 2 2
left_child=4 2 -2 -3 5 -1 -6
right_child=1 3 -4 -5 6 -7 -8
leaf_value=0.045436268803568852 -0.039475331306798762 0.022982688248963743 0.077168487462340007 -0.007749366124457745 0.059383326360479563 -0.1065811168698597 0.027995583608668714
leaf_weight=6.9071119427680943 388.99972873926163 188.34913842380047 10.655522897839544 759.55991189181805 128.31179589033127 8.1198133230209351 322.7606251090765
leaf_count=31 1912 811 44 3294 707 35 1533
internal_value=5.07353e-05 -0.0118927 -0.0361806 -0.00162513 0.0345325 -0.0382313 0.0370357
internal_weight=1813.66 1347.56 399.655 947.909 466.099 15.0269 451.072
internal_count=8367 6061 1956 4105 2306 66 2240
is_linear=0
shrinkage=0.1


Tree=17
num_leaves=8
num_cat=0
split_feature=5 16 9 12 13 11 15
split_gain=61.5047 27.7972 12.6562 12.5772 7.19007 7.88552 7.86644
threshold=1.0000000180025095e-35 1.0000000180025095e-35 1.0000000180025095e-35 1.0000000180025095e-35 1.0000000180025095e-35 1.0000000180025095e-35 1.0000000180025095e-35
decision_type=2 2 2 2 2 2 2
left_child=4 2 -2 -3 6 -6 -1
right_child=1 3 -4 -5 5 -7 -8
leaf_value=0.0420261884833164 -0.03608667917694585 -0.016691242441219927 0.070203564682991326 0.007244209815222391 0.055287579052453996 0.025486356819419739 -0.095073170356185233
leaf_weight=6.8073053210973713 383.37546308338642 344.03551243245602 10.641132608056067 602.58379462361336 124.32348030805588 319.36799414455891 8.3028186857700348
leaf_count=31 1912 1539 44 2566 707 1533 35
internal_value=5.4064e-05 -0.0107631 -0.0330457 -0.00146323 0.0316169 0.0339423 -0.0345334
internal_weight=1799.44 1340.64 394.017 946.619 458.802 443.691 15.1101
internal_count=8367 6061 1956 4105 2306 2240 66
is_linear=0
shrinkage=0.1


Tree=18
num_leaves=8
num_cat=0
split_feature=0 8 9 15 9 8 8
split_gain=54.6278 27.331 15.2984 14.9937 13.3444 12.9006 0.169343
threshold=1.0000000180025095e-35 1.0000000180025095e-35 1.0000000180025095e-35 1.0000000180025095e-35 1.0000000180025095e-35 1.0000000180025095e-35 1.0000000180025095e-35
decision_type=2 2 2 2 2 2 2
left_child=1 4 5 -3 -1 -2 -4
right_child=2 3 6 -5 -6 -7 -8
leaf_value=0.023219650572528998 -0.010084452280641761 -0.028122714541365213 0.025368977943784135 0.00866141701943135 0.075288431136132705 -0.041375204491407309 0.0085752812436684107
leaf_weight=558.63004304468632 215.72057756781578 166.03893598914146 5.6805232465267173 328.29167349636555 53.310751095414162 340.83475947380066 117.82979427278042
leaf_count=2625 1022 739 23 1431 287 1760 480
internal_value=5.45029e-05 0.0137617 -0.0222306 -0.00372571 0.0278712 -0.0292868 0.00954521
internal_weight=1786.34 1106.27 680.066 494.331 611.941 556.555 123.51
internal_count=8367 5082 3285 2170 2912 2782 503
is_linear=0
shrinkage=0.1


Tree=19
num_leaves=8
num_cat=0
split_feature=6 14 10 8 12 9 15
split_gain=45.3641 23.56 17.1863 6.9744 5.70375 4.90391 1.23947
threshold=1.0000000180025095e-35 1.0000000180025095e-35 1.0000000180025095e-35 1.0000000180025095e-35 1.0000000180025095e-35 1.0000000180025095e-35 1.0000000180025095e-35
decision_type=2 2 2 2 2 2 2
left_child=4 3 -3 -2 6 -6 -1
right_child=1 2 -4 -5 5 -7 -8
leaf_value=0.0055575870855696652 -0.01415190566089934 0.02103334752045926 -0.0079016443119370571 -0.042190792845397791 0.030317724996661861 0.069372051566665524 -0.059381023052647489
leaf_weight=4.4554469436407071 160.23515152931213 276.73457881808281 785.80792072415352 201.90775084495544 301.71831151843071 35.958735048770905 6.818356066942215
leaf_count=22 754 1235 3445 1089 1570 220 32
internal_value=5.05337e-05 -0.0078685 -0.00035296 -0.0298577 0.0323122 0.0346691 -0.0353552
internal_weight=1773.64 1424.69 1062.54 362.143 348.951 337.677 11.2738
internal_count=8367 6523 4680 1843 1844 1790 54
is_linear=0
shrinkage=0.1


Tree=20
num_leaves=8
num_cat=0
split_feature=0 9 10 9 10 5 8
split_gain=39.6363 22.985 23.0433 12.396 11.2157 0.796528 0.143021
threshold=1.0000000180025095e-35 1.0000000180025095e-35 1.0000000180025095e-35 1.0000000180025095e-35 1.0000000180025095e-35 1.0000000180025095e-35 1.0000000180025095e-35
decision_type=2 2 2 2 2 2 2
left_child=1 2 -1 4 -2 -3 -5
right_child=3 5 -4 6 -6 -7 -8
leaf_value=0.029389480236195944 -0.0013873116752236567 0.059204998018336757 -0.002324354450704245 0.024012949850545636 -0.034075845321408324 0.089151597247627015 0.0085283026701163007
leaf_weight=341.92205432057381 141.88864763081074 40.348575443029404 689.94509769976139 5.6890899389982215 403.27665899693966 21.029604837298393 117.83410190045834
leaf_count=1694 647 249 3050 23 2135 89 480
internal_value=4.77014e-05 0.0117746 0.0082027 -0.0191137 -0.0255862 0.0707301 0.00942859
internal_weight=1761.93 1093.25 1031.87 668.688 545.165 61.3782 123.523
internal_count=8367 5082 4744 3285 2782 338 503
is_linear=0
shrinkage=0.1


Tree=21
num_leaves=8
num_cat=0
split_feature=8 13 15 12 11 9 0
split_gain=36.1794 22.403 19.9613 9.81155 7.68451 6.77457 2.90462
threshold=1.0000000180025095e-35 1.0000000180025095e-35 1.0000000180025095e-35 1.0000000180025095e-35 1.0000000180025095e-35 1.0000000180025095e-35 1.0000000180025095e-35
decision_type=2 2 2 2 2 2 2
left_child=1 6 5 -4 -3 -2 -1
right_child=2 4 3 -5 -6 -7 -8
leaf_value=0.0012865287052657086 -0.033935222207243931 0.044683599433062771 -0.027069043568925574 0.0047964550546682394 0.018743805358771574 0.063620791928789069 -0.021541547366958565
leaf_weight=99.9500892162323 348.73670570552349 155.37225764989853 121.41693659126759 457.72775954008102 436.21836946904659 6.3780454099178305 124.70226599276066
leaf_count=423 1822 838 556 2004 2075 28 621
internal_value=5.25418e-05 0.0154232 -0.0133786 -0.00191925 0.0256204 -0.0320093 -0.0114244
internal_weight=1750.5 816.243 934.259 579.145 591.591 355.115 224.652
internal_count=8367 3957 4410 2560 2913 1850 1044
is_linear=0
shrinkage=0.1


Tree=22
num_leaves=8
num_cat=0
split_feature=7 16 8 10 9 11 15
split_gain=30.362 19.4414 9.96993 9.52837 2.82448 3.68143 3.24325
threshold=1.0000000180025095e-35 1.0000000180025095e-35 1.0000000180025095e-35 1.0000000180025095e-35 1.0000000180025095e-35 1.0000000180025095e-35 1.0000000180025095e-35
decision_type=2 2 2 2 2 2 2
left_child=4 3 -3 -2 5 -1 -6
right_child=1 2 -4 -5 6 -7 -8
leaf_value=0.043004076142240555 0.0019639262626097659 0.012743453448624901 -0.0070136354575041308 -0.033839223251780466 -0.015874799390332813 0.017408600153579833 0.069623076313208618
leaf_weight=82.439302608370781 99.137754067778587 435.25861980021 615.17101943492889 294.81364890933037 4.8563811033964148 180.7641324698925 27.750790968537331
leaf_count=523 471 1941 2731 1581 31 901 188
internal_value=4.9185e-05 -0.00593311 0.00117729 -0.0248472 0.029181 0.0255579 0.0567959
internal_weight=1740.19 1444.38 1050.43 393.951 295.811 263.203 32.6072
internal_count=8367 6724 4672 2052 1643 1424 219
is_linear=0
shrinkage=0.1


Tree=23
num_leaves=8
num_cat=0
split_feature=0 9 11 9 10 5 8
split_gain=25.5898 17.7254 16.0098 9.01662 8.28128 0.827004 0.127219
threshold=1.0000000180025095e-35 1.0000000180025095e-35 1.0000000180025095e-35 1.0000000180025095e-35 1.0000000180025095e-35 1.0000000180025095e-35 1.0000000180025095e-35
decision_type=2 2 2 2 2 2 2
left_child=1 2 -1 4 -2 -3 -5
right_child=3 5 -4 6 -6 -7 -8
leaf_value=0.027443891571409657 -0.00041886095675882702 0.051098078011557371 -0.0010386740695602003 0.022471865930205948 -0.028686944715016056 0.080740816679620381 0.007889212959610389
leaf_weight=266.54293420910835 141.09126581251621 37.380538418889046 751.88168773055077 5.6953088492155066 389.68171119689941 20.618114694952965 117.93437843024731
leaf_count=1391 647 249 3353 23 2135 89 480
internal_value=5.12928e-05 0.00952927 0.00643542 -0.0155297 -0.0211876 0.0628258 0.00873592
internal_weight=1730.83 1076.42 1018.42 654.403 530.773 57.9987 123.63
internal_count=8367 5082 4744 3285 2782 338 503
is_linear=0
shrinkage=0.1


Tree=24
num_leaves=8
num_cat=0
split_feature=8 13 16 11 9 9 3
split_gain=24.4531 15.1676 14.3732 6.76402 6.13031 5.42618 2.8211
threshold=1.0000000180025095e-35 1.0000000180025095e-35 1.0000000180025095e-35 1.0000000180025095e-35 1.0000000180025095e-35 1.0000000180025095e-35 1.0000000180025095e-35
decision_type=2 2 2 2 2 2 2
left_child=1 6 4 -4 -2 -3 -1
right_child=2 5 3 -5 -6 -7 -8
leaf_value=-0.036591057937571399 -0.034516940312777127 0.018501941550746161 0.017425662042916422 -0.0083533112296398492 0.074255570777464808 0.055177003366349391 -0.0047176114265650559
leaf_weight=31.616992011666298 232.99901461601257 536.75157535076141 123.413618683815 559.16361649334431 4.3900022208690634 43.007676228880882 189.82876867055893
leaf_count=135 1307 2640 587 2497 19 273 909
internal_value=5.57378e-05 0.0128196 -0.0110622 -0.00367366 -0.0322024 0.0213129 -0.00941239
internal_weight=1721.17 801.205 919.966 682.577 237.389 579.759 221.446
internal_count=8367 3957 4410 3084 1326 2913 1044
is_linear=0
shrinkage=0.1


end of trees

feature_importances:
MSinceMostRecentInqexcl7days_lt=_-7.5=29
MSinceMostRecentInqexcl7days_lt=_0.5=25
AverageMInFile_lt=_75.5=24
MSinceMostRecentInqexcl7days_lt=_1.5=17
ExternalRiskEstimate_lt=_67.5=12
PercentTradesWBalance_lt=_73.5=11
ExternalRiskEstimate_lt=_78.5=9
PercentTradesWBalance_lt=_80.5=9
ExternalRiskEstimate_lt=_70.5=6
NetFractionRevolvingBurden_lt=_47.5=6
ExternalRiskEstimate_lt=_74.5=5
NetFractionRevolvingBurden_lt=_37.5=5
NetFractionRevolvingBurden_lt=_57.5=5
ExternalRiskEstimate_lt=_81.5=4
ExternalRiskEstimate_lt=_73.5=3
ExternalRiskEstimate_lt=_75.5=3
ExternalRiskEstimate_lt=_80.5=2

parameters:
[boosting: gbdt]
[objective: binary]
[metric: binary_logloss]
[tree_learner: serial]
[device_type: cpu]
[data_sample_strategy: bagging]
[data: ]
[valid: ]
[num_iterations: 25]
[learning_rate: 0.1]
[num_leaves: 31]
[num_threads: 8]
[seed: 42]
[deterministic: 0]
[force_col_wise: 0]
[force_row_wise: 0]
[histogram_pool_size: -1]
[max_depth: 3]
[min_data_in_leaf: 20]
[min_sum_hessian_in_leaf: 0.001]
[bagging_fraction: 1]
[pos_bagging_fraction: 1]
[neg_bagging_fraction: 1]
[bagging_freq: 0]
[bagging_seed: 400]
[bagging_by_query: 0]
[feature_fraction: 1]
[feature_fraction_bynode: 1]
[feature_fraction_seed: 30056]
[extra_trees: 0]
[extra_seed: 12879]
[early_stopping_round: 0]
[early_stopping_min_delta: 0]
[first_metric_only: 0]
[max_delta_step: 0]
[lambda_l1: 0]
[lambda_l2: 1]
[linear_lambda: 0]
[min_gain_to_split: 0]
[drop_rate: 0.1]
[max_drop: 50]
[skip_drop: 0.5]
[xgboost_dart_mode: 0]
[uniform_drop: 0]
[drop_seed: 17869]
[top_rate: 0.2]
[other_rate: 0.1]
[min_data_per_group: 100]
[max_cat_threshold: 32]
[cat_l2: 10]
[cat_smooth: 10]
[max_cat_to_onehot: 4]
[top_k: 20]
[monotone_constraints: ]
[monotone_constraints_method: basic]
[monotone_penalty: 0]
[feature_contri: ]
[forcedsplits_filename: ]
[refit_decay_rate: 0.9]
[cegb_tradeoff: 1]
[cegb_penalty_split: 0]
[cegb_penalty_feature_lazy: ]
[cegb_penalty_feature_coupled: ]
[path_smooth: 0]
[interaction_constraints: ]
[verbosity: -1]
[saved_feature_importance_type: 0]
[use_quantized_grad: 0]
[num_grad_quant_bins: 4]
[quant_train_renew_leaf: 0]
[stochastic_rounding: 1]
[linear_tree: 0]
[max_bin: 255]
[max_bin_by_feature: ]
[min_data_in_bin: 3]
[bin_construct_sample_cnt: 200000]
[data_random_seed: 175]
[is_enable_sparse: 1]
[enable_bundle: 1]
[use_missing: 1]
[zero_as_missing: 0]
[feature_pre_filter: 1]
[pre_partition: 0]
[two_round: 0]
[header: 0]
[label_column: ]
[weight_column: ]
[group_column: ]
[ignore_column: ]
[categorical_feature: ]
[forcedbins_filename: ]
[precise_float_parser: 0]
[parser_config_file: ]
[objective_seed: 16083]
[num_class: 1]
[is_unbalance: 0]
[scale_pos_weight: 1]
[sigmoid: 1]
[boost_from_average: 1]
[reg_sqrt: 0]
[alpha: 0.9]
[fair_c: 1]
[poisson_max_delta_step: 0.7]
[tweedie_variance_power: 1.5]
[lambdarank_truncation_level: 30]
[lambdarank_norm: 1]
[label_gain: ]
[lambdarank_position_bias_regularization: 0]
[eval_at: ]
[multi_error_top_k: 1]
[auc_mu_weights: ]
[num_machines: 1]
[local_listen_port: 12400]
[time_out: 120]
[machine_list_filename: ]
[machines: ]
[gpu_platform_id: -1]
[gpu_device_id: -1]
[gpu_use_dp: 0]
[num_gpu: 1]

end of parameters

pandas_categorical:[]
