tree
version=v4
num_class=1
num_tree_per_iteration=1
label_index=0
max_feature_idx=24
objective=binary sigmoid:1
feature_names=season_lt=_1.5 yr_lt=_0.5 hr_lt=_5.5 hr_lt=_6.5 hr_lt=_7.5 hr_lt=_11.5 hr_lt=_20.5 hr_lt=_21.5 hr_lt=_22.5 weathersit_lt=_2.5 temp_lt=_0.3100000023841858 temp_lt=_0.3500000089406967 temp_lt=_0.3700000047683716 temp_lt=_0.4099999964237213 temp_lt=_0.45000000298023224 temp_lt=_0.4699999988079071 atemp_lt=_0.28030000627040863 atemp_lt=_0.31059999763965607 atemp_lt=_0.3257499933242798 atemp_lt=_0.5985000133514404 atemp_lt=_0.6136500239372253 hum_lt=_0.625 hum_lt=_0.7450000047683716 hum_lt=_0.7950000166893005 temp_lt=_0.5099999904632568
feature_infos=[0:1] [0:1] [0:1] [0:1] [0:1] [0:1] [0:1] [0:1] [0:1] [0:1] [0:1] [0:1] [0:1] [0:1] [0:1] [0:1] [0:1] [0:1] [0:1] [0:1] [0:1] [0:1] [0:1] [0:1] [0:1]
tree_sizes=894 901 905 904 902 906 907 908 1014 1016 1015 1019 1017 1018 1012 1019 1018 1022 1022 1022 911 914 1019 1018 1017

Tree=0
num_leaves=7
num_cat=0
split_feature=3 12 8 1 2 1
split_gain=4990.34 1452.91 515.783 265.684 29.252 40.8909
threshold=1.0000000180025095e-35 1.0000000180025095e-35 1.0000000180025095e-35 1.0000000180025095e-35 1.0000000180025095e-35 1.0000000180025095e-35
decision_type=2 2 2 2 2 2
left_child=1 2 -1 -3 5 -2
right_child=4 3 -4 -5 -6 -7
leaf_value=-0.10720773748454829 -0.094061561585856407 0.017288904963985791 0.1336016562898662 -0.1051940292676538 -0.19955032351452004 -0.2011031766378146
leaf_weight=93.249594256281853 73.74967910349369 329.24856738746166 1668.7427390366793 381.49834004044533 854.99627977609634 74.249676927924156
leaf_count=373 295 1317 6675 1526 3420 297
internal_value=-0.00417176 0.0721425 0.120806 -0.0485042 -0.192202 -0.148724
internal_weight=3475.73 2472.74 1761.99 710.747 1003 147.999
internal_count=13903 9891 7048 2843 4012 592
is_linear=0
shrinkage=1


Tree=1
num_leaves=7
num_cat=0
split_feature=3 14 6 8 2 1
split_gain=4077.47 1210.41 372.227 356.469 24.4072 34.1902
threshold=1.0000000180025095e-35 1.0000000180025095e-35 1.0000000180025095e-35 1.0000000180025095e-35 1.0000000180025095e-35 1.0000000180025095e-35
decision_type=2 2 2 2 2 2
left_child=1 3 -3 -1 5 -2
right_child=4 2 -4 -5 -6 -7
leaf_value=-0.081376071797302468 -0.081204475046348118 -0.14123920081519384 0.013765072253086217 0.13845006899385709 -0.17768367280609054 -0.17934290771899247
leaf_weight=77.277739495038986 73.587112054228783 190.5906798094511 808.81145843863487 1387.30013859272 846.54459357261658 73.504318669438362
leaf_count=310 295 764 3243 5574 3420 297
internal_value=-2.49091e-05 0.0689366 -0.0159066 0.126803 -0.17093 -0.131126
internal_weight=3457.62 2463.98 999.402 1464.58 993.636 147.091
internal_count=13903 9891 4007 5884 4012 592
is_linear=0
shrinkage=0.1


Tree=2
num_leaves=7
num_cat=0
split_feature=3 11 7 1 2 1
split_gain=3376.54 1025.26 412.153 181.955 21.6239 29.9192
threshold=1.0000000180025095e-35 1.0000000180025095e-35 1.0000000180025095e-35 1.0000000180025095e-35 1.0000000180025095e-35 1.0000000180025095e-35
decision_type=2 2 2 2 2 2
left_child=1 2 -1 -3 5 -2
right_child=4 3 -4 -5 -6 -7
leaf_value=-0.035891525749667495 -0.073607870636330772 0.0098827597275763426 0.11654385849267042 -0.099547719933692783 -0.16425675712759077 -0.16603754109824279
leaf_weight=198.50514551997185 73.186518922448158 279.736850887537 1633.5056648552418 331.17869712412357 825.28937458992004 71.626787513494492
leaf_count=804 295 1120 6636 1331 3420 297
internal_value=-6.01115e-05 0.0626197 0.100016 -0.0495055 -0.157803 -0.12015
internal_weight=3413.03 2442.93 1832.01 610.916 970.103 144.813
internal_count=13903 9891 7440 2451 4012 592
is_linear=0
shrinkage=0.1


Tree=3
num_leaves=7
num_cat=0
split_feature=3 15 1 8 2 1
split_gain=2824.45 898.175 324.614 229.308 19.996 27.0402
threshold=1.0000000180025095e-35 1.0000000180025095e-35 1.0000000180025095e-35 1.0000000180025095e-35 1.0000000180025095e-35 1.0000000180025095e-35
decision_type=2 2 2 2 2 2
left_child=1 3 -3 -1 5 -2
right_child=4 2 -4 -5 -6 -7
leaf_value=-0.063863513257560109 -0.066883869763558534 0.045716833277383628 -0.064876173532690734 0.12081264681810465 -0.15371942308383846 -0.15564159835773117
leaf_weight=70.35992793738842 72.619701400399208 510.04433497786522 551.22366134822369 1281.0674744099379 795.26614844799042 68.971104070544243
leaf_count=285 295 2056 2237 5313 3420 297
internal_value=-0.000103302 0.0571198 -0.0117323 0.111158 -0.147374 -0.110907
internal_weight=3349.55 2412.7 1061.27 1351.43 936.857 141.591
internal_count=13903 9891 4293 5598 4012 592
is_linear=0
shrinkage=0.1


Tree=4
num_leaves=7
num_cat=0
split_feature=3 10 23 6 2 1
split_gain=2381.61 780.61 384.071 81.4441 19.0649 25
threshold=1.0000000180025095e-35 1.0000000180025095e-35 1.0000000180025095e-35 1.0000000180025095e-35 1.0000000180025095e-35 1.0000000180025095e-35
decision_type=2 2 2 2 2 2
left_child=1 2 -1 -3 5 -2
right_child=4 3 -4 -5 -6 -7
leaf_value=-0.019383918217429658 -0.060876488708894394 -0.15497334255305908 0.099051395005639781 -0.047520682166262519 -0.14522896752875236 -0.14731434607518878
leaf_weight=329.06343799829483 71.941849291324615 88.810364663600922 1621.0048732757568 337.18500301241875 759.4768300652504 65.801598832011223
leaf_count=1369 295 364 6796 1362 3420 297
internal_value=-0.000137317 0.0522809 0.0790664 -0.0702326 -0.138857 -0.102933
internal_weight=3273.28 2376.06 1950.07 425.995 897.22 137.743
internal_count=13903 9891 8165 1726 4012 592
is_linear=0
shrinkage=0.1


Tree=5
num_leaves=7
num_cat=0
split_feature=3 0 7 1 2 1
split_gain=2018.28 706.701 366.341 218.109 18.5766 23.4817
threshold=1.0000000180025095e-35 1.0000000180025095e-35 1.0000000180025095e-35 1.0000000180025095e-35 1.0000000180025095e-35 1.0000000180025095e-35
decision_type=2 2 2 2 2 2
left_child=1 2 -1 -3 5 -2
right_child=4 3 -4 -5 -6 -7
leaf_value=-0.044705816207774092 -0.055470431041288959 0.013960683242428235 0.096967525137831939 -0.10615941694861136 -0.13823900978739831 -0.14051066799378928
leaf_weight=206.59070725739002 71.195193454623222 305.4563350379467 1532.458878070116 297.85756595432758 720.16593754291534 62.316531836986542
leaf_count=849 295 1248 6567 1227 3420 297
internal_value=-0.000196312 0.0477805 0.0801214 -0.0454204 -0.131739 -0.0959124
internal_weight=3196.04 2342.36 1739.05 603.314 853.678 133.512
internal_count=13903 9891 7416 2475 4012 592
is_linear=0
shrinkage=0.1


Tree=6
num_leaves=7
num_cat=0
split_feature=3 15 6 23 2 14
split_gain=1719.97 626.707 267.371 195.191 18.3796 22.869
threshold=1.0000000180025095e-35 1.0000000180025095e-35 1.0000000180025095e-35 1.0000000180025095e-35 1.0000000180025095e-35 1.0000000180025095e-35
decision_type=2 2 2 2 2 2
left_child=1 3 -3 -1 5 -2
right_child=4 2 -4 -5 -6 -7
leaf_value=-0.0036227955940225627 -0.04435874871398976 -0.11767452418872909 0.011073922209111721 0.10761855277458852 -0.13237850415608524 -0.12944003291619485
leaf_weight=184.78837755322456 61.390033394098282 198.2989519238472 845.26159539818764 1073.8752072751522 679.01006877422333 67.686178103089333
leaf_count=795 281 823 3470 4803 3420 311
internal_value=-0.000242513 0.0438179 -0.0134803 0.0912969 -0.125669 -0.0896266
internal_weight=3110.31 2302.22 1043.56 1258.66 808.086 129.076
internal_count=13903 9891 4293 5598 4012 592
is_linear=0
shrinkage=0.1


Tree=7
num_leaves=7
num_cat=0
split_feature=3 17 9 6 2 1
split_gain=1470.91 538.452 315.251 71.6988 18.8607 24.1307
threshold=1.0000000180025095e-35 1.0000000180025095e-35 1.0000000180025095e-35 1.0000000180025095e-35 1.0000000180025095e-35 1.0000000180025095e-35
decision_type=2 2 2 2 2 2
left_child=1 2 -1 -3 5 -2
right_child=4 3 -4 -5 -6 -7
leaf_value=-0.071618054722371274 -0.042868102041098227 -0.13694590938722936 0.077867101237498931 -0.036550779649297885 -0.12738579391140517 -0.13168221079040038
leaf_weight=153.55119425058365 68.950427621603012 87.045994535088539 1642.6232390105724 377.8260619789362 637.25396990776062 56.201514601707458
leaf_count=659 295 380 7313 1539 3420 297
internal_value=-0.000272432 0.0402342 0.0650552 -0.0556031 -0.120297 -0.0834792
internal_weight=3023.45 2261.05 1796.17 464.872 762.406 125.152
internal_count=13903 9891 7972 1919 4012 592
is_linear=0
shrinkage=0.1


Tree=8
num_leaves=8
num_cat=0
split_feature=3 19 1 8 2 1 20
split_gain=1261.86 496.168 318.333 72.6068 18.9688 22.917 0.163077
threshold=1.0000000180025095e-35 1.0000000180025095e-35 1.0000000180025095e-35 1.0000000180025095e-35 1.0000000180025095e-35 1.0000000180025095e-35 1.0000000180025095e-35
decision_type=2 2 2 2 2 2 2
left_child=1 3 -3 -1 5 -2 -6
right_child=4 2 -4 -5 6 -7 -8
leaf_value=-0.043247829012210276 -0.039099968586067846 0.050617564331777304 -0.041972667436782365 0.11035907000176831 -0.10989078591213704 -0.12740325599550034 -0.12502447318414681
leaf_weight=31.666646912693977 68.174238875508308 728.72594010829926 755.03482040762901 707.78983043134212 84.319520950317383 52.504049688577652 511.49197006225586
leaf_count=127 295 3121 3247 3396 484 297 2936
internal_value=-0.000325905 0.0368726 0.00350504 0.103731 -0.115641 -0.0782498 -0.12307
internal_weight=2939.71 2223.22 1483.76 739.456 716.49 120.678 595.811
internal_count=13903 9891 6368 3523 4012 592 3420
is_linear=0
shrinkage=0.1


Tree=9
num_leaves=8
num_cat=0
split_feature=3 0 22 1 2 14 20
split_gain=1086.47 465.139 297.643 147.616 19.1592 22.4179 0.258507
threshold=1.0000000180025095e-35 1.0000000180025095e-35 1.0000000180025095e-35 1.0000000180025095e-35 1.0000000180025095e-35 1.0000000180025095e-35 1.0000000180025095e-35
decision_type=2 2 2 2 2 2 2
left_child=1 2 -1 -3 5 -2 -6
right_child=4 3 -4 -5 6 -7 -8
leaf_value=-0.011018249670839569 -0.027428059232379967 0.0070031743529282726 0.087353205686783356 -0.093214088991585911 -0.10569479735366223 -0.11556207507226729 -0.12133252255461356
leaf_weight=415.2406844496727 56.414458855986595 298.95707269012928 1183.0312877297401 287.86883792281151 79.205665349960327 59.881749242544174 476.19843018054962
leaf_count=1806 281 1248 5610 1227 484 311 2936
internal_value=-0.00033967 0.0338579 0.0618048 -0.0422336 -0.111472 -0.0734072 -0.119296
internal_weight=2856.8 2185.1 1598.27 586.826 671.7 116.296 555.404
internal_count=13903 9891 7416 2475 4012 592 3420
is_linear=0
shrinkage=0.1


Tree=10
num_leaves=8
num_cat=0
split_feature=3 24 6 8 2 1 20
split_gain=936.668 394.92 241.519 143.536 19.8219 23.4263 0.365257
threshold=1.0000000180025095e-35 1.0000000180025095e-35 1.0000000180025095e-35 1.0000000180025095e-35 1.0000000180025095e-35 1.0000000180025095e-35 1.0000000180025095e-35
decision_type=2 2 2 2 2 2 2
left_child=1 3 -3 -1 5 -2 -6
right_child=4 2 -4 -5 6 -7 -8
leaf_value=-0.068104104578249683 -0.029313512146491125 -0.10690406280438808 0.012189977317920431 0.08524485184022243 -0.10180472570060815 -0.12192236108890531 -0.11809027519730264
leaf_weight=64.418186500668526 65.86160147190094 208.74853272736073 904.20976859331131 967.88912083208561 74.302094757556915 46.752816125750542 442.12686622142792
leaf_count=260 295 905 3839 4887 484 297 2936
internal_value=-0.000370441 0.0311001 -0.0102234 0.0756189 -0.107575 -0.0684956 -0.115948
internal_weight=2774.31 2145.27 1112.96 1032.31 629.043 112.614 516.429
internal_count=13903 9891 4744 5147 4012 592 3420
is_linear=0
shrinkage=0.1


Tree=11
num_leaves=8
num_cat=0
split_feature=3 0 22 1 2 1 20
split_gain=809.945 358.483 251.918 122.409 20.0475 22.2018 0.480867
threshold=1.0000000180025095e-35 1.0000000180025095e-35 1.0000000180025095e-35 1.0000000180025095e-35 1.0000000180025095e-35 1.0000000180025095e-35 1.0000000180025095e-35
decision_type=2 2 2 2 2 2 2
left_child=1 2 -1 -3 5 -2 -6
right_child=4 3 -4 -5 6 -7 -8
leaf_value=-0.013072249144262835 -0.026693092743748544 0.0064606300208654606 0.078621180063371196 -0.0854680721598364 -0.098152533901306849 -0.11897424361667581 -0.11521095814247771
leaf_weight=409.14155867695808 65.227237522602081 296.8073413670063 1115.7939385324717 281.67156347632408 69.639835894107819 43.321299031376839 409.55937695503235
leaf_count=1806 295 1248 5610 1227 484 297 2936
internal_value=-0.000396895 0.0286098 0.0540273 -0.0383713 -0.104077 -0.064272 -0.112941
internal_weight=2691.16 2103.41 1524.94 578.479 587.748 108.549 479.199
internal_count=13903 9891 7416 2475 4012 592 3420
is_linear=0
shrinkage=0.1


Tree=12
num_leaves=8
num_cat=0
split_feature=3 19 7 1 2 14 20
split_gain=701.205 322.158 241.987 62.4532 20.2629 22.0875 0.603588
threshold=1.0000000180025095e-35 1.0000000180025095e-35 1.0000000180025095e-35 1.0000000180025095e-35 1.0000000180025095e-35 1.0000000180025095e-35 1.0000000180025095e-35
decision_type=2 2 2 2 2 2 2
left_child=1 3 -3 -1 5 -2 -6
right_child=4 2 -4 -5 6 -7 -8
leaf_value=0.11572925220426329 -0.013636529314419174 -0.10294633368826567 0.016405706058139246 0.05255553742409888 -0.094684273741292319 -0.10538014529442959 -0.11262574968340913
leaf_weight=330.16726334393024 52.086541250348091 195.90716233849525 1236.4603322446346 302.34827376902103 65.237387955188751 52.594695210456848 378.67559909820557
leaf_count=1843 281 857 5511 1680 484 311 2936
internal_value=-0.000422918 0.0262836 2.13065e-05 0.0856623 -0.10081 -0.060292 -0.110208
internal_weight=2613.48 2064.88 1432.37 632.516 548.594 104.681 443.913
internal_count=13903 9891 6368 3523 4012 592 3420
is_linear=0
shrinkage=0.1


Tree=13
num_leaves=8
num_cat=0
split_feature=3 10 1 6 2 1 20
split_gain=607.113 304.255 253.71 37.0411 20.8243 22.3492 0.732017
threshold=1.0000000180025095e-35 1.0000000180025095e-35 1.0000000180025095e-35 1.0000000180025095e-35 1.0000000180025095e-35 1.0000000180025095e-35 1.0000000180025095e-35
decision_type=2 2 2 2 2 2 2
left_child=1 2 -1 -3 5 -2 -6
right_child=4 3 -4 -5 6 -7 -8
leaf_value=0.082445400964790097 -0.018975394134941231 -0.1179369724057166 0.00360184551397515 -0.039369377064701783 -0.091356993770433367 -0.11533234977864476 -0.11027910129394286
leaf_weight=820.21665360033512 63.133765563368797 73.191935434937477 811.57573314011097 326.18406499922276 61.103730082511902 38.404317274689674 349.57733845710754
leaf_count=4195 295 364 3970 1362 484 297 2936
internal_value=-0.000430444 0.0241128 0.0432586 -0.0540267 -0.0976123 -0.0561894 -0.107693
internal_weight=2543.39 2031.17 1631.79 399.376 512.219 101.538 410.681
internal_count=13903 9891 8165 1726 4012 592 3420
is_linear=0
shrinkage=0.1


Tree=14
num_leaves=8
num_cat=0
split_feature=3 9 7 19 2 1 20
split_gain=526.447 272.67 275.82 38.6814 20.9432 21.0351 0.8649
threshold=1.0000000180025095e-35 1.0000000180025095e-35 1.0000000180025095e-35 1.0000000180025095e-35 1.0000000180025095e-35 1.0000000180025095e-35 1.0000000180025095e-35
decision_type=2 2 2 2 2 2 2
left_child=1 3 -3 -1 5 -2 -6
right_child=4 2 -4 -5 6 -7 -8
leaf_value=0.034249399037329036 -0.017234804142311651 -0.068133104817882484 0.049089900726975499 -0.10636637900058624 -0.088136451524304882 -0.11315035766443518 -0.10812548287030313
leaf_weight=21.591160640120506 62.68453261256218 229.1019840836525 1576.4368889033794 171.52392216026783 57.240723013877869 35.403660111129284 322.30757921934128
leaf_count=115 295 1035 8002 739 484 297 2936
internal_value=-0.000454509 0.0220946 0.0341862 -0.0905494 -0.0946597 -0.0526468 -0.10535
internal_weight=2476.29 1998.65 1805.54 193.115 477.636 98.0882 379.548
internal_count=13903 9891 9037 854 4012 592 3420
is_linear=0
shrinkage=0.1


Tree=15
num_leaves=8
num_cat=0
split_feature=3 0 9 1 2 14 15
split_gain=456.454 266.262 195.386 94.0871 21.0061 21.5108 1.0184
threshold=1.0000000180025095e-35 1.0000000180025095e-35 1.0000000180025095e-35 1.0000000180025095e-35 1.0000000180025095e-35 1.0000000180025095e-35 1.0000000180025095e-35
decision_type=2 2 2 2 2 2 2
left_child=1 2 -1 -3 5 -2 -6
right_child=4 3 -4 -5 6 -7 -8
leaf_value=-0.067139882123380332 -0.0024690706732756287 0.0018771940777757359 0.055834262073145617 -0.079856340673072124 -0.094741821108460952 -0.097271711790789986 -0.1101247687866741
leaf_weight=142.99316741526127 48.545456975698471 288.8605055809021 1268.5364370942116 273.76867160201073 165.67731419205666 46.31217173486948 184.83314576745033
leaf_count=635 281 1248 6781 1227 1592 311 1828
internal_value=-0.000480293 0.0201594 0.0433378 -0.0379645 -0.091809 -0.0492863 -0.103144
internal_weight=2419.53 1974.16 1411.53 562.629 445.368 94.8576 350.51
internal_count=13903 9891 7416 2475 4012 592 3420
is_linear=0
shrinkage=0.1


Tree=16
num_leaves=8
num_cat=0
split_feature=3 1 10 19 2 1 20
split_gain=395.84 243.179 142.299 132.535 21.309 20.8038 1.20189
threshold=1.0000000180025095e-35 1.0000000180025095e-35 1.0000000180025095e-35 1.0000000180025095e-35 1.0000000180025095e-35 1.0000000180025095e-35 1.0000000180025095e-35
decision_type=2 2 2 2 2 2 2
left_child=1 2 -1 -3 5 -2 -6
right_child=4 3 -4 -5 6 -7 -8
leaf_value=0.073603258837934699 -0.011181035107145439 0.042079869090641195 -0.023699057930650913 -0.039129287974002669 -0.081555040022626257 -0.11058403100172194 -0.10428387989158452
leaf_weight=765.38248731195927 60.899520307779312 279.07341229915619 186.45147170126438 710.98858316242695 49.935387074947357 31.392702162265778 273.6130285859108
leaf_count=4195 295 1680 769 3247 484 297 2936
internal_value=-0.000497849 0.0184733 0.0545382 -0.0162191 -0.0889212 -0.0458154 -0.101038
internal_weight=2357.74 1941.9 951.834 990.062 415.841 92.2922 323.548
internal_count=13903 9891 4964 4927 4012 592 3420
is_linear=0
shrinkage=0.1


Tree=17
num_leaves=8
num_cat=0
split_feature=3 7 17 24 2 14 15
split_gain=343.926 237.609 212.112 47.6225 21.2029 19.8691 1.37663
threshold=1.0000000180025095e-35 1.0000000180025095e-35 1.0000000180025095e-35 1.0000000180025095e-35 1.0000000180025095e-35 1.0000000180025095e-35 1.0000000180025095e-35
decision_type=2 2 2 2 2 2 2
left_child=1 3 -3 -1 5 -2 -6
right_child=4 2 -4 -5 6 -7 -8
leaf_value=-0.028651351414949927 0.0021383378111614845 0.05010655232112067 -0.034460981003073002 -0.11674027224515104 -0.089430032393491149 -0.091623055306781054 -0.10714637828606194
leaf_weight=119.15549620985985 47.072015836834908 1279.4961761087179 385.21604643762112 127.456110060215 142.59486624598503 42.396617271006107 155.95870104432106
leaf_count=532 281 7093 1661 605 1592 311 1828
internal_value=-0.000486596 0.0169497 0.0305286 -0.0744659 -0.0861971 -0.0428141 -0.0990115
internal_weight=2299.35 1911.32 1664.71 246.612 388.022 89.4686 298.554
internal_count=13903 9891 8754 1137 4012 592 3420
is_linear=0
shrinkage=0.1


Tree=18
num_leaves=8
num_cat=0
split_feature=4 7 1 2 24 1 20
split_gain=300.963 213.554 200.515 45.7292 41.7724 17.7518 1.5463
threshold=1.0000000180025095e-35 1.0000000180025095e-35 1.0000000180025095e-35 1.0000000180025095e-35 1.0000000180025095e-35 1.0000000180025095e-35 1.0000000180025095e-35
decision_type=2 2 2 2 2 2 2
left_child=1 4 -3 5 -1 -2 -5
right_child=3 2 -4 6 -6 -7 -8
leaf_value=-0.025692719981225649 -0.0088642304498408996 0.070839923640414415 -0.0019696907768573016 -0.075085532640632779 -0.10871893023440093 -0.067889962072792145 -0.10083096178472191
leaf_weight=119.67496481537819 117.31009711325169 720.27686396241188 795.19434595108032 43.676319479942322 123.45781844854355 89.555288843810558 231.80929893255234
leaf_count=532 584 4090 4083 484 605 589 2936
internal_value=-0.00050398 0.0186949 0.0326593 -0.0703949 -0.0681244 -0.0346211 -0.0970355
internal_weight=2240.95 1758.6 1515.47 482.351 243.133 206.865 275.486
internal_count=13903 9310 8173 4593 1137 1173 3420
is_linear=0
shrinkage=0.1


Tree=19
num_leaves=8
num_cat=0
split_feature=3 19 9 5 2 1 15
split_gain=260.169 200.853 150.791 62.768 20.5958 19.527 1.76767
threshold=1.0000000180025095e-35 1.0000000180025095e-35 1.0000000180025095e-35 1.0000000180025095e-35 1.0000000180025095e-35 1.0000000180025095e-35 1.0000000180025095e-35
decision_type=2 2 2 2 2 2 2
left_child=1 3 -3 -1 5 -2 -6
right_child=4 2 -4 -5 6 -7 -8
leaf_value=0.08582824629405239 -0.0053054979422098858 -0.094297406754709212 0.0065745519423531908 0.0022260996771958559 -0.084179982392585784 -0.10747299199019222 -0.10460183420626722
leaf_weight=400.93396487832069 59.113399997353554 168.71806634962559 1167.8282362297177 115.71432086825371 122.92965364456177 26.444734565913677 131.27608844637871
leaf_count=2711 295 739 5629 812 1592 297 1828
internal_value=-0.000501178 0.0142583 -0.00621994 0.0671442 -0.0808103 -0.0377607 -0.0950947
internal_weight=2192.96 1853.19 1336.55 516.648 339.764 85.5581 254.206
internal_count=13903 9891 6368 3523 4012 592 3420
is_linear=0
shrinkage=0.1


Tree=20
num_leaves=7
num_cat=0
split_feature=2 0 21 6 15 1
split_gain=227.34 193.584 165.906 55.5354 1.94358 3.9179
threshold=1.0000000180025095e-35 1.0000000180025095e-35 1.0000000180025095e-35 1.0000000180025095e-35 1.0000000180025095e-35 1.0000000180025095e-35
decision_type=2 2 2 2 2 2
left_child=1 2 -1 -3 5 -2
right_child=4 3 -4 -5 -6 -7
leaf_value=-0.0037501462064793581 -0.061670831161249856 -0.11507029274351954 0.066119416617240523 -0.025591840011902723 -0.10341483592714538 -0.10132423420384676
leaf_weight=677.90776346623898 58.971810057759285 80.41412664949894 680.29551416635513 476.29282630980015 120.08866709470749 55.59634755551815
leaf_count=3605 821 439 4260 2179 1828 771
internal_value=-0.000482546 0.0109179 0.0312689 -0.0386998 -0.0931671 -0.0816236
internal_weight=2149.57 1914.91 1358.2 556.707 234.657 114.568
internal_count=13903 10483 7865 2618 3420 1592
is_linear=0
shrinkage=0.1


Tree=21
num_leaves=7
num_cat=0
split_feature=2 1 10 7 15 1
split_gain=200.123 185.347 117.64 83.2705 2.11589 3.99056
threshold=1.0000000180025095e-35 1.0000000180025095e-35 1.0000000180025095e-35 1.0000000180025095e-35 1.0000000180025095e-35 1.0000000180025095e-35
decision_type=2 2 2 2 2 2
left_child=1 2 -1 -3 5 -2
right_child=4 3 -4 -5 -6 -7
leaf_value=0.060608473094765608 -0.058702419079794704 -0.10374201890979667 -0.02626964650970099 -0.010252679354853451 -0.10228539727591011 -0.099880985024156446
leaf_weight=725.74066583067179 55.967920280992985 106.17610587924719 197.79005572199821 860.74108046293259 109.81031046807766 51.009526647627354
leaf_count=4407 821 552 852 4672 1828 771
internal_value=-0.000475524 0.00997684 0.0419937 -0.0206152 -0.0912503 -0.0790806
internal_weight=2107.24 1890.45 923.531 966.917 216.788 106.977
internal_count=13903 10483 5259 5224 3420 1592
is_linear=0
shrinkage=0.1


Tree=22
num_leaves=8
num_cat=0
split_feature=4 7 9 2 24 0 20
split_gain=180.646 162.83 162.98 33.3507 30.6576 12.7377 2.31872
threshold=1.0000000180025095e-35 1.0000000180025095e-35 1.0000000180025095e-35 1.0000000180025095e-35 1.0000000180025095e-35 1.0000000180025095e-35 1.0000000180025095e-35
decision_type=2 2 2 2 2 2 2
left_child=1 4 -3 5 -1 -2 -5
right_child=3 2 -4 6 -6 -7 -8
leaf_value=-0.027263062470803952 -0.017428282149688397 -0.070462403640321233 0.038284239891497374 -0.061540600571710083 -0.10011927040724503 -0.076142905647092238 -0.094507089722750931
leaf_weight=117.57596576213837 154.72623511403799 153.46795098483562 1282.7007370889187 33.532463535666466 114.51664424687624 47.939962044358253 166.87143136560917
leaf_count=532 896 693 7480 484 605 277 2936
internal_value=-0.000466877 0.014056 0.0266227 -0.0604614 -0.0634863 -0.0316227 -0.0893239
internal_weight=2071.33 1668.26 1436.17 403.07 232.093 202.666 200.404
internal_count=13903 9310 8173 4593 1137 1173 3420
is_linear=0
shrinkage=0.1


Tree=23
num_leaves=8
num_cat=0
split_feature=19 5 1 2 8 1 3
split_gain=166.825 102.912 100.094 73.128 69.3681 62.8715 38.1943
threshold=1.0000000180025095e-35 1.0000000180025095e-35 1.0000000180025095e-35 1.0000000180025095e-35 1.0000000180025095e-35 1.0000000180025095e-35 1.0000000180025095e-35
decision_type=2 2 2 2 2 2 2
left_child=1 4 3 -2 -1 -3 -4
right_child=2 5 6 -5 -6 -7 -8
leaf_value=-0.062611604390955825 0.019667058708635912 0.0472087314666432 -0.034141317080361173 -0.083628486192309559 0.091914087726962593 -0.077528377201098383 -0.10320905995747864
leaf_weight=31.190619260072708 666.21504427492619 76.392395883798599 685.5887990295887 75.391811203211546 326.1367227435112 83.645923960953951 90.115416549146175
leaf_count=127 3382 745 3247 1426 2584 760 1632
internal_value=-0.000475151 0.0485065 -0.0171976 0.00906755 0.0782887 -0.0180632 -0.0422876
internal_weight=2034.68 517.366 1517.31 741.607 357.327 160.038 775.704
internal_count=13903 4216 9687 4808 2711 1505 4879
is_linear=0
shrinkage=0.1


Tree=24
num_leaves=8
num_cat=0
split_feature=13 5 8 1 6 3 1
split_gain=147.378 137.587 143.874 67.7618 50.7656 66.2801 7.65933
threshold=1.0000000180025095e-35 1.0000000180025095e-35 1.0000000180025095e-35 1.0000000180025095e-35 1.0000000180025095e-35 1.0000000180025095e-35 1.0000000180025095e-35
decision_type=2 2 2 2 2 2 2
left_child=1 2 -1 -3 6 -6 -2
right_child=4 3 -4 -5 5 -7 -8
leaf_value=-0.076150986266919019 -0.067606847657118538 0.018130065120077792 0.064818553888370753 -0.060775103642163486 -0.010196617874884035 -0.098177513447669493 -0.12108389238051105
leaf_weight=80.644958704710007 63.809400364756584 213.68426876142621 647.89153794199228 220.06332330033183 620.8170480877161 98.386712588369846 54.093668878078461
leaf_count=345 298 2039 4404 1972 2777 1707 361
internal_value=-0.00042518 0.0226084 0.049131 -0.0219505 -0.032395 -0.022352 -0.092954
internal_weight=1999.39 1162.28 728.536 433.748 837.107 719.204 117.903
internal_count=13903 8760 4749 4011 5143 4484 659
is_linear=0
shrinkage=0.1


end of trees

feature_importances:
yr_lt=_0.5=34
hr_lt=_5.5=24
hr_lt=_6.5=21
atemp_lt=_0.6136500239372253=10
hr_lt=_20.5=8
hr_lt=_21.5=8
hr_lt=_22.5=7
temp_lt=_0.4699999988079071=7
season_lt=_1.5=6
temp_lt=_0.45000000298023224=6
atemp_lt=_0.5985000133514404=6
weathersit_lt=_2.5=5
temp_lt=_0.3100000023841858=4
temp_lt=_0.5099999904632568=4
hr_lt=_11.5=3
hr_lt=_7.5=2
atemp_lt=_0.31059999763965607=2
hum_lt=_0.7450000047683716=2
hum_lt=_0.7950000166893005=2
temp_lt=_0.3500000089406967=1
temp_lt=_0.3700000047683716=1
temp_lt=_0.4099999964237213=1
hum_lt=_0.625=1

parameters:
[boosting: gbdt]
[objective: binary]
[metric: binary_logloss]
[tree_learner: serial]
[device_type: cpu]
[data_sample_strategy: bagging]
[data: ]
[valid: ]
[num_iterations: 25]
[learning_rate: 0.1]
[num_leaves: 31]
[num_threads: 8]
[seed: 42]
[deterministic: 0]
[force_col_wise: 0]
[force_row_wise: 0]
[histogram_pool_size: -1]
[max_depth: 3]
[min_data_in_leaf: 20]
[min_sum_hessian_in_leaf: 0.001]
[bagging_fraction: 1]
[pos_bagging_fraction: 1]
[neg_bagging_fraction: 1]
[bagging_freq: 0]
[bagging_seed: 400]
[bagging_by_query: 0]
[feature_fraction: 1]
[feature_fraction_bynode: 1]
[feature_fraction_seed: 30056]
[extra_trees: 0]
[extra_seed: 12879]
[early_stopping_round: 0]
[early_stopping_min_delta: 0]
[first_metric_only: 0]
[max_delta_step: 0]
[lambda_l1: 0]
[lambda_l2: 1]
[linear_lambda: 0]
[min_gain_to_split: 0]
[drop_rate: 0.1]
[max_drop: 50]
[skip_drop: 0.5]
[xgboost_dart_mode: 0]
[uniform_drop: 0]
[drop_seed: 17869]
[top_rate: 0.2]
[other_rate: 0.1]
[min_data_per_group: 100]
[max_cat_threshold: 32]
[cat_l2: 10]
[cat_smooth: 10]
[max_cat_to_onehot: 4]
[top_k: 20]
[monotone_constraints: ]
[monotone_constraints_method: basic]
[monotone_penalty: 0]
[feature_contri: ]
[forcedsplits_filename: ]
[refit_decay_rate: 0.9]
[cegb_tradeoff: 1]
[cegb_penalty_split: 0]
[cegb_penalty_feature_lazy: ]
[cegb_penalty_feature_coupled: ]
[path_smooth: 0]
[interaction_constraints: ]
[verbosity: -1]
[saved_feature_importance_type: 0]
[use_quantized_grad: 0]
[num_grad_quant_bins: 4]
[quant_train_renew_leaf: 0]
[stochastic_rounding: 1]
[linear_tree: 0]
[max_bin: 255]
[max_bin_by_feature: ]
[min_data_in_bin: 3]
[bin_construct_sample_cnt: 200000]
[data_random_seed: 175]
[is_enable_sparse: 1]
[enable_bundle: 1]
[use_missing: 1]
[zero_as_missing: 0]
[feature_pre_filter: 1]
[pre_partition: 0]
[two_round: 0]
[header: 0]
[label_column: ]
[weight_column: ]
[group_column: ]
[ignore_column: ]
[categorical_feature: ]
[forcedbins_filename: ]
[precise_float_parser: 0]
[parser_config_file: ]
[objective_seed: 16083]
[num_class: 1]
[is_unbalance: 0]
[scale_pos_weight: 1]
[sigmoid: 1]
[boost_from_average: 1]
[reg_sqrt: 0]
[alpha: 0.9]
[fair_c: 1]
[poisson_max_delta_step: 0.7]
[tweedie_variance_power: 1.5]
[lambdarank_truncation_level: 30]
[lambdarank_norm: 1]
[label_gain: ]
[lambdarank_position_bias_regularization: 0]
[eval_at: ]
[multi_error_top_k: 1]
[auc_mu_weights: ]
[num_machines: 1]
[local_listen_port: 12400]
[time_out: 120]
[machine_list_filename: ]
[machines: ]
[gpu_platform_id: -1]
[gpu_device_id: -1]
[gpu_use_dp: 0]
[num_gpu: 1]

end of parameters

pandas_categorical:[]
