tree
version=v4
num_class=1
num_tree_per_iteration=1
label_index=0
max_feature_idx=89
objective=binary sigmoid:1
feature_names=ExternalRiskEstimate_lt=_59.5 ExternalRiskEstimate_lt=_62.5 ExternalRiskEstimate_lt=_63.5 ExternalRiskEstimate_lt=_64.5 ExternalRiskEstimate_lt=_66.5 ExternalRiskEstimate_lt=_67.5 ExternalRiskEstimate_lt=_70.5 ExternalRiskEstimate_lt=_73.5 ExternalRiskEstimate_lt=_74.5 ExternalRiskEstimate_lt=_75.5 ExternalRiskEstimate_lt=_78.5 ExternalRiskEstimate_lt=_80.5 ExternalRiskEstimate_lt=_81.5 ExternalRiskEstimate_lt=_84.5 ExternalRiskEstimate_lt=_86.5 MSinceOldestTradeOpen_lt=_29.0 MSinceOldestTradeOpen_lt=_134.5 MSinceOldestTradeOpen_lt=_138.5 MSinceOldestTradeOpen_lt=_213.5 MSinceOldestTradeOpen_lt=_251.5 MSinceOldestTradeOpen_lt=_288.5 MSinceOldestTradeOpen_lt=_392.0 MSinceMostRecentTradeOpen_lt=_34.5 MSinceMostRecentTradeOpen_lt=_59.5 AverageMInFile_lt=_42.5 AverageMInFile_lt=_49.5 AverageMInFile_lt=_57.5 AverageMInFile_lt=_59.5 AverageMInFile_lt=_60.5 AverageMInFile_lt=_63.5 AverageMInFile_lt=_64.5 AverageMInFile_lt=_69.5 AverageMInFile_lt=_75.5 AverageMInFile_lt=_80.5 AverageMInFile_lt=_84.5 AverageMInFile_lt=_88.5 AverageMInFile_lt=_220.5 NumSatisfactoryTrades_lt=_6.5 NumSatisfactoryTrades_lt=_8.5 NumSatisfactoryTrades_lt=_9.5 NumSatisfactoryTrades_lt=_13.5 NumSatisfactoryTrades_lt=_14.5 NumSatisfactoryTrades_lt=_15.5 NumSatisfactoryTrades_lt=_18.5 NumSatisfactoryTrades_lt=_19.5 NumSatisfactoryTrades_lt=_22.5 NumSatisfactoryTrades_lt=_26.5 NumSatisfactoryTrades_lt=_27.5 PercentTradesNeverDelq_lt=_76.5 PercentTradesNeverDelq_lt=_78.5 PercentTradesNeverDelq_lt=_83.5 PercentTradesNeverDelq_lt=_84.5 PercentTradesNeverDelq_lt=_91.5 PercentTradesNeverDelq_lt=_95.5 PercentTradesNeverDelq_lt=_96.5 MSinceMostRecentDelq_lt=_34.5 MSinceMostRecentDelq_lt=_35.5 MSinceMostRecentDelq_lt=_46.5 NumTotalTrades_lt=_15.5 NumTotalTrades_lt=_28.5 NumTradesOpeninLast12M_lt=_2.5 PercentInstallTrades_lt=_6.5 PercentInstallTrades_lt=_24.5 PercentInstallTrades_lt=_43.5 PercentInstallTrades_lt=_45.5 PercentInstallTrades_lt=_46.5 PercentInstallTrades_lt=_49.5 PercentInstallTrades_lt=_53.5 MSinceMostRecentInqexcl7days_lt=_-7.5 MSinceMostRecentInqexcl7days_lt=_0.5 MSinceMostRecentInqexcl7days_lt=_1.5 NumInqLast6Mexcl7days_lt=_7.5 NetFractionRevolvingBurden_lt=_35.5 NetFractionRevolvingBurden_lt=_37.5 NetFractionRevolvingBurden_lt=_47.5 NetFractionRevolvingBurden_lt=_48.5 NetFractionRevolvingBurden_lt=_57.5 NetFractionRevolvingBurden_lt=_59.5 NetFractionRevolvingBurden_lt=_71.5 NetFractionRevolvingBurden_lt=_74.5 NetFractionRevolvingBurden_lt=_78.5 NumRevolvingTradesWBalance_lt=_7.5 PercentTradesWBalance_lt=_2.0 PercentTradesWBalance_lt=_24.0 PercentTradesWBalance_lt=_43.5 PercentTradesWBalance_lt=_47.5 PercentTradesWBalance_lt=_66.5 PercentTradesWBalance_lt=_73.5 PercentTradesWBalance_lt=_81.5 AverageMInFile_lt=_117.5
feature_infos=[0:1] [0:1] [0:1] [0:1] [0:1] [0:1] [0:1] [0:1] [0:1] [0:1] [0:1] [0:1] [0:1] [0:1] [0:1] [0:1] [0:1] [0:1] [0:1] [0:1] [0:1] [0:1] [0:1] [0:1] [0:1] [0:1] [0:1] [0:1] [0:1] [0:1] [0:1] [0:1] [0:1] [0:1] [0:1] [0:1] [0:1] [0:1] [0:1] [0:1] [0:1] [0:1] [0:1] [0:1] [0:1] [0:1] [0:1] [0:1] [0:1] [0:1] [0:1] [0:1] [0:1] [0:1] [0:1] [0:1] [0:1] [0:1] [0:1] [0:1] [0:1] [0:1] [0:1] [0:1] [0:1] [0:1] [0:1] [0:1] [0:1] [0:1] [0:1] [0:1] [0:1] [0:1] [0:1] [0:1] [0:1] [0:1] [0:1] [0:1] [0:1] [0:1] [0:1] [0:1] [0:1] [0:1] [0:1] [0:1] [0:1] [0:1]
tree_sizes=1013 1018 1017 1020 1020 1011 1018 1016 1015 1019 1014 1028 1024 1022 1016 1019 1020 1021 1022 1024 1019 1015 913 1023 1026

Tree=0
num_leaves=8
num_cat=0
split_feature=8 5 85 12 69 42 17
split_gain=1324.43 138.635 106.371 86.442 70.4804 56.6493 20.5613
threshold=1.0000000180025095e-35 1.0000000180025095e-35 1.0000000180025095e-35 1.0000000180025095e-35 1.0000000180025095e-35 1.0000000180025095e-35 1.0000000180025095e-35
decision_type=2 2 2 2 2 2 2
left_child=3 4 -3 6 -2 -5 -1
right_child=1 2 -4 5 -6 -7 -8
leaf_value=0.054572522073450369 -0.046806475511535738 -0.19338017742234548 -0.10412911302370191 0.0037864437556493352 -0.13167318015720481 -0.080851891287570407 -0.013555608992751392
leaf_weight=355.31508493423462 136.98594215512276 651.24464303255081 168.42533871531487 273.72236528992653 336.10212036967278 111.2854830622673 54.644665449857712
leaf_count=1424 549 2610 675 1097 1347 446 219
internal_value=-0.0877819 -0.150226 -0.175083 0.0137139 -0.107065 -0.0205967 0.0456942
internal_weight=2087.73 1292.76 819.67 794.968 473.088 385.008 409.96
internal_count=8367 5181 3285 3186 1896 1543 1643
is_linear=0
shrinkage=1


Tree=1
num_leaves=8
num_cat=0
split_feature=7 10 87 2 69 6 25
split_gain=1075.46 98.0491 97.2529 46.2107 44.4692 34.9852 33.352
threshold=1.0000000180025095e-35 1.0000000180025095e-35 1.0000000180025095e-35 1.0000000180025095e-35 1.0000000180025095e-35 1.0000000180025095e-35 1.0000000180025095e-35
decision_type=2 2 2 2 2 2 2
left_child=1 6 3 -2 -3 -4 -1
right_child=2 4 5 -5 -6 -7 -8
leaf_value=0.11518177541296289 -0.063078504073155336 0.095180038648766813 0.013912408491801118 -0.11935153117247772 0.009659539265643044 -0.044379595921486013 0.0053598476998478455
leaf_weight=546.92586743831635 325.00818286836147 88.714237421751022 128.84425356984138 271.45426785945892 189.49341037869453 503.58148224651814 29.228322550654411
leaf_count=2189 1308 355 517 1096 759 2026 117
internal_value=-7.88867e-06 0.0861065 -0.0598986 -0.0888457 0.0371733 -0.0325005 0.109629
internal_weight=2083.25 854.362 1228.89 596.462 278.208 632.426 576.154
internal_count=8367 3420 4947 2404 1114 2543 2306
is_linear=0
shrinkage=0.1


Tree=2
num_leaves=8
num_cat=0
split_feature=8 5 85 11 47 42 39
split_gain=878.299 98.63 81.4453 60.7387 57.9828 38.3037 19.7723
threshold=1.0000000180025095e-35 1.0000000180025095e-35 1.0000000180025095e-35 1.0000000180025095e-35 1.0000000180025095e-35 1.0000000180025095e-35 1.0000000180025095e-35
decision_type=2 2 2 2 2 2 2
left_child=3 4 -3 6 -2 -5 -1
right_child=1 2 -4 5 -6 -7 -8
leaf_value=0.11418794571727019 0.040122898184685118 -0.088674316476962584 -0.010357072560176877 0.071504846022582766 -0.037124084617466739 -0.0029919553745399292 0.050306672153902832
leaf_weight=400.50287142395973 135.6376835256815 640.26565144956112 167.82296821475029 238.08784960210323 335.85813981294632 96.918208837509155 57.700607553124428
leaf_count=1612 545 2610 675 954 1351 388 232
internal_value=-1.57981e-05 -0.0512544 -0.0724424 0.0826014 -0.0148642 0.0500079 0.106271
internal_weight=2072.79 1279.58 808.089 793.21 471.496 335.006 458.203
internal_count=8367 5181 3285 3186 1896 1342 1844
is_linear=0
shrinkage=0.1


Tree=3
num_leaves=8
num_cat=0
split_feature=7 76 10 63 69 39 69
split_gain=719.652 77.8462 68.4491 44.6551 35.6769 25.7851 25.6706
threshold=1.0000000180025095e-35 1.0000000180025095e-35 1.0000000180025095e-35 1.0000000180025095e-35 1.0000000180025095e-35 1.0000000180025095e-35 1.0000000180025095e-35
decision_type=2 2 2 2 2 2 2
left_child=2 6 5 -3 -4 -1 -2
right_child=1 3 4 -5 -6 -7 -8
leaf_value=0.098531834856575726 -0.038187301924828165 -0.069959683966227301 0.081984778726580831 -0.016605787774660773 0.0052844655710504417 0.032695303637003938 -0.097978958325138907
leaf_weight=499.0363142490387 94.764402538537979 214.26880395412445 88.336608126759529 581.86508558690548 189.30178551375866 68.968227088451385 320.68881097435951
leaf_count=2028 389 876 355 2361 759 278 1321
internal_value=-1.34955e-05 -0.0494107 0.0707347 -0.031035 0.029895 0.0906093 -0.084465
internal_weight=2057.23 1211.59 845.643 796.134 277.638 568.005 415.453
internal_count=8367 4947 3420 3237 1114 2306 1710
is_linear=0
shrinkage=0.1


Tree=4
num_leaves=8
num_cat=0
split_feature=8 5 85 27 69 74 69
split_gain=590.011 77.7264 62.0466 51.9467 51.378 43.427 21.4762
threshold=1.0000000180025095e-35 1.0000000180025095e-35 1.0000000180025095e-35 1.0000000180025095e-35 1.0000000180025095e-35 1.0000000180025095e-35 1.0000000180025095e-35
decision_type=2 2 2 2 2 2 2
left_child=3 4 -3 5 -2 -1 -5
right_child=1 2 -4 6 -6 -7 -8
leaf_value=-0.014017410009919724 0.041408936969832118 -0.075899826814519511 -0.0072970889697210606 0.069573810230060457 -0.031224517857733204 0.086052188033477639 -0.022640216923221799
leaf_weight=46.355991676449776 136.63096210360527 623.72362259030342 167.38749119639397 35.792570352554321 332.28406392037868 617.85484544932842 79.593223974108696
leaf_count=187 549 2610 675 145 1347 2533 321
internal_value=-1.34661e-05 -0.0423089 -0.061412 0.0683133 -0.0100177 0.0790576 0.0063165
internal_weight=2039.62 1260.03 791.111 779.597 468.915 664.211 115.386
internal_count=8367 5181 3285 3186 1896 2720 466
is_linear=0
shrinkage=0.1


Tree=5
num_leaves=8
num_cat=0
split_feature=6 10 68 69 69 70 1
split_gain=490.383 94.6637 52.8941 58.7234 43.1444 25.177 18.5802
threshold=1.0000000180025095e-35 1.0000000180025095e-35 1.0000000180025095e-35 1.0000000180025095e-35 1.0000000180025095e-35 1.0000000180025095e-35 1.0000000180025095e-35
decision_type=2 2 2 2 2 2 2
left_child=1 5 3 -2 -3 -1 -4
right_child=2 4 6 -5 -6 -7 -8
leaf_value=0.10796205859640517 -0.013589812145743863 0.060139044552994729 0.13843385188801191 -0.074322119101165332 -0.0046210871380004976 0.061591378056861171 -0.0019706222593693034
leaf_weight=173.94660978019238 211.89855542778969 148.459044739604 9.2170851379632932 645.61681778728962 329.65457612276077 379.00368812680244 121.26733477413654
leaf_count=727 881 601 38 2720 1331 1579 490
internal_value=-1.23008e-05 0.0482072 -0.0503314 -0.059348 0.0155711 0.0763472 0.00892461
internal_weight=2019.06 1031.06 988 857.515 478.114 552.95 130.484
internal_count=8367 4238 4129 3601 1932 2306 528
is_linear=0
shrinkage=0.1


Tree=6
num_leaves=8
num_cat=0
split_feature=7 88 12 70 69 26 17
split_gain=402.317 58.6952 48.8424 37.128 30.9026 28.4084 15.543
threshold=1.0000000180025095e-35 1.0000000180025095e-35 1.0000000180025095e-35 1.0000000180025095e-35 1.0000000180025095e-35 1.0000000180025095e-35 1.0000000180025095e-35
decision_type=2 2 2 2 2 2 2
left_child=2 5 6 -4 -3 -2 -1
right_child=1 4 3 -5 -6 -7 -8
leaf_value=0.087719943641385856 -0.046046827945849106 0.014411885935890415 0.077521069560716832 0.012453256728514051 -0.032396366763966213 -0.10037042111078287 0.028498037528016947
leaf_weight=332.06714242696762 239.89946633577347 184.56004671752453 121.02746713161469 313.50542622804642 590.49108281731606 163.7570053935051 52.538696497678757
leaf_count=1424 1027 757 502 1275 2458 705 219
internal_value=7.09013e-07 -0.0373968 0.0537942 0.0307125 -0.0212459 -0.0682786 0.0797249
internal_weight=1997.85 1178.71 819.139 434.533 775.051 403.656 384.606
internal_count=8367 4947 3420 1777 3215 1732 1643
is_linear=0
shrinkage=0.1


Tree=7
num_leaves=8
num_cat=0
split_feature=6 30 68 43 73 24 1
split_gain=340.85 78.6304 43.7682 47.2902 41.023 23.4316 15.2873
threshold=1.0000000180025095e-35 1.0000000180025095e-35 1.0000000180025095e-35 1.0000000180025095e-35 1.0000000180025095e-35 1.0000000180025095e-35 1.0000000180025095e-35
decision_type=2 2 2 2 2 2 2
left_child=1 4 3 -2 -1 -3 -4
right_child=2 5 6 -5 -6 -7 -8
leaf_value=0.0084283421413836445 -0.027839498956009491 0.010718894243027835 0.12814703160642293 -0.07549738189084082 0.067835652277795422 -0.057728197903871285 0.0014551435108630718
leaf_weight=143.61324314773083 434.75522856414318 182.91584432125092 9.3416338115930539 401.91020350158215 615.74339592456818 67.719983607530594 120.82625615596771
leaf_count=587 1856 753 38 1745 2623 275 490
internal_value=6.56567e-06 0.0406139 -0.0424116 -0.0507958 0.0566261 -0.00793093 0.011455
internal_weight=1976.83 1009.99 966.833 836.665 759.357 250.636 130.168
internal_count=8367 4238 4129 3601 3210 1028 528
is_linear=0
shrinkage=0.1


Tree=8
num_leaves=8
num_cat=0
split_feature=9 78 46 70 68 35 74
split_gain=281.888 59.3584 49.2169 31.6083 39.0298 19.4981 11.403
threshold=1.0000000180025095e-35 1.0000000180025095e-35 1.0000000180025095e-35 1.0000000180025095e-35 1.0000000180025095e-35 1.0000000180025095e-35 1.0000000180025095e-35
decision_type=2 2 2 2 2 2 2
left_child=3 5 -3 6 -5 -2 -1
right_child=1 2 -4 4 -6 -7 -8
leaf_value=-0.016932022804161347 -0.019644872288089647 0.01733958988406795 -0.030912612502032845 0.026386129212879118 0.11017923175520677 -0.087721550994349029 0.090441456067086728
leaf_weight=10.116574436426161 55.204901203513145 294.5235390663147 743.06426559388638 410.75764095783234 63.535316914319992 185.59588910639286 193.29973275959492
leaf_count=42 241 1232 3139 1752 277 829 855
internal_value=5.28045e-06 -0.0276299 -0.0172125 0.0520984 0.0378191 -0.0722604 0.0850447
internal_weight=1956.1 1278.39 1037.59 677.709 474.293 240.801 203.416
internal_count=8367 5441 4371 2926 2029 1070 897
is_linear=0
shrinkage=0.1


Tree=9
num_leaves=8
num_cat=0
split_feature=6 29 84 2 70 67 20
split_gain=239.586 61.1684 37.4356 42.7917 29.7906 21.4869 5.23877
threshold=1.0000000180025095e-35 1.0000000180025095e-35 1.0000000180025095e-35 1.0000000180025095e-35 1.0000000180025095e-35 1.0000000180025095e-35 1.0000000180025095e-35
decision_type=2 2 2 2 2 2 2
left_child=1 4 3 -2 -1 -3 -4
right_child=2 5 6 -5 -6 -7 -8
leaf_value=0.079392110793005191 -0.023069159546328263 -0.077059616120068758 0.079577391623907798 -0.070141175059161592 0.035485662240337328 0.0035453211193350294 0.002371254434900901
leaf_weight=218.66210885345936 412.56311219930649 38.66124252974987 8.2997749447822553 364.57030510902405 534.22701855003834 198.57473219931126 161.36502982676029
leaf_count=974 1785 159 34 1652 2285 820 658
internal_value=1.37139e-05 0.0343888 -0.0359328 -0.0452134 0.0483258 -0.00985881 0.00659222
internal_weight=1936.92 990.125 946.798 777.133 752.889 237.236 169.665
internal_count=8367 4238 4129 3437 3259 979 692
is_linear=0
shrinkage=0.1


Tree=10
num_leaves=8
num_cat=0
split_feature=9 69 68 2 37 13 14
split_gain=198.988 52.5891 50.5284 29.612 27.4753 25.5872 10.2148
threshold=1.0000000180025095e-35 1.0000000180025095e-35 1.0000000180025095e-35 1.0000000180025095e-35 1.0000000180025095e-35 1.0000000180025095e-35 1.0000000180025095e-35
decision_type=2 2 2 2 2 2 2
left_child=4 3 -3 -2 5 -1 -6
right_child=1 2 -4 -5 6 -7 -8
leaf_value=0.077986556247643168 0.032296872483159808 -0.044298229986226463 0.020872170626492666 -0.037263955998911732 0.036343237033820371 0.034870291685233944 -0.078891268995238753
leaf_weight=206.56687265634537 218.87037701904774 816.15785917639732 138.63210739195347 83.868179753422737 10.598717123270033 419.22476848959923 23.053218558430672
leaf_count=958 908 3596 564 373 47 1826 95
internal_value=9.9645e-06 -0.0233174 -0.0348238 0.0129671 0.0444621 0.0492042 -0.0425966
internal_weight=1916.97 1257.53 954.79 302.739 659.444 625.792 33.6519
internal_count=8367 5441 4160 1281 2926 2784 142
is_linear=0
shrinkage=0.1


Tree=11
num_leaves=8
num_cat=0
split_feature=6 25 53 77 64 35 41
split_gain=170.101 48.6484 42.6091 32.9568 27.1079 17.2765 7.58317
threshold=1.0000000180025095e-35 1.0000000180025095e-35 1.0000000180025095e-35 1.0000000180025095e-35 1.0000000180025095e-35 1.0000000180025095e-35 1.0000000180025095e-35
decision_type=2 2 2 2 2 2 2
left_child=1 2 -1 5 -5 -2 -3
right_child=3 6 -4 4 -6 -7 -8
leaf_value=0.049712668525043656 -0.01596306380218749 -0.0020562282627015279 -0.0016334431778279269 -0.055409581078737481 -0.0055947551959467283 -0.070523045808560225 -0.057108098035097227
leaf_weight=652.04253932833672 77.945822700858116 41.621302202343941 214.68604326248169 141.14031298458576 473.14418649673462 234.50147025287151 62.027356579899788
leaf_count=2907 355 171 905 639 2025 1110 255
internal_value=1.47572e-05 0.0292627 0.0370072 -0.0306092 -0.0171118 -0.0570064 -0.0352323
internal_weight=1897.11 970.377 866.729 926.732 614.284 312.447 103.649
internal_count=8367 4238 3812 4129 2664 1465 426
is_linear=0
shrinkage=0.1


Tree=12
num_leaves=8
num_cat=0
split_feature=6 31 77 52 64 69 33
split_gain=139.514 42.2368 27.9669 25.8952 22.6352 21.289 15.4206
threshold=1.0000000180025095e-35 1.0000000180025095e-35 1.0000000180025095e-35 1.0000000180025095e-35 1.0000000180025095e-35 1.0000000180025095e-35 1.0000000180025095e-35
decision_type=2 2 2 2 2 2 2
left_child=1 3 6 -1 -4 -3 -2
right_child=2 5 4 -5 -6 -7 -8
leaf_value=0.048393262387557034 -0.02126357051263408 0.035440228299803124 -0.050897489832741061 -0.012049464405317269 -0.0050431888462383074 -0.021394709766572803 -0.068782436505014519
leaf_weight=573.53260488808155 105.13180902600288 94.125831589102745 138.51741710305214 80.453520104289055 472.54464173316956 213.61037449538708 200.4531916975975
leaf_count=2608 486 406 639 335 2025 889 979
internal_value=-3.47789e-07 0.0265931 -0.0279001 0.0409505 -0.0155038 -0.00395239 -0.052557
internal_weight=1878.37 961.722 916.647 653.986 611.062 307.736 305.585
internal_count=8367 4238 4129 2943 2664 1295 1465
is_linear=0
shrinkage=0.1


Tree=13
num_leaves=8
num_cat=0
split_feature=10 69 68 49 40 14 75
split_gain=119.707 49.0681 44.2767 25.2664 19.4508 12.6758 9.0017
threshold=1.0000000180025095e-35 1.0000000180025095e-35 1.0000000180025095e-35 1.0000000180025095e-35 1.0000000180025095e-35 1.0000000180025095e-35 1.0000000180025095e-35
decision_type=2 2 2 2 2 2 2
left_child=4 3 -3 -2 6 -6 -1
right_child=1 2 -4 -5 5 -7 -8
leaf_value=-0.044239696409600571 0.027467889817598734 -0.034382514144501358 0.025001179804161389 -0.056871167931661581 0.048649942162431459 -0.014436382872378313 0.057308863719311647
leaf_weight=8.2611466199159604 303.17149436473846 885.81469534337521 145.52514745295048 39.273728638887405 50.734168201684952 82.027903169393539 345.16171465814114
leaf_count=36 1306 3987 592 176 245 363 1662
internal_value=-8.82133e-06 -0.0151028 -0.0259872 0.0176579 0.0425848 0.00985512 0.0548171
internal_weight=1859.97 1373.79 1031.34 342.445 486.185 132.762 353.423
internal_count=8367 6061 4579 1482 2306 608 1698
is_linear=0
shrinkage=0.1


Tree=14
num_leaves=8
num_cat=0
split_feature=6 37 70 34 84 51 68
split_gain=101.993 36.6027 33.2826 23.4485 26.3794 20.1824 10.2105
threshold=1.0000000180025095e-35 1.0000000180025095e-35 1.0000000180025095e-35 1.0000000180025095e-35 1.0000000180025095e-35 1.0000000180025095e-35 1.0000000180025095e-35
decision_type=2 2 2 2 2 2 2
left_child=1 2 -1 5 -5 -2 -3
right_child=3 6 -4 4 -6 -7 -8
leaf_value=0.058801052674173661 0.02978487633745798 -0.072811004950548638 0.015683869723219293 -0.044019717688044184 0.0033795413092466975 -0.030227428735315864 0.071790021055855496
leaf_weight=247.51791612803936 128.27127000689507 46.499116405844688 644.53933477401733 522.91773007810116 151.15297865867615 97.934549793601036 4.6434147655963889
leaf_count=1176 570 198 2844 2489 616 454 20
internal_value=-2.36337e-06 0.0229659 0.0277 -0.0240644 -0.0334017 0.0037842 -0.0585571
internal_weight=1843.48 943.2 892.057 900.277 674.071 226.206 51.1425
internal_count=8367 4238 4020 4129 3105 1024 218
is_linear=0
shrinkage=0.1


Tree=15
num_leaves=8
num_cat=0
split_feature=10 2 46 83 40 14 13
split_gain=87.8264 41.678 41.9022 25.3893 15.3185 10.6891 8.86848
threshold=1.0000000180025095e-35 1.0000000180025095e-35 1.0000000180025095e-35 1.0000000180025095e-35 1.0000000180025095e-35 1.0000000180025095e-35 1.0000000180025095e-35
decision_type=2 2 2 2 2 2 2
left_child=4 2 -2 -3 6 -6 -1
right_child=1 3 -4 -5 5 -7 -8
leaf_value=0.068509875313602087 0.03171178472525079 -0.050982835926352249 -0.014948543151468461 0.0021610149788926446 0.044219485624068237 -0.014175601456685111 0.03509769987458207
leaf_weight=132.45963861048222 279.97124750912189 344.21560837328434 609.95054250955582 121.44246861338615 49.473604395985603 81.848246440291405 208.45830164849758
leaf_count=691 1193 1711 2665 492 245 363 1007
internal_value=-3.221e-06 -0.012943 -0.000249989 -0.0371481 0.0370897 0.00799183 0.048242
internal_weight=1827.82 1355.58 889.922 465.658 472.24 131.322 340.918
internal_count=8367 6061 3858 2203 2306 608 1698
is_linear=0
shrinkage=0.1


Tree=16
num_leaves=8
num_cat=0
split_feature=10 88 70 68 70 68 74
split_gain=72.4626 37.8314 22.4675 21.409 14.3637 20.1991 5.12431
threshold=1.0000000180025095e-35 1.0000000180025095e-35 1.0000000180025095e-35 1.0000000180025095e-35 1.0000000180025095e-35 1.0000000180025095e-35 1.0000000180025095e-35
decision_type=2 2 2 2 2 2 2
left_child=4 3 -3 -2 6 -6 -1
right_child=1 2 -4 -5 5 -7 -8
leaf_value=-0.037151614004017237 -0.041485260573529636 0.030059805636013178 -0.0085137156651687845 0.097067011929212091 0.012068769407020749 0.081416348289933133 0.064812859399965395
leaf_weight=4.5052299946546546 387.48279964923859 187.28550246357918 761.53759743273258 10.559825271368025 279.18010446429253 48.554814204573631 132.01965004205704
leaf_count=20 1888 814 3315 44 1330 249 707
internal_value=3.5437e-06 -0.0117418 -0.000876166 -0.0375755 0.0340301 0.0225592 0.0612024
internal_weight=1811.13 1346.87 948.823 398.043 464.26 327.735 136.525
internal_count=8367 6061 4129 1932 2306 1579 727
is_linear=0
shrinkage=0.1


Tree=17
num_leaves=8
num_cat=0
split_feature=32 53 86 68 73 2 70
split_gain=66.6278 47.6501 36.2548 26.3821 20.9916 19.3743 16.1968
threshold=1.0000000180025095e-35 1.0000000180025095e-35 1.0000000180025095e-35 1.0000000180025095e-35 1.0000000180025095e-35 1.0000000180025095e-35 1.0000000180025095e-35
decision_type=2 2 2 2 2 2 2
left_child=1 4 5 -3 -1 -2 -4
right_child=2 3 6 -5 -6 -7 -8
leaf_value=0.0079978226649148592 -0.023172256459023731 -0.012196778467113208 0.043196854317976117 0.10530508337990765 0.055369931714009529 -0.065710066085637397 -0.0063119027782465517
leaf_weight=130.5760433524847 340.24230550229549 354.9823666960001 78.756885811686516 19.194904178380966 332.19338876008987 156.61135496199131 384.38218650221825
leaf_count=569 1543 1626 366 83 1679 851 1650
internal_value=1.93277e-05 0.020629 -0.0179515 -0.00590444 0.0420494 -0.0366855 0.002182
internal_weight=1796.94 836.947 959.993 374.177 462.769 496.854 463.139
internal_count=8367 3957 4410 1709 2248 2394 2016
is_linear=0
shrinkage=0.1


Tree=18
num_leaves=8
num_cat=0
split_feature=3 28 68 69 83 20 68
split_gain=56.5417 46.7508 31.69 20.1287 16.5737 20.8011 0.00168634
threshold=1.0000000180025095e-35 1.0000000180025095e-35 1.0000000180025095e-35 1.0000000180025095e-35 1.0000000180025095e-35 1.0000000180025095e-35 1.0000000180025095e-35
decision_type=2 2 2 2 2 2 2
left_child=1 2 -1 -3 5 -2 -6
right_child=4 3 -4 -5 6 -7 -8
leaf_value=0.017376203532270509 0.023329698894581044 0.017950279703442495 0.089330844516295291 -0.036645944235036323 0.0013051589332958649 -0.047736082201110461 0.0035710876357475012
leaf_weight=887.84653395414352 46.442674666643143 93.498714119195938 64.845382437109947 237.47288471460342 4.9219753742218009 329.45798280835152 116.85267753899097
leaf_count=4139 225 406 327 1059 21 1717 473
internal_value=2.50578e-05 0.0111189 0.0223624 -0.021215 -0.0285544 -0.0389173 0.00349088
internal_weight=1781.34 1283.66 952.692 330.972 497.675 375.901 121.775
internal_count=8367 5931 4466 1465 2436 1942 494
is_linear=0
shrinkage=0.1


Tree=19
num_leaves=8
num_cat=0
split_feature=73 53 24 69 68 37 66
split_gain=49.4693 43.8019 44.1658 22.5705 20.1569 10.6228 10.3761
threshold=1.0000000180025095e-35 1.0000000180025095e-35 1.0000000180025095e-35 1.0000000180025095e-35 1.0000000180025095e-35 1.0000000180025095e-35 1.0000000180025095e-35
decision_type=2 2 2 2 2 2 2
left_child=3 2 -2 5 -5 -1 -3
right_child=1 6 -4 4 -6 -7 -8
leaf_value=0.014389679470256149 0.040899620751805858 -0.040611330247735784 -0.043268673526451001 -0.036576767460750052 0.072122250042632133 -0.094314929227097777 -0.0023471184098761318
leaf_weight=171.13640238344669 533.73804150521755 84.497830435633659 69.745692566037178 468.94466228783131 16.799495562911034 8.4921778589487058 415.00413575768471
leaf_count=773 2653 405 307 2320 72 40 1797
internal_value=2.11013e-05 0.0130082 0.0311167 -0.0214949 -0.032677 0.00875683 -0.00888826
internal_weight=1768.36 1102.99 603.484 665.373 485.744 179.629 499.502
internal_count=8367 5162 2960 3205 2392 813 2202
is_linear=0
shrinkage=0.1


Tree=20
num_leaves=8
num_cat=0
split_feature=32 50 79 46 74 56 88
split_gain=43.5677 34.1668 26.5406 21.5198 17.3996 10.953 4.53365
threshold=1.0000000180025095e-35 1.0000000180025095e-35 1.0000000180025095e-35 1.0000000180025095e-35 1.0000000180025095e-35 1.0000000180025095e-35 1.0000000180025095e-35
decision_type=2 2 2 2 2 2 2
left_child=1 4 6 -4 -1 -3 -2
right_child=2 5 3 -5 -6 -7 -8
leaf_value=-0.0017510519018756534 -0.077287120659065678 0.048124043668900392 0.020576313973607614 -0.01753117964827252 0.03553332200436423 -0.037305228506632072 -0.029939297936326461
leaf_weight=166.01710937917233 69.139260858297348 16.13891389966011 191.23198741674423 646.82583652436733 506.54027454555035 126.63745298981667 31.011638432741165
leaf_count=747 405 75 870 2970 2528 607 165
internal_value=1.39028e-05 0.0169114 -0.014673 -0.00882147 0.0263409 -0.0273811 -0.0630668
internal_weight=1753.54 815.334 938.209 838.058 672.557 142.776 100.151
internal_count=8367 3957 4410 3840 3275 682 570
is_linear=0
shrinkage=0.1


Tree=21
num_leaves=8
num_cat=0
split_feature=70 68 27 1 48 45 73
split_gain=41.8913 33.8299 27.4047 26.098 20.6263 15.1986 2.69475
threshold=1.0000000180025095e-35 1.0000000180025095e-35 1.0000000180025095e-35 1.0000000180025095e-35 1.0000000180025095e-35 1.0000000180025095e-35 1.0000000180025095e-35
decision_type=2 2 2 2 2 2 2
left_child=4 2 -2 -3 5 -1 -6
right_child=1 3 -4 -5 6 -7 -8
leaf_value=0.057207827921436263 -0.0043724961192076438 0.080831190883074014 -0.037549453173837427 0.003239470424528228 -0.01663814360672038 0.015554475737835617 -0.079632855728961838
leaf_weight=171.19069834053516 817.91661502420902 66.764224126935005 357.12690962851048 120.55737522244453 12.936559081077576 180.41886737942696 15.009470522403717
leaf_count=847 3883 351 1771 490 66 890 69
internal_value=5.0708e-06 -0.00818338 -0.0144792 0.0311767 0.0293407 0.0359393 -0.0520541
internal_weight=1741.92 1362.37 1175.04 187.322 379.556 351.61 27.946
internal_count=8367 6495 5654 841 1872 1737 135
is_linear=0
shrinkage=0.1


Tree=22
num_leaves=7
num_cat=0
split_feature=2 68 69 83 20 62
split_gain=35.2154 30.5496 37.6053 14.4948 18.1469 7.46365
threshold=1.0000000180025095e-35 1.0000000180025095e-35 1.0000000180025095e-35 1.0000000180025095e-35 1.0000000180025095e-35 1.0000000180025095e-35
decision_type=2 2 2 2 2 2
left_child=1 2 -1 4 -2 -3
right_child=3 5 -4 -5 -6 -7
leaf_value=0.029760575562623987 0.025130673970011886 0.10032914129667712 -0.0074327034872236006 0.0047084650317800189 -0.045409261609436626 0.028379665121035104
leaf_weight=402.62851969897747 41.465881690382957 40.85341389477253 831.75590397417545 121.08218243718147 270.89533968269825 23.574462458491325
leaf_count=1968 204 216 3846 492 1507 134
internal_value=8.40658e-06 0.00824667 0.00471318 -0.0246397 -0.0359948 0.0748386
internal_weight=1732.26 1298.81 1234.38 433.443 312.361 64.4279
internal_count=8367 6164 5814 2203 1711 350
is_linear=0
shrinkage=0.1


Tree=23
num_leaves=8
num_cat=0
split_feature=43 81 54 66 72 72 68
split_gain=33.1308 26.0112 26.5855 25.8839 15.1818 13.9425 9.97047
threshold=1.0000000180025095e-35 1.0000000180025095e-35 1.0000000180025095e-35 1.0000000180025095e-35 1.0000000180025095e-35 1.0000000180025095e-35 1.0000000180025095e-35
decision_type=2 2 2 2 2 2 2
left_child=1 5 -3 6 -5 -1 -2
right_child=3 2 -4 4 -6 -7 -8
leaf_value=-0.04031322228013498 -0.051178192853065962 0.039373966441309423 0.0007094370571049508 -0.025645209689340333 0.0065325896598118147 0.022083490619372887 0.060249945084590618
leaf_weight=118.68075020611286 183.59190301597118 390.49758662283421 325.9217761605978 223.64259307086468 421.36605969071388 50.347291097044945 7.5846899300813666
leaf_count=575 954 1944 1525 1136 1966 229 38
internal_value=1.40708e-05 0.0134875 0.0218098 -0.0142522 -0.00464678 -0.0217069 -0.0464669
internal_weight=1721.63 885.447 716.419 836.185 645.009 169.028 191.177
internal_count=8367 4273 3469 4094 3102 804 992
is_linear=0
shrinkage=0.1


Tree=24
num_leaves=8
num_cat=0
split_feature=78 16 53 64 34 56 60
split_gain=29.3561 28.8814 29.9544 18.9566 6.04054 8.79121 4.38982
threshold=1.0000000180025095e-35 1.0000000180025095e-35 1.0000000180025095e-35 1.0000000180025095e-35 1.0000000180025095e-35 1.0000000180025095e-35 1.0000000180025095e-35
decision_type=2 2 2 2 2 2 2
left_child=4 2 -2 -3 5 -1 -6
right_child=1 3 -4 -5 6 -7 -8
leaf_value=0.076248815321519475 0.028854839476613121 -0.052193283873017908 -0.0054889813508456273 -0.0047447153292179793 -0.075090305195008422 -0.025858713784105966 -0.035311414804816067
leaf_weight=8.9183450043201429 591.46906094253063 108.04637977480888 444.00372809171677 370.61406114697456 41.705166354775429 55.766074031591415 91.357958346605301
leaf_count=41 2997 542 2067 1661 251 271 537
internal_value=1.08712e-05 0.00475093 0.0141374 -0.0155416 -0.0361246 -0.0108342 -0.0482462
internal_weight=1711.88 1514.13 1035.47 478.66 197.748 64.6844 133.063
internal_count=8367 7267 5064 2203 1100 312 788
is_linear=0
shrinkage=0.1


end of trees

feature_importances:
MSinceMostRecentInqexcl7days_lt=_-7.5=15
MSinceMostRecentInqexcl7days_lt=_0.5=15
MSinceMostRecentInqexcl7days_lt=_1.5=9
ExternalRiskEstimate_lt=_70.5=7
ExternalRiskEstimate_lt=_63.5=6
ExternalRiskEstimate_lt=_78.5=6
PercentTradesNeverDelq_lt=_95.5=4
NetFractionRevolvingBurden_lt=_37.5=4
NetFractionRevolvingBurden_lt=_47.5=4
ExternalRiskEstimate_lt=_62.5=3
ExternalRiskEstimate_lt=_67.5=3
ExternalRiskEstimate_lt=_73.5=3
ExternalRiskEstimate_lt=_74.5=3
ExternalRiskEstimate_lt=_86.5=3
MSinceOldestTradeOpen_lt=_288.5=3
NumSatisfactoryTrades_lt=_6.5=3
NumSatisfactoryTrades_lt=_26.5=3
PercentInstallTrades_lt=_45.5=3
PercentTradesWBalance_lt=_24.0=3
PercentTradesWBalance_lt=_47.5=3
PercentTradesWBalance_lt=_81.5=3
ExternalRiskEstimate_lt=_75.5=2
ExternalRiskEstimate_lt=_81.5=2
ExternalRiskEstimate_lt=_84.5=2
MSinceOldestTradeOpen_lt=_138.5=2
AverageMInFile_lt=_42.5=2
AverageMInFile_lt=_49.5=2
AverageMInFile_lt=_59.5=2
AverageMInFile_lt=_75.5=2
AverageMInFile_lt=_84.5=2
AverageMInFile_lt=_88.5=2
NumSatisfactoryTrades_lt=_9.5=2
NumSatisfactoryTrades_lt=_13.5=2
NumSatisfactoryTrades_lt=_15.5=2
NumSatisfactoryTrades_lt=_18.5=2
MSinceMostRecentDelq_lt=_35.5=2
PercentInstallTrades_lt=_49.5=2
NetFractionRevolvingBurden_lt=_35.5=2
NetFractionRevolvingBurden_lt=_59.5=2
NetFractionRevolvingBurden_lt=_71.5=2
PercentTradesWBalance_lt=_43.5=2
ExternalRiskEstimate_lt=_64.5=1
ExternalRiskEstimate_lt=_80.5=1
MSinceOldestTradeOpen_lt=_134.5=1
AverageMInFile_lt=_57.5=1
AverageMInFile_lt=_60.5=1
AverageMInFile_lt=_63.5=1
AverageMInFile_lt=_64.5=1
AverageMInFile_lt=_69.5=1
AverageMInFile_lt=_80.5=1
NumSatisfactoryTrades_lt=_14.5=1
NumSatisfactoryTrades_lt=_22.5=1
NumSatisfactoryTrades_lt=_27.5=1
PercentTradesNeverDelq_lt=_76.5=1
PercentTradesNeverDelq_lt=_78.5=1
PercentTradesNeverDelq_lt=_83.5=1
PercentTradesNeverDelq_lt=_84.5=1
PercentTradesNeverDelq_lt=_91.5=1
PercentTradesNeverDelq_lt=_96.5=1
NumTradesOpeninLast12M_lt=_2.5=1
PercentInstallTrades_lt=_24.5=1
PercentInstallTrades_lt=_43.5=1
PercentInstallTrades_lt=_53.5=1
NetFractionRevolvingBurden_lt=_48.5=1
NetFractionRevolvingBurden_lt=_57.5=1
NetFractionRevolvingBurden_lt=_74.5=1
NumRevolvingTradesWBalance_lt=_7.5=1
PercentTradesWBalance_lt=_66.5=1
PercentTradesWBalance_lt=_73.5=1

parameters:
[boosting: gbdt]
[objective: binary]
[metric: binary_logloss]
[tree_learner: serial]
[device_type: cpu]
[data_sample_strategy: bagging]
[data: ]
[valid: ]
[num_iterations: 25]
[learning_rate: 0.1]
[num_leaves: 31]
[num_threads: 8]
[seed: 42]
[deterministic: 0]
[force_col_wise: 0]
[force_row_wise: 0]
[histogram_pool_size: -1]
[max_depth: 3]
[min_data_in_leaf: 20]
[min_sum_hessian_in_leaf: 0.001]
[bagging_fraction: 1]
[pos_bagging_fraction: 1]
[neg_bagging_fraction: 1]
[bagging_freq: 0]
[bagging_seed: 400]
[bagging_by_query: 0]
[feature_fraction: 1]
[feature_fraction_bynode: 1]
[feature_fraction_seed: 30056]
[extra_trees: 0]
[extra_seed: 12879]
[early_stopping_round: 0]
[early_stopping_min_delta: 0]
[first_metric_only: 0]
[max_delta_step: 0]
[lambda_l1: 0]
[lambda_l2: 1]
[linear_lambda: 0]
[min_gain_to_split: 0]
[drop_rate: 0.1]
[max_drop: 50]
[skip_drop: 0.5]
[xgboost_dart_mode: 0]
[uniform_drop: 0]
[drop_seed: 17869]
[top_rate: 0.2]
[other_rate: 0.1]
[min_data_per_group: 100]
[max_cat_threshold: 32]
[cat_l2: 10]
[cat_smooth: 10]
[max_cat_to_onehot: 4]
[top_k: 20]
[monotone_constraints: ]
[monotone_constraints_method: basic]
[monotone_penalty: 0]
[feature_contri: ]
[forcedsplits_filename: ]
[refit_decay_rate: 0.9]
[cegb_tradeoff: 1]
[cegb_penalty_split: 0]
[cegb_penalty_feature_lazy: ]
[cegb_penalty_feature_coupled: ]
[path_smooth: 0]
[interaction_constraints: ]
[verbosity: -1]
[saved_feature_importance_type: 0]
[use_quantized_grad: 0]
[num_grad_quant_bins: 4]
[quant_train_renew_leaf: 0]
[stochastic_rounding: 1]
[linear_tree: 0]
[max_bin: 255]
[max_bin_by_feature: ]
[min_data_in_bin: 3]
[bin_construct_sample_cnt: 200000]
[data_random_seed: 175]
[is_enable_sparse: 1]
[enable_bundle: 1]
[use_missing: 1]
[zero_as_missing: 0]
[feature_pre_filter: 1]
[pre_partition: 0]
[two_round: 0]
[header: 0]
[label_column: ]
[weight_column: ]
[group_column: ]
[ignore_column: ]
[categorical_feature: ]
[forcedbins_filename: ]
[precise_float_parser: 0]
[parser_config_file: ]
[objective_seed: 16083]
[num_class: 1]
[is_unbalance: 0]
[scale_pos_weight: 1]
[sigmoid: 1]
[boost_from_average: 1]
[reg_sqrt: 0]
[alpha: 0.9]
[fair_c: 1]
[poisson_max_delta_step: 0.7]
[tweedie_variance_power: 1.5]
[lambdarank_truncation_level: 30]
[lambdarank_norm: 1]
[label_gain: ]
[lambdarank_position_bias_regularization: 0]
[eval_at: ]
[multi_error_top_k: 1]
[auc_mu_weights: ]
[num_machines: 1]
[local_listen_port: 12400]
[time_out: 120]
[machine_list_filename: ]
[machines: ]
[gpu_platform_id: -1]
[gpu_device_id: -1]
[gpu_use_dp: 0]
[num_gpu: 1]

end of parameters

pandas_categorical:[]
