tree
version=v4
num_class=1
num_tree_per_iteration=1
label_index=0
max_feature_idx=14
objective=binary sigmoid:1
feature_names=gender_lt=_0.5 age_lt=_6.5 discharge_disposition_id_lt=_10.5 num_lab_procedures_lt=_30.5 number_outpatient_lt=_0.5 number_emergency_lt=_0.5 number_inpatient_lt=_0.5 number_inpatient_lt=_1.5 number_inpatient_lt=_2.5 number_inpatient_lt=_3.5 number_diagnoses_lt=_5.5 number_diagnoses_lt=_6.5 metformin_lt=_1.5 change_lt=_0.5 number_inpatient_lt=_4.5
feature_infos=[0:1] [0:1] [0:1] [0:1] [0:1] [0:1] [0:1] [0:1] [0:1] [0:1] [0:1] [0:1] [0:1] [0:1] [0:1]
tree_sizes=929 1031 1025 1027 1028 1029 1026 1031 1030 1023 1030 1026 1033 1023 1027 1032 1026 1025 1029 1031 1040 1030 1033 1040 1027

Tree=0
num_leaves=8
num_cat=0
split_feature=6 10 7 2 13 2 13
split_gain=2703.35 449.525 436.493 249.83 206.386 161.593 89.1599
threshold=1.0000000180025095e-35 1.0000000180025095e-35 1.0000000180025095e-35 1.0000000180025095e-35 1.0000000180025095e-35 1.0000000180025095e-35 1.0000000180025095e-35
decision_type=2 2 2 2 2 2 2
left_child=2 4 3 -1 -2 -4 -3
right_child=1 6 5 -5 -6 -7 -8
leaf_value=-0.0067903208200472357 -0.031589779627434963 -0.078945420166812941 -0.038116972920918445 0.097475180455137256 -0.0011277382212417117 0.038616431224966934 -0.042642130962216244
leaf_weight=255.75 4617 1554 300.5 2253.5 4290.75 3078.75 1206
leaf_count=1023 18468 6216 1202 9014 17163 12315 4824
internal_value=2.84847e-05 -0.027848 0.0552595 0.0868497 -0.0169184 0.0317836 -0.0631037
internal_weight=17556.2 11667.8 5888.5 2509.25 8907.75 3379.25 2760
internal_count=70225 46671 23554 10037 35631 13517 11040
is_linear=0
shrinkage=1


Tree=1
num_leaves=8
num_cat=0
split_feature=6 10 7 2 13 2 13
split_gain=2192 364.955 355.446 203.274 167.25 130.996 72.5876
threshold=1.0000000180025095e-35 1.0000000180025095e-35 1.0000000180025095e-35 1.0000000180025095e-35 1.0000000180025095e-35 1.0000000180025095e-35 1.0000000180025095e-35
decision_type=2 2 2 2 2 2 2
left_child=2 4 3 -1 -2 -4 -3
right_child=1 6 5 -5 -6 -7 -8
leaf_value=-0.0061396501316405751 -0.028464488342076485 -0.071196439165208167 -0.034356454811795119 0.087922486536759922 -0.0010406302612110125 0.034743828480188324 -0.038425182705248077
leaf_weight=255.74705792963505 4615.8483104109764 1551.5812672376633 300.39088499546051 2248.1555786430836 4290.7487212568521 3077.6025257259607 1205.4519624710083
leaf_count=1023 18468 6216 1202 9014 17163 12315 4824
internal_value=2.27192e-07 -0.0250997 0.0497685 0.0783164 -0.0152547 0.0285907 -0.0568871
internal_weight=17545.5 11663.6 5881.9 2503.9 8906.6 3377.99 2757.03
internal_count=70225 46671 23554 10037 35631 13517 11040
is_linear=0
shrinkage=0.1


Tree=2
num_leaves=8
num_cat=0
split_feature=6 8 10 2 2 2 13
split_gain=1780.32 298.971 297.336 173.025 156.589 91.9499 59.583
threshold=1.0000000180025095e-35 1.0000000180025095e-35 1.0000000180025095e-35 1.0000000180025095e-35 1.0000000180025095e-35 1.0000000180025095e-35 1.0000000180025095e-35
decision_type=2 2 2 2 2 2 2
left_child=1 5 4 -3 -2 -1 -4
right_child=2 3 6 -5 -6 -7 -8
leaf_value=0.0066434099295217298 -0.054924328191637312 -0.026449667939476798 -0.064355746101262046 0.039687304921161598 -0.009463860607134212 0.09891806435008621 -0.034628970706957238
leaf_weight=120.2449756115675 835.32379579544067 435.60009509325027 1545.2750372886658 4237.0935896039009 8068.2606965899467 1071.763841509819 1204.0207679271698
leaf_count=481 3343 1744 6216 17005 32288 4324 4824
internal_value=1.74638e-06 0.0449344 -0.022614 0.0335175 -0.0137346 0.0896231 -0.0513546
internal_weight=17517.6 5864.7 11652.9 4672.69 8903.58 1192.01 2749.3
internal_count=70225 23554 46671 18749 35631 4805 11040
is_linear=0
shrinkage=0.1


Tree=3
num_leaves=8
num_cat=0
split_feature=6 7 11 4 2 13 2
split_gain=1447.34 263.129 247.44 140.347 139.109 85.6838 85.0861
threshold=1.0000000180025095e-35 1.0000000180025095e-35 1.0000000180025095e-35 1.0000000180025095e-35 1.0000000180025095e-35 1.0000000180025095e-35 1.0000000180025095e-35
decision_type=2 2 2 2 2 2 2
left_child=1 4 3 -2 -1 -4 -3
right_child=2 6 5 -5 -6 -7 -8
leaf_value=-0.0044444677752930178 0.022938450470131683 -0.028360188266399002 -0.053636246425223667 -0.015458975102758574 0.073433007086456115 -0.024022785781749493 0.02738901638662454
leaf_weight=255.69628918170929 1112.7303248047829 299.76603502035141 2227.0223599523306 6554.0769786089659 2217.219034075737 1745.1648499965668 3068.9345347881317
leaf_count=1023 4454 1202 8983 26237 9014 6997 12315
internal_value=3.67799e-06 0.0406158 -0.0203813 -0.00988386 0.065382 -0.040635 0.0224212
internal_weight=17480.6 5841.62 11639 7666.81 2472.92 3972.19 3368.7
internal_count=70225 23554 46671 30691 10037 15980 13517
is_linear=0
shrinkage=0.1


Tree=4
num_leaves=8
num_cat=0
split_feature=6 8 10 13 2 2 0
split_gain=1177.66 223.357 208.318 129.369 113.875 64.4887 52.107
threshold=1.0000000180025095e-35 1.0000000180025095e-35 1.0000000180025095e-35 1.0000000180025095e-35 1.0000000180025095e-35 1.0000000180025095e-35 1.0000000180025095e-35
decision_type=2 2 2 2 2 2 2
left_child=1 5 3 -2 -3 -1 -4
right_child=2 4 6 -5 -6 -7 -8
leaf_value=0.0064252560820491971 -0.022592605019067399 -0.021772120928049078 -0.05793341916584184 0.0015389974125750452 0.031946853488827719 0.083800702826479986 -0.030089878237362689
leaf_weight=120.24653811752796 4606.8044581264257 434.7211366891861 1218.5238392651081 4289.5859393924475 4210.3814686089754 1047.1369205713272 1508.0093458592892
leaf_count=481 18468 1744 4934 17163 17005 4324 6106
internal_value=6.38121e-06 0.0367538 -0.0183721 -0.0109582 0.0269159 0.075843 -0.0425502
internal_weight=17435.4 5812.49 11622.9 8896.39 4645.1 1167.38 2726.53
internal_count=70225 23554 46671 35631 18749 4805 11040
is_linear=0
shrinkage=0.1


Tree=5
num_leaves=8
num_cat=0
split_feature=6 7 4 10 1 10 3
split_gain=958.649 197.502 189.489 143.691 108.63 75.3076 37.2683
threshold=1.0000000180025095e-35 1.0000000180025095e-35 1.0000000180025095e-35 1.0000000180025095e-35 1.0000000180025095e-35 1.0000000180025095e-35 1.0000000180025095e-35
decision_type=2 2 2 2 2 2 2
left_child=1 4 6 -4 -1 -3 -2
right_child=2 5 3 -5 -6 -7 -8
leaf_value=0.030491253982223299 0.027903872949267047 0.024006345134445523 -0.014631036303843853 -0.042267153476479268 0.073295256252379926 -0.017168619099205192 -0.0058920989844446527
leaf_weight=1038.3118616193533 995.71419727802277 2828.6668417006731 7626.3640304207802 2497.4565211385489 1388.3307935744524 526.16104125976562 484.6518357694149
leaf_count=4287 3993 11397 30567 10164 5750 2120 1947
internal_value=8.76549e-06 0.0332731 -0.0165657 -0.0214521 0.0550004 0.0175454 0.016843
internal_weight=17385.7 5781.47 11604.2 10123.8 2426.64 3354.83 1480.37
internal_count=70225 23554 46671 40731 10037 13517 5940
is_linear=0
shrinkage=0.1


Tree=6
num_leaves=8
num_cat=0
split_feature=6 9 5 13 2 1 2
split_gain=780.223 177.708 159.184 159.165 113.442 33.8894 24.2728
threshold=1.0000000180025095e-35 1.0000000180025095e-35 1.0000000180025095e-35 1.0000000180025095e-35 1.0000000180025095e-35 1.0000000180025095e-35 1.0000000180025095e-35
decision_type=2 2 2 2 2 2 2
left_child=1 5 6 -4 -3 -1 -2
right_child=2 4 3 -5 -6 -7 -8
leaf_value=0.048569464613527687 -0.048144574943514012 -0.020921168532310519 -0.029444658690777583 -0.0051166632129095767 0.029058130007003576 0.09976802048133121 0.032657490695439988
leaf_weight=199.53447502851486 38.272723600268364 502.38533145189285 5760.2543987482786 5044.4678848832846 4666.3084614127874 384.12286461889744 742.59493732452393
leaf_count=838 154 2015 23293 20241 19068 1633 2983
internal_value=1.11709e-05 0.0301137 -0.0149363 -0.018088 0.0241971 0.0823778 0.0286406
internal_weight=17337.9 5752.35 11585.6 10804.7 5168.69 583.657 780.868
internal_count=70225 23554 46671 43534 21083 2471 3137
is_linear=0
shrinkage=0.1


Tree=7
num_leaves=8
num_cat=0
split_feature=6 7 4 0 2 10 3
split_gain=635.197 154.314 149.121 128.125 86.2666 61.4826 29.7687
threshold=1.0000000180025095e-35 1.0000000180025095e-35 1.0000000180025095e-35 1.0000000180025095e-35 1.0000000180025095e-35 1.0000000180025095e-35 1.0000000180025095e-35
decision_type=2 2 2 2 2 2 2
left_child=1 4 6 -4 -1 -3 -2
right_child=2 5 3 -5 -6 -7 -8
leaf_value=-0.0081594088527586935 0.026051677984850165 0.019258492334157513 -0.030244910098344742 -0.0075968800185318491 0.053317213018743405 -0.017976542103278322 -0.0041671660004286839
leaf_weight=255.43719063699245 995.79893301427364 2815.2312443554401 4550.0834891945124 5538.8608498424292 2124.8619467914104 525.51489129662514 484.0427008420229
leaf_count=1023 3993 11397 18381 22350 9014 2120 1947
internal_value=1.3786e-05 0.0272672 -0.0134649 -0.0178131 0.0467193 0.0133976 0.0161712
internal_weight=17289.8 5721.05 11568.8 10088.9 2380.3 3340.75 1479.84
internal_count=70225 23554 46671 40731 10037 13517 5940
is_linear=0
shrinkage=0.1


Tree=8
num_leaves=8
num_cat=0
split_feature=6 11 9 2 4 13 1
split_gain=517.171 142.846 140.785 108.045 100.375 55.731 29.7646
threshold=1.0000000180025095e-35 1.0000000180025095e-35 1.0000000180025095e-35 1.0000000180025095e-35 1.0000000180025095e-35 1.0000000180025095e-35 1.0000000180025095e-35
decision_type=2 2 2 2 2 2 2
left_child=2 3 6 -2 -4 -3 -1
right_child=1 5 4 -5 -6 -7 -8
leaf_value=0.040187962954884984 -0.041434070723745851 -0.038314803307795277 0.045822234695571229 -0.00038649746763144141 0.012034639507844518 -0.014271264853558882 0.088811781905772491
leaf_weight=194.9989128112793 705.56442940235138 2179.5935572981834 1126.5854590982199 6937.2596878856421 3998.1788466572762 1731.2770758569241 368.67371141910553
leaf_count=838 2843 8983 4653 27848 16430 6997 1633
internal_value=1.60691e-05 -0.012136 0.0246958 -0.00418082 0.0194697 -0.0276775 0.0720916
internal_weight=17242.1 11553.7 5688.44 7642.82 5124.76 3910.87 563.673
internal_count=70225 46671 23554 30691 21083 15980 2471
is_linear=0
shrinkage=0.1


Tree=9
num_leaves=8
num_cat=0
split_feature=7 5 13 1 2 2 9
split_gain=424.026 197.3 163.458 80.5383 54.9607 49.4169 34.4336
threshold=1.0000000180025095e-35 1.0000000180025095e-35 1.0000000180025095e-35 1.0000000180025095e-35 1.0000000180025095e-35 1.0000000180025095e-35 1.0000000180025095e-35
decision_type=2 2 2 2 2 2 2
left_child=3 5 -3 4 -1 -2 -5
right_child=1 2 -4 6 -6 -7 -8
leaf_value=-0.041539251991592252 -0.051259677894131155 -0.020080706093923404 0.0018805636936768328 0.082403334822065299 0.027426868978088111 0.036251951311111377 0.045967454735174475
leaf_weight=132.13485181331635 67.343813702464104 7181.2896355241537 6417.0414515137672 358.24189499020576 878.07832986116409 1197.6618573516607 963.15594972670078
leaf_count=529 272 29233 25848 1633 3758 4835 4117
internal_value=1.72836e-05 -0.00620313 -0.00971782 0.0396562 0.018374 0.0315564 0.0559004
internal_weight=17194.9 14863.3 13598.3 2331.61 1010.21 1265.01 1321.4
internal_count=70225 60188 55081 10037 4287 5107 5750
is_linear=0
shrinkage=0.1


Tree=10
num_leaves=8
num_cat=0
split_feature=6 0 13 5 2 11 4
split_gain=370.845 119.493 114.135 110.1 74.295 63.3082 53.1864
threshold=1.0000000180025095e-35 1.0000000180025095e-35 1.0000000180025095e-35 1.0000000180025095e-35 1.0000000180025095e-35 1.0000000180025095e-35 1.0000000180025095e-35
decision_type=2 2 2 2 2 2 2
left_child=3 5 -3 4 -1 -2 -5
right_child=1 2 -4 6 -6 -7 -8
leaf_value=-0.048834584823050003 -0.013695464694014961 -0.013873640859979011 0.012921929360155744 0.036079293045469668 0.056794936847667316 -0.037173465916071145 0.0089026372652185916
leaf_weight=70.565130218863487 3420.5692242383957 3334.4347662329674 3036.0121009498835 895.72868233919144 1004.3011889010668 1729.7512145787477 3662.6591895371675
leaf_count=284 13762 13581 12189 3768 4311 7139 15191
internal_value=1.99452e-05 -0.0102613 -0.00110345 0.0210446 0.0498214 -0.0215863 0.0142496
internal_weight=17154 11520.8 6370.45 5633.25 1074.87 5150.32 4558.39
internal_count=70225 46671 25770 23554 4595 20901 18959
is_linear=0
shrinkage=0.1


Tree=11
num_leaves=8
num_cat=0
split_feature=7 4 10 1 3 2 9
split_gain=305.289 167.266 143.168 66.7509 52.6598 42.1644 29.6886
threshold=1.0000000180025095e-35 1.0000000180025095e-35 1.0000000180025095e-35 1.0000000180025095e-35 1.0000000180025095e-35 1.0000000180025095e-35 1.0000000180025095e-35
decision_type=2 2 2 2 2 2 2
left_child=3 4 -3 5 -2 -1 -5
right_child=1 2 -4 6 -6 -7 -8
leaf_value=-0.037857202880070995 0.031068821041115354 -0.0037995493347249623 -0.029087017362753251 0.074264637464598951 -0.0030159023546644796 0.02261589292915642 0.039828696704407245
leaf_weight=132.06069354712963 1483.033643245697 9785.6845637261868 2902.2773178219795 343.14249092340469 652.35909520089626 865.96567656099796 945.62836195528507
leaf_count=529 5998 39518 12028 1633 2644 3758 4117
internal_value=1.95503e-05 -0.00522761 -0.00958571 0.0340198 0.0206595 0.0145841 0.0490479
internal_weight=17110.2 14823.4 12688 2286.8 2135.39 998.026 1288.77
internal_count=70225 60188 51546 10037 8642 4287 5750
is_linear=0
shrinkage=0.1


Tree=12
num_leaves=8
num_cat=0
split_feature=6 12 13 5 1 2 12
split_gain=264.421 106.031 189.846 85.0181 61.0481 59.1616 49.9138
threshold=1.0000000180025095e-35 1.0000000180025095e-35 1.0000000180025095e-35 1.0000000180025095e-35 1.0000000180025095e-35 1.0000000180025095e-35 1.0000000180025095e-35
decision_type=2 2 2 2 2 2 2
left_child=3 4 -3 5 -2 -1 -5
right_child=1 2 -4 6 -6 -7 -8
leaf_value=-0.044626581144379285 -0.0061220652304836256 -0.015579385012529867 0.013737995818121643 -0.013127579589971836 -0.040214629296060567 0.049839636403560539 0.016320552965177315
leaf_weight=70.33923414349556 820.73904867470264 5529.7615938335657 3676.4077787548304 675.84139174222946 1459.8165145218372 980.9974961578846 3853.5348206609488
leaf_count=284 3313 22661 14785 2810 5912 4311 16149
internal_value=2.10351e-05 -0.00865468 -0.00387151 0.0178765 -0.0279533 0.043483 0.0119246
internal_weight=17067.4 11486.7 9206.17 5580.71 2280.56 1051.34 4529.38
internal_count=70225 46671 37446 23554 9225 4595 18959
is_linear=0
shrinkage=0.1


Tree=13
num_leaves=8
num_cat=0
split_feature=5 4 12 2 3 14 13
split_gain=230.039 144.149 119.16 59.5601 44.7316 44.2188 8.05977
threshold=1.0000000180025095e-35 1.0000000180025095e-35 1.0000000180025095e-35 1.0000000180025095e-35 1.0000000180025095e-35 1.0000000180025095e-35 1.0000000180025095e-35
decision_type=2 2 2 2 2 2 2
left_child=3 4 -3 6 -2 -5 -1
right_child=1 2 -4 5 -6 -7 -8
leaf_value=-0.066791672725308712 0.02946381955650982 -0.028051817504469785 -0.0033995877692658731 0.096883322839365182 -0.002350150019210271 0.033753334349715662 -0.012023559367146644
leaf_weight=50.761065468192101 1504.1802893728018 2400.685560464859 10681.300442069769 118.69095154106617 625.46727971732616 1590.2850944250822 57.001760095357895
leaf_count=207 6222 9794 43903 597 2574 6697 231
internal_value=2.00621e-05 -0.0039974 -0.00792534 0.0336421 0.0201235 0.0381919 -0.0381987
internal_weight=17028.4 15211.6 13082 1816.74 2129.65 1708.98 107.763
internal_count=70225 62493 53697 7732 8796 7294 438
is_linear=0
shrinkage=0.1


Tree=14
num_leaves=8
num_cat=0
split_feature=7 10 2 1 2 12 9
split_gain=205.04 125.249 138.959 53.7244 30.6901 30.4007 22.8208
threshold=1.0000000180025095e-35 1.0000000180025095e-35 1.0000000180025095e-35 1.0000000180025095e-35 1.0000000180025095e-35 1.0000000180025095e-35 1.0000000180025095e-35
decision_type=2 2 2 2 2 2 2
left_child=3 2 -2 4 -1 -3 -5
right_child=1 5 -4 6 -6 -7 -8
leaf_value=-0.033984097128554415 -0.033623122825400746 -0.039890441166557662 0.0040490791566151251 0.064884106458998878 0.017706039129555252 -0.01654509148462285 0.033952430815023783
leaf_weight=131.79024103283882 1078.4186793416739 724.3329676836729 10538.279766559601 323.44365085661411 852.22813567519188 2430.7004871815443 926.485177308321
leaf_count=529 4375 3002 42653 1633 3758 10158 4117
internal_value=2.06118e-05 -0.0042501 0.000549244 0.0282495 0.0107557 -0.0219157 0.0420021
internal_weight=17005.7 14771.7 11616.7 2233.95 984.018 3155.03 1249.93
internal_count=70225 60188 47028 10037 4287 13160 5750
is_linear=0
shrinkage=0.1


Tree=15
num_leaves=8
num_cat=0
split_feature=6 0 13 14 13 1 5
split_gain=178.211 95.7473 81.5774 64.4125 61.7584 40.1224 10.1368
threshold=1.0000000180025095e-35 1.0000000180025095e-35 1.0000000180025095e-35 1.0000000180025095e-35 1.0000000180025095e-35 1.0000000180025095e-35 1.0000000180025095e-35
decision_type=2 2 2 2 2 2 2
left_child=3 5 -3 6 -5 -2 -1
right_child=1 2 -4 4 -6 -7 -8
leaf_value=0.084420260704775929 -0.0064398199450435073 -0.0097347789726849425 0.012971747582459609 0.0016213040892193505 0.023321906413845222 -0.02452401383004655 0.04482844711631262
leaf_weight=117.38036648929119 2048.1651710420847 3309.924383610487 3029.3962965905666 2660.9664321094751 2585.2270720005035 3061.8596455156803 154.04436686635017
leaf_count=626 8346 13581 12189 11231 10957 12555 740
internal_value=2.02885e-05 -0.00709424 0.00111641 0.0147819 0.0123174 -0.0172783 0.0621974
internal_weight=16967 11449.3 6339.32 5517.62 5246.19 5110.02 271.425
internal_count=70225 46671 25770 23554 22188 20901 1366
is_linear=0
shrinkage=0.1


Tree=16
num_leaves=8
num_cat=0
split_feature=5 4 12 2 2 14 0
split_gain=166.559 108.634 93.5988 45.4843 41.2221 29.5439 4.69955
threshold=1.0000000180025095e-35 1.0000000180025095e-35 1.0000000180025095e-35 1.0000000180025095e-35 1.0000000180025095e-35 1.0000000180025095e-35 1.0000000180025095e-35
decision_type=2 2 2 2 2 2 2
left_child=3 4 -3 6 -2 -5 -1
right_child=1 2 -4 5 -6 -7 -8
leaf_value=-0.057878176602582591 -0.033607415763549219 -0.024686994962026206 -0.0027831964709245935 0.083964757695349043 0.021418782386640283 0.029449533034556958 -0.015424146462072678
leaf_weight=46.183107554912567 145.35749650001526 2387.8500792831182 10642.772252932191 105.52560570836067 1970.7044048607349 1573.4949777424335 60.588393792510033
leaf_count=190 587 9794 43903 597 8209 6697 248
internal_value=2.0509e-05 -0.00338563 -0.00679863 0.0288963 0.0176248 0.0329237 -0.0341539
internal_weight=16932.5 15146.7 13030.6 1785.79 2116.06 1679.02 106.772
internal_count=70225 62493 53697 7732 8796 7294 438
is_linear=0
shrinkage=0.1


Tree=17
num_leaves=8
num_cat=0
split_feature=7 10 2 1 4 2 0
split_gain=136.79 96.1334 106.193 42.9684 24.9888 22.5761 15.4736
threshold=1.0000000180025095e-35 1.0000000180025095e-35 1.0000000180025095e-35 1.0000000180025095e-35 1.0000000180025095e-35 1.0000000180025095e-35 1.0000000180025095e-35
decision_type=2 2 2 2 2 2 2
left_child=3 2 -2 5 -3 -1 -5
right_child=1 4 -4 6 -6 -7 -8
leaf_value=-0.030691785808515087 -0.029207856050160547 0.0097037577288223344 0.003813152155958139 0.023338451386182225 -0.021759264997553904 0.013717244879819571 0.04611470894270666
leaf_weight=131.54443114995956 1072.2545264959335 276.32487724721432 10519.592121213675 545.47204457223415 2857.1622039973736 840.25321610271931 667.92782540619373
leaf_count=529 4375 1132 42653 2567 12028 3758 3183
internal_value=2.02e-05 -0.00344493 0.000756428 0.0233615 -0.0189825 0.00768058 0.0359035
internal_weight=16910.5 14725.3 11591.8 2185.2 3133.49 971.798 1213.4
internal_count=70225 60188 47028 10037 13160 4287 5750
is_linear=0
shrinkage=0.1


Tree=18
num_leaves=8
num_cat=0
split_feature=5 13 12 10 2 14 0
split_gain=128.483 107.977 195.358 46.1704 34.4037 25.0475 3.82554
threshold=1.0000000180025095e-35 1.0000000180025095e-35 1.0000000180025095e-35 1.0000000180025095e-35 1.0000000180025095e-35 1.0000000180025095e-35 1.0000000180025095e-35
decision_type=2 2 2 2 2 2 2
left_child=4 3 -3 -2 6 -6 -1
right_child=1 2 -4 -5 5 -7 -8
leaf_value=-0.051090085414753461 -0.006904271019484676 -0.019073281300851907 0.016836998432386893 -0.025214174335153272 0.077677936582942697 0.025936854102141096 -0.012642425556883066
leaf_weight=45.611685514450073 6173.0335971713066 2174.2154778987169 4990.0707845538855 1772.1682813167572 98.879116088151932 1560.9192310273647 60.224242955446243
leaf_count=190 25433 8903 20513 7644 597 6697 248
internal_value=1.92127e-05 -0.00296417 0.00593782 -0.0109909 0.0255368 0.0290641 -0.0295352
internal_weight=16875.1 15109.5 7164.29 7945.2 1765.63 1659.8 105.836
internal_count=70225 62493 29416 33077 7732 7294 438
is_linear=0
shrinkage=0.1


Tree=19
num_leaves=8
num_cat=0
split_feature=4 0 13 2 3 8 13
split_gain=117.891 88.0689 89.3471 46.1691 41.0021 38.0669 20.8163
threshold=1.0000000180025095e-35 1.0000000180025095e-35 1.0000000180025095e-35 1.0000000180025095e-35 1.0000000180025095e-35 1.0000000180025095e-35 1.0000000180025095e-35
decision_type=2 2 2 2 2 2 2
left_child=3 5 -3 6 -5 -2 -1
right_child=1 2 -4 4 -6 -7 -8
leaf_value=-0.064513508216465953 0.022608515048623334 -0.0068102567536697236 0.01454059342269968 0.030824712276945911 0.0026378074209152057 -0.01414848976525334 0.0037174378214894256
leaf_weight=87.196072190999985 294.72925043106079 4081.5671846866608 3768.8771120011806 1787.0756252855062 725.73320209980011 6012.0647746771574 90.484797671437263
leaf_count=356 1416 17024 15513 7646 3050 24854 366
internal_value=1.82378e-05 -0.00362876 0.0034405 0.0192028 0.0226882 -0.0124274 -0.0299402
internal_weight=16847.7 14157.2 7850.44 2690.49 2512.81 6306.79 177.681
internal_count=70225 58807 32537 11418 10696 26270 722
is_linear=0
shrinkage=0.1


Tree=20
num_leaves=8
num_cat=0
split_feature=6 0 13 1 2 12 1
split_gain=107.805 63.0203 46.4219 44.2097 42.7159 42.3964 31.2359
threshold=1.0000000180025095e-35 1.0000000180025095e-35 1.0000000180025095e-35 1.0000000180025095e-35 1.0000000180025095e-35 1.0000000180025095e-35 1.0000000180025095e-35
decision_type=2 2 2 2 2 2 2
left_child=3 6 -3 4 -1 -5 -2
right_child=1 2 -4 5 -6 -7 -8
leaf_value=-0.033594646532126266 -0.0042357625518974025 -0.0070710493508148583 0.010088976596262577 -0.0072375255554182061 0.0066709806078520161 0.025328183713620944 -0.020245363200349187
leaf_weight=297.78950618207455 2037.4592623710632 3288.881878644228 3025.9731696248055 477.75027880072594 2227.5554109811783 2436.0863679051399 3034.0219478309155
leaf_count=1205 8346 13581 12189 2053 9500 10796 12555
internal_value=1.70873e-05 -0.0055152 0.00115204 0.0115972 0.00191143 0.0199881 -0.0138156
internal_weight=16825.5 11386.3 6314.86 5439.18 2525.34 2913.84 5071.48
internal_count=70225 46671 25770 23554 10705 12849 20901
is_linear=0
shrinkage=0.1


Tree=21
num_leaves=8
num_cat=0
split_feature=5 12 13 1 2 14 0
split_gain=95.0813 73.834 149.966 43.0899 25.1641 21.1437 2.98184
threshold=1.0000000180025095e-35 1.0000000180025095e-35 1.0000000180025095e-35 1.0000000180025095e-35 1.0000000180025095e-35 1.0000000180025095e-35 1.0000000180025095e-35
decision_type=2 2 2 2 2 2 2
left_child=4 3 -3 -2 6 -6 -1
right_child=1 2 -4 -5 5 -7 -8
leaf_value=-0.044419321555691088 -0.0014795103400187758 -0.0083320244602067221 0.01417227415539166 -0.027169059001584152 0.071423673658726636 0.022351247765705812 -0.010314031020791854
leaf_weight=44.892895773053169 1059.1084610968828 7316.4900638908148 4972.9816801548004 1701.9790614247322 92.381159007549286 1545.8754149824381 59.929190933704376
leaf_count=190 4337 30589 20513 7054 597 6697 248
internal_value=1.56961e-05 -0.00254549 0.000774838 -0.0173191 0.022119 0.0251603 -0.0252023
internal_weight=16793.6 15050.6 12289.5 2761.09 1743.08 1638.26 104.822
internal_count=70225 62493 51102 11391 7732 7294 438
is_linear=0
shrinkage=0.1


Tree=22
num_leaves=8
num_cat=0
split_feature=4 0 13 2 2 3 13
split_gain=88.9747 60.5599 54.6828 35.0169 32.9932 32.6096 16.1177
threshold=1.0000000180025095e-35 1.0000000180025095e-35 1.0000000180025095e-35 1.0000000180025095e-35 1.0000000180025095e-35 1.0000000180025095e-35 1.0000000180025095e-35
decision_type=2 2 2 2 2 2 2
left_child=3 4 -3 6 -2 -5 -1
right_child=1 2 -4 5 -6 -7 -8
leaf_value=-0.05678070407703574 -0.032486031803365352 -0.0053204846398218243 0.011407524320339346 0.027115996206940399 -0.0080819552199147323 0.0019067468177510359 0.0034236661917502009
leaf_weight=86.368361413478851 613.29134114086628 4067.9734454154968 3758.9980368316174 1769.1406555473804 5661.4427504837513 722.81795020401478 90.341965615749359
leaf_count=356 2562 17024 15513 7646 23708 3050 366
internal_value=1.52053e-05 -0.00315373 0.00271378 0.0167553 -0.010472 0.0198075 -0.0261556
internal_weight=16770.4 14101.7 7826.97 2668.67 6274.73 2491.96 176.71
internal_count=70225 58807 32537 11418 26270 10696 722
is_linear=0
shrinkage=0.1


Tree=23
num_leaves=8
num_cat=0
split_feature=6 12 13 1 1 12 2
split_gain=80.677 44.6579 62.9166 36.7436 36.3665 30.0499 29.6558
threshold=1.0000000180025095e-35 1.0000000180025095e-35 1.0000000180025095e-35 1.0000000180025095e-35 1.0000000180025095e-35 1.0000000180025095e-35 1.0000000180025095e-35
decision_type=2 2 2 2 2 2 2
left_child=4 3 -3 -2 6 -6 -1
right_child=1 2 -4 -5 5 -7 -8
leaf_value=-0.028410515894983748 -0.00044520351587797144 -0.0084843661669978618 0.0084576835324175741 -0.027091568545838485 -0.0051663536217324011 0.022266942227385372 0.0052465174326197031
leaf_weight=295.81939403712749 812.02061484754086 5444.1526679396629 3667.9124399870634 1425.9128125011921 478.14355240762234 2409.9263698607683 2217.5894891768694
leaf_count=1205 3313 22661 14785 5912 2053 10796 9500
internal_value=1.36204e-05 -0.0047738 -0.00166444 -0.0174276 0.0100723 0.0177249 0.00127548
internal_weight=16751.5 11350 9112.07 2237.93 5401.48 2888.07 2513.41
internal_count=70225 46671 37446 9225 23554 12849 10705
is_linear=0
shrinkage=0.1


Tree=24
num_leaves=8
num_cat=0
split_feature=7 11 2 1 0 4 9
split_gain=71.6096 61.578 58.2215 25.5354 23.5468 16.9472 12.33
threshold=1.0000000180025095e-35 1.0000000180025095e-35 1.0000000180025095e-35 1.0000000180025095e-35 1.0000000180025095e-35 1.0000000180025095e-35 1.0000000180025095e-35
decision_type=2 2 2 2 2 2 2
left_child=3 2 -2 5 -3 -1 -5
right_child=1 4 -4 6 -6 -7 -8
leaf_value=0.027676756617180678 -0.022242610030662548 -0.020164035785265641 0.0043232765442086504 0.045455059530573383 -0.0057305596091448896 -0.0027641536305937804 0.02131713848445542
leaf_weight=245.41197447478771 906.10184121131897 2014.3817192465067 9110.2554140537977 279.72255097329617 2576.3334418088198 708.83802761137486 880.02310648560524
leaf_count=1149 3741 8592 37118 1633 10737 3138 4117
internal_value=1.22776e-05 -0.00247765 0.00191809 0.0172099 -0.0120669 0.00508535 0.0271732
internal_weight=16721.1 14607.1 10016.4 2114 4590.72 954.25 1159.75
internal_count=70225 60188 40859 10037 19329 4287 5750
is_linear=0
shrinkage=0.1


end of trees

feature_importances:
discharge_disposition_id_lt=_10.5=35
change_lt=_0.5=23
age_lt=_6.5=15
number_inpatient_lt=_0.5=14
gender_lt=_0.5=12
number_outpatient_lt=_0.5=12
number_diagnoses_lt=_5.5=11
number_inpatient_lt=_1.5=10
metformin_lt=_1.5=10
number_emergency_lt=_0.5=9
num_lab_procedures_lt=_30.5=6
number_inpatient_lt=_3.5=6
number_inpatient_lt=_4.5=5
number_diagnoses_lt=_6.5=4
number_inpatient_lt=_2.5=3

parameters:
[boosting: gbdt]
[objective: binary]
[metric: binary_logloss]
[tree_learner: serial]
[device_type: cpu]
[data_sample_strategy: bagging]
[data: ]
[valid: ]
[num_iterations: 25]
[learning_rate: 0.1]
[num_leaves: 31]
[num_threads: 8]
[seed: 42]
[deterministic: 0]
[force_col_wise: 0]
[force_row_wise: 0]
[histogram_pool_size: -1]
[max_depth: 3]
[min_data_in_leaf: 20]
[min_sum_hessian_in_leaf: 0.001]
[bagging_fraction: 1]
[pos_bagging_fraction: 1]
[neg_bagging_fraction: 1]
[bagging_freq: 0]
[bagging_seed: 400]
[bagging_by_query: 0]
[feature_fraction: 1]
[feature_fraction_bynode: 1]
[feature_fraction_seed: 30056]
[extra_trees: 0]
[extra_seed: 12879]
[early_stopping_round: 0]
[early_stopping_min_delta: 0]
[first_metric_only: 0]
[max_delta_step: 0]
[lambda_l1: 0]
[lambda_l2: 1]
[linear_lambda: 0]
[min_gain_to_split: 0]
[drop_rate: 0.1]
[max_drop: 50]
[skip_drop: 0.5]
[xgboost_dart_mode: 0]
[uniform_drop: 0]
[drop_seed: 17869]
[top_rate: 0.2]
[other_rate: 0.1]
[min_data_per_group: 100]
[max_cat_threshold: 32]
[cat_l2: 10]
[cat_smooth: 10]
[max_cat_to_onehot: 4]
[top_k: 20]
[monotone_constraints: ]
[monotone_constraints_method: basic]
[monotone_penalty: 0]
[feature_contri: ]
[forcedsplits_filename: ]
[refit_decay_rate: 0.9]
[cegb_tradeoff: 1]
[cegb_penalty_split: 0]
[cegb_penalty_feature_lazy: ]
[cegb_penalty_feature_coupled: ]
[path_smooth: 0]
[interaction_constraints: ]
[verbosity: -1]
[saved_feature_importance_type: 0]
[use_quantized_grad: 0]
[num_grad_quant_bins: 4]
[quant_train_renew_leaf: 0]
[stochastic_rounding: 1]
[linear_tree: 0]
[max_bin: 255]
[max_bin_by_feature: ]
[min_data_in_bin: 3]
[bin_construct_sample_cnt: 200000]
[data_random_seed: 175]
[is_enable_sparse: 1]
[enable_bundle: 1]
[use_missing: 1]
[zero_as_missing: 0]
[feature_pre_filter: 1]
[pre_partition: 0]
[two_round: 0]
[header: 0]
[label_column: ]
[weight_column: ]
[group_column: ]
[ignore_column: ]
[categorical_feature: ]
[forcedbins_filename: ]
[precise_float_parser: 0]
[parser_config_file: ]
[objective_seed: 16083]
[num_class: 1]
[is_unbalance: 0]
[scale_pos_weight: 1]
[sigmoid: 1]
[boost_from_average: 1]
[reg_sqrt: 0]
[alpha: 0.9]
[fair_c: 1]
[poisson_max_delta_step: 0.7]
[tweedie_variance_power: 1.5]
[lambdarank_truncation_level: 30]
[lambdarank_norm: 1]
[label_gain: ]
[lambdarank_position_bias_regularization: 0]
[eval_at: ]
[multi_error_top_k: 1]
[auc_mu_weights: ]
[num_machines: 1]
[local_listen_port: 12400]
[time_out: 120]
[machine_list_filename: ]
[machines: ]
[gpu_platform_id: -1]
[gpu_device_id: -1]
[gpu_use_dp: 0]
[num_gpu: 1]

end of parameters

pandas_categorical:[]
