tree
version=v4
num_class=1
num_tree_per_iteration=1
label_index=0
max_feature_idx=12
objective=binary sigmoid:1
feature_names=V4_lt=_0.7563397884368896 V4_lt=_1.5782626867294312 V4_lt=_1.6225031018257141 V14_lt=_-2.7358014583587646 V14_lt=_-2.7159359455108643 V14_lt=_-1.8273465633392334 V14_lt=_-1.812438189983368 V14_lt=_-1.7687879800796509 V14_lt=_-1.5627466440200806 V14_lt=_-1.4205476641654968 V14_lt=_-1.349036455154419 V14_lt=_-0.7452503144741058 V10_lt=_-1.7765860557556152
feature_infos=[0:1] [0:1] [0:1] [0:1] [0:1] [0:1] [0:1] [0:1] [0:1] [0:1] [0:1] [0:1] [0:1]
tree_sizes=926 1028 1029 1030 1026 1019 1022 1032 1035 1036 1038 1031 1033 1038 1039 1035 1037 1034 1034 1038 1037 1034 1034 1038 1038

Tree=0
num_leaves=8
num_cat=0
split_feature=6 0 11 12 2 9 3
split_gain=263206 9857.68 6846 4836.57 3863.13 539.598 103.346
threshold=1.0000000180025095e-35 1.0000000180025095e-35 1.0000000180025095e-35 1.0000000180025095e-35 1.0000000180025095e-35 1.0000000180025095e-35 1.0000000180025095e-35
decision_type=2 2 2 2 2 2 2
left_child=1 2 -1 4 -2 -3 -5
right_child=3 5 -4 6 -6 -7 -8
leaf_value=-0.12082768790084719 0.17126017769047394 -0.18573442431888293 0.046893491140682635 0.14980529085715957 -0.019902764965946274 -0.1104640001439697 0.19958460324535249
leaf_weight=11937 2389 33882.5 3056.25 437.25 1895.25 985.25 36397.75
leaf_count=47748 9556 135530 12225 1749 7581 3941 145591
internal_value=5.49691e-06 -0.154453 -0.0866383 0.187301 0.0867093 -0.183611 0.198998
internal_weight=90980.2 49861 14993.2 41119.2 4284.25 34867.8 36835
internal_count=363921 199444 59973 164477 17137 139471 147340
is_linear=0
shrinkage=1


Tree=1
num_leaves=8
num_cat=0
split_feature=6 1 12 2 11 11 0
split_gain=215090 8441.69 4015.64 3161.92 2666.79 1847.87 90.65
threshold=1.0000000180025095e-35 1.0000000180025095e-35 1.0000000180025095e-35 1.0000000180025095e-35 1.0000000180025095e-35 1.0000000180025095e-35 1.0000000180025095e-35
decision_type=2 2 2 2 2 2 2
left_child=1 5 3 -2 -3 -1 -4
right_child=2 4 6 -5 -6 -7 -8
leaf_value=-0.060312630413621504 0.15531089932086634 -0.16632683735043796 0.18167080673103198 -0.017920329732073869 -0.097112852766496768 0.071409477851207992 0.14592505317917567
leaf_weight=4969.8389427661896 2371.5679433345795 36627.536729156971 35722.971803426743 1895.0623639672995 6570.4368851780891 1354.5052158236504 749.50992675125599
leaf_count=19952 9556 147639 144314 7581 26432 5421 3026
internal_value=5.98777e-06 -0.140005 0.170202 0.0783825 -0.155802 -0.0320945 0.18094
internal_weight=90261.4 49522.3 40739.1 4266.63 43198 6324.34 36472.5
internal_count=363921 199444 164477 17137 174071 25373 147340
is_linear=0
shrinkage=0.1


Tree=2
num_leaves=8
num_cat=0
split_feature=6 0 11 12 2 9 3
split_gain=178357 7541.89 4933.39 3472.89 2632.89 403.529 89.9446
threshold=1.0000000180025095e-35 1.0000000180025095e-35 1.0000000180025095e-35 1.0000000180025095e-35 1.0000000180025095e-35 1.0000000180025095e-35 1.0000000180025095e-35
decision_type=2 2 2 2 2 2 2
left_child=1 2 -1 4 -2 -3 -5
right_child=3 5 -4 6 -6 -7 -8
leaf_value=-0.098180458864013387 0.14263360435843245 -0.15622509401377005 0.044528441379263733 0.12102638788358461 -0.016133612332108492 -0.090776332764167009 0.16790959929645699
leaf_weight=11755.002366602421 2326.4194576740265 32895.556619897485 3050.4470950216055 426.07816743850708 1894.5723187476397 974.71259416639805 35110.47850112617
leaf_count=47748 9556 135530 12225 1749 7581 3941 145591
internal_value=2.7761e-05 -0.12832 -0.0687763 0.157164 0.0713847 -0.154344 0.167351
internal_weight=88433.3 48675.7 14805.4 39757.5 4220.99 33870.3 35536.6
internal_count=363921 199444 59973 164477 17137 139471 147340
is_linear=0
shrinkage=0.1


Tree=3
num_leaves=8
num_cat=0
split_feature=7 0 11 12 2 11 0
split_gain=149596 6515.01 3903.03 3315.22 2375.93 327.878 90.8686
threshold=1.0000000180025095e-35 1.0000000180025095e-35 1.0000000180025095e-35 1.0000000180025095e-35 1.0000000180025095e-35 1.0000000180025095e-35 1.0000000180025095e-35
decision_type=2 2 2 2 2 2 2
left_child=1 2 -1 4 -2 -3 -5
right_child=3 5 -4 6 -6 -7 -8
leaf_value=-0.089693340703314889 0.13247392411858522 -0.14792214024283953 0.038643937867061801 0.15751636583510395 -0.016782952510864906 -0.11909425150288966 0.12100694432241131
leaf_weight=11589.259976327419 2305.901457130909 28105.996834814548 2978.1325106322765 33509.834020972252 1983.1394127756357 4622.3366356492043 714.09205585718155
leaf_count=47748 9732 119843 11947 144367 7945 19301 3038
internal_value=5.40358e-05 -0.119093 -0.0634554 0.146371 0.0634737 -0.143854 0.156758
internal_weight=85808.7 47295.7 14567.4 38513 4289.04 32728.3 34223.9
internal_count=363921 198839 59695 165082 17677 139144 147405
is_linear=0
shrinkage=0.1


Tree=4
num_leaves=8
num_cat=0
split_feature=6 2 12 11 2 12 3
split_gain=126522 6272.19 2816.9 1941.23 1883.26 1386.37 89.7004
threshold=1.0000000180025095e-35 1.0000000180025095e-35 1.0000000180025095e-35 1.0000000180025095e-35 1.0000000180025095e-35 1.0000000180025095e-35 1.0000000180025095e-35
decision_type=2 2 2 2 2 2 2
left_child=1 5 4 -3 -2 -1 -4
right_child=2 3 6 -5 -6 -7 -8
leaf_value=-0.02675553622452316 0.12338528495806843 -0.13425719680308643 0.10081696069491204 -0.073838369457003242 -0.012856485053054492 0.17874245223343302 0.14892125592115088
leaf_weight=5610.2919489741325 2185.1920315623283 33687.19099123776 401.10274314880371 6319.6071171313524 1892.8809962421656 347.70098146796227 32220.033140167594
leaf_count=23103 9556 148311 1749 26604 7581 1426 145591
internal_value=8.39522e-05 -0.11046 0.138537 -0.124715 0.0601596 -0.0147349 0.148333
internal_weight=82664 45964.8 36699.2 40006.8 4078.07 5957.99 32621.1
internal_count=363921 199444 164477 174915 17137 24529 147340
is_linear=0
shrinkage=0.1


Tree=5
num_leaves=8
num_cat=0
split_feature=7 0 11 12 2 9 0
split_gain=107662 5683.56 3088.79 2786.66 1733.87 309.424 93.5813
threshold=1.0000000180025095e-35 1.0000000180025095e-35 1.0000000180025095e-35 1.0000000180025095e-35 1.0000000180025095e-35 1.0000000180025095e-35 1.0000000180025095e-35
decision_type=2 2 2 2 2 2 2
left_child=1 2 -1 4 -2 -3 -5
right_child=3 5 -4 6 -6 -7 -8
leaf_value=-0.075343463318429893 0.11619478870102956 -0.12981021835540316 0.039373794552240507 0.14225440190245628 -0.013571495385738609 -0.06851765359251831 0.10379492937671841
leaf_weight=11142.27847789228 2143.8252364993095 29282.915171742439 2972.6944801360369 30232.820044994354 1980.0098919719458 851.10279068350792 659.31490126252174
leaf_count=47748 9732 135530 11947 144367 7945 3614 3038
internal_value=0.000120361 -0.103553 -0.0511823 0.13113 0.0539009 -0.128081 0.141437
internal_weight=79265 44249 14115 35016 4123.84 30134 30892.1
internal_count=363921 198839 59695 165082 17677 139144 147405
is_linear=0
shrinkage=0.1


Tree=6
num_leaves=8
num_cat=0
split_feature=6 1 12 11 2 12 3
split_gain=92109.9 5309.59 2456.1 1707.51 1386.19 1120.92 95.5
threshold=1.0000000180025095e-35 1.0000000180025095e-35 1.0000000180025095e-35 1.0000000180025095e-35 1.0000000180025095e-35 1.0000000180025095e-35 1.0000000180025095e-35
decision_type=2 2 2 2 2 2 2
left_child=1 5 4 -3 -2 -1 -4
right_child=2 3 6 -5 -6 -7 -8
leaf_value=-0.02070074851529001 0.10901003578432211 -0.12071524269361439 0.084900290782659704 -0.062435776288445211 -0.010227797022820588 0.16404758110536433 0.136415403737845
leaf_weight=5711.6514832675457 2011.598109126091 30610.292191460729 370.55733253061771 6019.3421442955732 1890.7835620343685 347.4433229714632 28678.43062004447
leaf_count=23943 9556 147639 1749 26432 7581 1430 145591
internal_value=0.000154372 -0.0967968 0.125754 -0.11114 0.0512491 -0.0100815 0.135761
internal_weight=75640.1 42688.7 32951.4 36629.6 3902.38 6059.09 29049
internal_count=363921 199444 164477 174071 17137 25373 147340
is_linear=0
shrinkage=0.1


Tree=7
num_leaves=8
num_cat=0
split_feature=7 0 12 11 2 9 0
split_gain=79097.7 5109.52 2477.46 2454.82 1292.55 290.019 101.635
threshold=1.0000000180025095e-35 1.0000000180025095e-35 1.0000000180025095e-35 1.0000000180025095e-35 1.0000000180025095e-35 1.0000000180025095e-35 1.0000000180025095e-35
decision_type=2 2 2 2 2 2 2
left_child=1 3 4 -1 -2 -3 -4
right_child=2 5 6 -5 -6 -7 -8
leaf_value=-0.063670753077072192 0.10353815472996974 -0.11811092210098564 0.13188036749060514 0.039225270153123049 -0.010984730017657211 -0.057669460205818368 0.089922619369841306
leaf_weight=10639.657408416271 1964.1342388987541 26437.245319932699 26609.909426733851 2963.8179871290922 1976.6026772558689 821.39414152503014 599.30800335109234
leaf_count=47748 9732 135530 144367 11947 7945 3614 3038
internal_value=0.000193094 -0.0913116 0.120227 -0.0412513 0.0461073 -0.116292 0.13096
internal_weight=72012.1 40862.1 31150 13603.5 3940.74 27258.6 27209.2
internal_count=363921 198839 165082 59695 17677 139144 147405
is_linear=0
shrinkage=0.1


Tree=8
num_leaves=8
num_cat=0
split_feature=6 0 12 11 2 9 3
split_gain=68156.2 4799.43 2237.97 2115.05 1035.86 316.087 104.801
threshold=1.0000000180025095e-35 1.0000000180025095e-35 1.0000000180025095e-35 1.0000000180025095e-35 1.0000000180025095e-35 1.0000000180025095e-35 1.0000000180025095e-35
decision_type=2 2 2 2 2 2 2
left_child=1 3 4 -1 -2 -3 -4
right_child=2 5 6 -5 -6 -7 -8
leaf_value=-0.058589856367446728 0.097409613363709915 -0.11297824622702329 0.071346306623045183 0.036386721410729232 -0.0081180991070512031 -0.052049027947707251 0.1276714518363776
leaf_weight=10418.092839300632 1831.6483637094498 24951.736710354686 338.97483502328396 3024.8240947276354 1888.6255782097578 884.07378396391869 25013.960514307022
leaf_count=47748 9556 135530 1749 12225 7581 3941 145591
internal_value=0.00022812 -0.0856813 0.116293 -0.0372178 0.0438499 -0.110895 0.126921
internal_weight=68351.9 39278.7 29073.2 13442.9 3720.27 25835.8 25352.9
internal_count=363921 199444 164477 59973 17137 139471 147340
is_linear=0
shrinkage=0.1


Tree=9
num_leaves=8
num_cat=0
split_feature=7 0 12 11 2 11 0
split_gain=58880.9 4388.32 2284.5 1682.43 973.369 309.901 113.206
threshold=1.0000000180025095e-35 1.0000000180025095e-35 1.0000000180025095e-35 1.0000000180025095e-35 1.0000000180025095e-35 1.0000000180025095e-35 1.0000000180025095e-35
decision_type=2 2 2 2 2 2 2
left_child=1 3 4 -1 -2 -3 -4
right_child=2 5 6 -5 -6 -7 -8
leaf_value=-0.053907046060385128 0.092926111067702044 -0.11125118297995561 0.12447540834785085 0.031797243454882405 -0.0089543394397451886 -0.080095196070664204 0.07789675891970349
leaf_weight=10202.492513075471 1785.6605911254883 20491.18014831841 23028.921665221453 2952.7870598882437 1973.3821663409472 3797.1058079451323 540.23928342759609
leaf_count=47748 9732 119843 144367 11947 7945 19301 3038
internal_value=0.000263392 -0.0811895 0.111865 -0.0346692 0.0394538 -0.106384 0.123411
internal_weight=64771.8 37443.6 27328.2 13155.3 3759.04 24288.3 23569.2
internal_count=363921 198839 165082 59695 17677 139144 147405
is_linear=0
shrinkage=0.1


Tree=10
num_leaves=8
num_cat=0
split_feature=6 2 12 11 12 2 3
split_gain=50971.9 4234.75 2094.63 1429.74 876.275 778.937 116.397
threshold=1.0000000180025095e-35 1.0000000180025095e-35 1.0000000180025095e-35 1.0000000180025095e-35 1.0000000180025095e-35 1.0000000180025095e-35 1.0000000180025095e-35
decision_type=2 2 2 2 2 2 2
left_child=1 4 5 -3 -1 -2 -4
right_child=2 3 6 -5 -6 -7 -8
leaf_value=-0.0064470015403572042 0.087490121836230283 -0.10123366793330527 0.059178201368461525 -0.044773039890650283 0.15979210529739915 -0.0064195988142026388 0.12129677186041302
leaf_weight=5269.6043368577957 1659.5618399977684 24865.61655163765 308.80173034965992 5474.8386749774218 336.38159714639187 1886.5832712650299 21511.288989335299
leaf_count=23103 9556 148311 1749 26604 1426 7581 145591
internal_value=0.000298343 -0.0762941 0.108836 -0.0910473 0.00355473 0.0375415 0.12042
internal_weight=61312.7 35946.4 25366.2 30340.5 5605.99 3546.15 21820.1
internal_count=363921 199444 164477 174915 24529 17137 147340
is_linear=0
shrinkage=0.1


Tree=11
num_leaves=8
num_cat=0
split_feature=8 0 12 12 2 11 0
split_gain=44173.3 3749.37 2663.74 1065.48 941.533 193.617 160.729
threshold=1.0000000180025095e-35 1.0000000180025095e-35 1.0000000180025095e-35 1.0000000180025095e-35 1.0000000180025095e-35 1.0000000180025095e-35 1.0000000180025095e-35
decision_type=2 2 2 2 2 2 2
left_child=1 3 4 -1 -2 -3 -4
right_child=2 5 6 -5 -6 -7 -8
leaf_value=-0.035291176283332962 0.085448156152911389 -0.10361791199113353 0.11902121040226672 0.14145435419720237 -0.00980475659320015 -0.076875596512749 0.061511034838520939
leaf_weight=11973.665775418282 1797.9092587977648 18049.604219824076 19731.565979242325 350.10384657979012 2451.9881807416677 3203.292940184474 501.62952589988708
leaf_count=56792 10461 119843 144548 1493 10150 17518 3116
internal_value=0.00033656 -0.0741455 0.102482 -0.030259 0.0305024 -0.099591 0.117599
internal_weight=58059.8 33576.7 24483.1 12323.8 4249.9 21252.9 20233.2
internal_count=363921 195646 168275 58285 20611 137361 147664
is_linear=0
shrinkage=0.1


Tree=12
num_leaves=8
num_cat=0
split_feature=5 0 12 11 2 9 3
split_gain=38309.8 3767.68 1950.11 1330.38 587.075 348.441 126.64
threshold=1.0000000180025095e-35 1.0000000180025095e-35 1.0000000180025095e-35 1.0000000180025095e-35 1.0000000180025095e-35 1.0000000180025095e-35 1.0000000180025095e-35
decision_type=2 2 2 2 2 2 2
left_child=1 3 4 -1 -2 -3 -4
right_child=2 5 6 -5 -6 -7 -8
leaf_value=-0.042836107230261405 0.079023007821615601 -0.096871777705858822 0.048377206169674281 0.033328352940976705 -0.0053423645594727837 -0.031641979077821784 0.11650266717214358
leaf_weight=9586.3435657471418 1492.269689142704 19586.1559227705 278.95611974596977 3013.6017282754183 1842.3832430243492 855.91287297010422 18312.65026460588
leaf_count=47748 9502 135530 1733 12311 7412 4094 145591
internal_value=0.000373253 -0.0676321 0.102853 -0.0246182 0.0324238 -0.0941423 0.115483
internal_weight=54968.3 33042 21926.3 12599.9 3334.65 20442.1 18591.6
internal_count=363921 199683 164238 60059 16914 139624 147324
is_linear=0
shrinkage=0.1


Tree=13
num_leaves=8
num_cat=0
split_feature=5 0 12 11 2 11 0
split_gain=33265 3479.62 1910.24 1097.19 509.883 362.806 130.079
threshold=1.0000000180025095e-35 1.0000000180025095e-35 1.0000000180025095e-35 1.0000000180025095e-35 1.0000000180025095e-35 1.0000000180025095e-35 1.0000000180025095e-35
decision_type=2 2 2 2 2 2 2
left_child=1 3 4 -1 -2 -3 -4
right_child=2 5 6 -5 -6 -7 -8
leaf_value=-0.039312351389340361 0.074905917546848264 -0.096810019162433245 0.11483324699474749 0.030074943029357155 -0.0048105009914010165 -0.060783844992276931 0.059166432189046096
leaf_weight=9410.6797704398632 1420.6976465880871 15814.216743275523 16678.426043257117 3006.1494836658239 1841.6253529191017 3403.8293738216162 433.97961282730103
leaf_count=47748 9502 119843 144301 12311 7412 19781 3023
internal_value=0.000406321 -0.0637752 0.100056 -0.0225124 0.0299172 -0.0904327 0.113425
internal_weight=52009.6 31634.9 20374.7 12416.8 3262.32 19218 17112.4
internal_count=363921 199683 164238 60059 16914 139624 147324
is_linear=0
shrinkage=0.1


Tree=14
num_leaves=8
num_cat=0
split_feature=6 1 12 11 12 2 3
split_gain=28897.6 3284.56 1902.09 1248.28 579.179 434.031 143.234
threshold=1.0000000180025095e-35 1.0000000180025095e-35 1.0000000180025095e-35 1.0000000180025095e-35 1.0000000180025095e-35 1.0000000180025095e-35 1.0000000180025095e-35
decision_type=2 2 2 2 2 2 2
left_child=1 4 5 -3 -1 -2 -4
right_child=2 3 6 -5 -6 -7 -8
leaf_value=0.0010197682496030014 0.07044407852905496 -0.087165279414899238 0.037358731019109262 -0.031005769885444789 0.13845191764490858 -0.0036501415274274016 0.1127972758559158
leaf_weight=5259.4084320664406 1361.8425484597683 19724.628150142729 257.10854887962341 4953.2331961840391 324.63202844560146 1882.6083386391401 15472.268875271082
leaf_count=23943 9556 147639 1749 26432 1430 7581 145591
internal_value=0.000437946 -0.0602239 0.0971874 -0.0758949 0.00903284 0.0274627 0.111567
internal_weight=49235.7 30261.9 18973.8 24677.9 5584.04 3244.45 15729.4
internal_count=363921 199444 164477 174071 25373 17137 147340
is_linear=0
shrinkage=0.1


Tree=15
num_leaves=8
num_cat=0
split_feature=3 0 9 11 12 2 0
split_gain=25169.8 3136.32 1238.02 1145.15 717.531 678.551 12.4247
threshold=1.0000000180025095e-35 1.0000000180025095e-35 1.0000000180025095e-35 1.0000000180025095e-35 1.0000000180025095e-35 1.0000000180025095e-35 1.0000000180025095e-35
decision_type=2 2 2 2 2 2 2
left_child=1 3 -3 -1 5 -2 -6
right_child=4 2 -4 -5 6 -7 -8
leaf_value=-0.032683322775977484 0.081725938472801296 -0.086992684129799755 -0.0052582518751692932 0.032720353421819247 0.11169931102821547 -0.075314622312582916 0.090659536959341008
leaf_weight=9015.5626781731844 889.43348559737206 16297.306253239512 2091.078942745924 3806.6329369544983 13871.301615476608 397.27408885955811 314.64918328821659
leaf_count=47748 6543 135530 9394 17515 143024 1600 2567
internal_value=0.000470835 -0.051229 -0.0776989 -0.0132653 0.104753 0.0332185 0.111239
internal_weight=46683.2 31210.6 18388.4 12822.2 15472.7 1286.71 14186
internal_count=363921 210187 144924 65263 153734 8143 145591
is_linear=0
shrinkage=0.1


Tree=16
num_leaves=8
num_cat=0
split_feature=12 2 11 0 10 3 8
split_gain=22057.9 3134.14 1733.57 996.948 593.731 503.951 7.60143
threshold=1.0000000180025095e-35 1.0000000180025095e-35 1.0000000180025095e-35 1.0000000180025095e-35 1.0000000180025095e-35 1.0000000180025095e-35 1.0000000180025095e-35
decision_type=2 2 2 2 2 2 2
left_child=1 4 -3 6 -1 -5 -2
right_child=3 2 -4 5 -6 -7 -8
leaf_value=-0.0026536892730850991 0.12667441680030353 -0.080208494505875416 -0.019915190902303759 -0.084268163217279424 0.067468412490477622 0.087455844543210037 0.11029161947040698
leaf_weight=4641.7119306623936 336.4810758382082 17500.432203568518 6555.8825031071901 404.03755442798138 1630.9964481592178 294.63800662010908 12912.364212960005
leaf_count=21460 1493 145946 33483 3225 11199 2567 144548
internal_value=0.000500307 -0.0473642 -0.0637787 0.104578 0.0155869 -0.0118291 0.110717
internal_weight=44276.5 30329 24056.3 13947.5 6272.71 698.676 13248.8
internal_count=363921 212088 179429 151833 32659 5792 146041
is_linear=0
shrinkage=0.1


Tree=17
num_leaves=8
num_cat=0
split_feature=12 2 11 0 10 3 2
split_gain=19333.6 2699.93 1607.26 914.025 506.147 432.037 1.90553
threshold=1.0000000180025095e-35 1.0000000180025095e-35 1.0000000180025095e-35 1.0000000180025095e-35 1.0000000180025095e-35 1.0000000180025095e-35 1.0000000180025095e-35
decision_type=2 2 2 2 2 2 2
left_child=1 4 -3 6 -1 -5 -2
right_child=3 2 -4 5 -6 -7 -8
leaf_value=-0.0023903803212437379 0.10966629961344664 -0.07667973748511539 -0.018036268473467842 -0.079033214914547512 0.063323529852296209 0.084319138884921374 0.10318781117329995
leaf_weight=4638.0174192041159 11351.622434422374 16526.459621936083 6517.1897879242897 388.61395981907845 1567.4357460290194 276.0464114844799 788.75429332256317
leaf_count=21460 136940 145946 33483 3225 11199 2567 9101
internal_value=0.000532771 -0.0443299 -0.0600957 0.103003 0.0142158 -0.011165 0.109254
internal_weight=42054.1 29249.1 23043.6 12805 6205.45 664.66 12140.4
internal_count=363921 212088 179429 151833 32659 5792 146041
is_linear=0
shrinkage=0.1


Tree=18
num_leaves=8
num_cat=0
split_feature=12 0 9 0 11 3 2
split_gain=16959.6 2426.12 1165.09 841.08 808.779 369.774 2.80654
threshold=1.0000000180025095e-35 1.0000000180025095e-35 1.0000000180025095e-35 1.0000000180025095e-35 1.0000000180025095e-35 1.0000000180025095e-35 1.0000000180025095e-35
decision_type=2 2 2 2 2 2 2
left_child=1 4 -3 6 -1 -5 -2
right_child=3 2 -4 5 -6 -7 -8
leaf_value=-0.027246556029331549 0.10842211748358432 -0.078618976650020489 0.00033672505932158585 -0.073927893709768822 0.025974156568568402 0.081229467292411539 0.10079541761825712
leaf_weight=8202.8994796872139 10383.242638707161 13498.059008583426 2169.246597468853 374.72243057191372 4378.8936463966966 258.82939524948597 729.80020367354155
leaf_count=46756 136940 132916 9618 3225 22798 2567 9101
internal_value=0.00056397 -0.0414269 -0.0676877 0.101542 -0.00872334 -0.0105122 0.10793
internal_weight=39995.7 28249.1 15667.3 11746.6 12581.8 633.552 11113
internal_count=363921 212088 142534 151833 69554 5792 146041
is_linear=0
shrinkage=0.1


Tree=19
num_leaves=8
num_cat=0
split_feature=12 2 11 0 10 3 2
split_gain=14889.2 2158.27 1373.43 776.298 377.325 315.94 3.84469
threshold=1.0000000180025095e-35 1.0000000180025095e-35 1.0000000180025095e-35 1.0000000180025095e-35 1.0000000180025095e-35 1.0000000180025095e-35 1.0000000180025095e-35
decision_type=2 2 2 2 2 2 2
left_child=1 4 -3 6 -1 -5 -2
right_child=3 2 -4 5 -6 -7 -8
leaf_value=-0.00029521797523310631 0.1072745937192352 -0.070358406917962843 -0.01486363761809846 -0.068969681276331907 0.05769129392063399 0.078171668328352623 0.098392734726386613
leaf_weight=4589.2502888441086 9490.5415327474475 14868.341554820538 6371.1561485677958 362.24030387401581 1484.3869418054819 242.92961924523115 675.68463390320539
leaf_count=21460 136940 145946 33483 3225 11199 2567 9101
internal_value=0.000583951 -0.0386817 -0.0537133 0.100145 0.0138838 -0.00987212 0.106694
internal_weight=38084.5 27313.1 21239.5 10771.4 6073.64 605.17 10166.2
internal_count=363921 212088 179429 151833 32659 5792 146041
is_linear=0
shrinkage=0.1


Tree=20
num_leaves=8
num_cat=0
split_feature=12 0 9 0 11 3 4
split_gain=13073.9 2023.43 1024.48 718.582 548.535 269.469 8.85228
threshold=1.0000000180025095e-35 1.0000000180025095e-35 1.0000000180025095e-35 1.0000000180025095e-35 1.0000000180025095e-35 1.0000000180025095e-35 1.0000000180025095e-35
decision_type=2 2 2 2 2 2 2
left_child=1 4 -3 6 -1 -5 -2
right_child=3 2 -4 5 -6 -7 -8
leaf_value=-0.021780037611884295 0.091303943698527845 -0.072944875186466585 0.0017924033928017277 -0.064177225652251021 0.022604113059036281 0.075134809379669473 0.10627109161359852
leaf_weight=7899.441679790616 467.47588240355253 12097.372216455638 2161.815619751811 351.04191678762436 4299.105150744319 228.28171203285456 8827.898641616106
leaf_count=46756 2988 132916 9618 3225 22798 2567 143053
internal_value=0.000609766 -0.0360376 -0.0616147 0.0987945 -0.00613727 -0.00924663 0.105528
internal_weight=36332.4 26457.7 14259.2 9874.7 12198.5 579.324 9295.37
internal_count=363921 212088 142534 151833 69554 5792 146041
is_linear=0
shrinkage=0.1


Tree=21
num_leaves=8
num_cat=0
split_feature=12 0 9 0 11 3 4
split_gain=11489.5 1785.12 927.156 667.317 448.922 229.427 15.4885
threshold=1.0000000180025095e-35 1.0000000180025095e-35 1.0000000180025095e-35 1.0000000180025095e-35 1.0000000180025095e-35 1.0000000180025095e-35 1.0000000180025095e-35
decision_type=2 2 2 2 2 2 2
left_child=1 4 -3 6 -1 -5 -2
right_child=3 2 -4 5 -6 -7 -8
leaf_value=-0.019845143851080937 0.085755389857819275 -0.069794772780549783 0.0016125165208701981 -0.059568253025972732 0.020460292000033974 0.072111640328480747 0.10547943657484422
leaf_weight=7807.7971373200417 448.996183604002 11414.987136483192 2162.7416964024305 341.00410591065884 4275.9846829995513 214.815559014678 8044.7163098342717
leaf_count=46756 2988 132916 9618 3225 22798 2567 143053
internal_value=0.000624911 -0.033541 -0.0584213 0.0975012 -0.00558209 -0.00863794 0.104447
internal_weight=34711 25661.5 13577.7 9049.53 12083.8 555.82 8493.71
internal_count=363921 212088 142534 151833 69554 5792 146041
is_linear=0
shrinkage=0.1


Tree=22
num_leaves=8
num_cat=0
split_feature=12 2 11 0 9 3 4
split_gain=10100.6 1579.45 1065.93 621.434 251.048 194.99 22.9352
threshold=1.0000000180025095e-35 1.0000000180025095e-35 1.0000000180025095e-35 1.0000000180025095e-35 1.0000000180025095e-35 1.0000000180025095e-35 1.0000000180025095e-35
decision_type=2 2 2 2 2 2 2
left_child=1 4 -3 6 -1 -5 -2
right_child=3 2 -4 5 -6 -7 -8
leaf_value=0.0028068854015901104 0.080509940471168467 -0.0615527683123719 -0.010940439854462105 -0.055158182679718684 0.051966434070421189 0.069098191319528934 0.10475606640151636
leaf_weight=4565.845687687397 431.42417295277119 12871.769424796104 6149.5633169710636 332.01000991463661 1343.8352055698633 202.45873139053583 7326.8737670816481
leaf_count=21674 2988 145946 33483 3225 10985 2567 143053
internal_value=0.000638214 -0.0311623 -0.0451913 0.0962342 0.0139924 -0.00804827 0.103418
internal_weight=33223.8 24931 19021.3 8292.77 5909.68 534.469 7758.3
internal_count=363921 212088 179429 151833 32659 5792 146041
is_linear=0
shrinkage=0.1


Tree=23
num_leaves=8
num_cat=0
split_feature=12 0 9 0 2 3 4
split_gain=8881.17 1460.2 797.109 580.214 312.329 165.43 30.8746
threshold=1.0000000180025095e-35 1.0000000180025095e-35 1.0000000180025095e-35 1.0000000180025095e-35 1.0000000180025095e-35 1.0000000180025095e-35 1.0000000180025095e-35
decision_type=2 2 2 2 2 2 2
left_child=1 4 -3 6 -1 -5 -2
right_child=3 2 -4 5 -6 -7 -8
leaf_value=0.012703589781492889 0.075532697842182167 -0.064276604781780114 0.0025495501180483673 -0.050959258918199003 -0.019864075325034876 0.066093409567239955 0.10409119340036531
leaf_weight=5868.0637481510639 414.81797766685486 10324.621353670955 2157.8946220427752 323.95103219151497 5908.8642989099026 191.13837959617376 6669.8291831985116
leaf_count=32659 2988 132916 9618 3225 36895 2567 143053
internal_value=0.000655827 -0.0288959 -0.0527249 0.0949806 -0.00363696 -0.00747968 0.10243
internal_weight=31859.2 24259.4 12482.5 7599.74 11776.9 515.089 7084.65
internal_count=363921 212088 142534 151833 69554 5792 146041
is_linear=0
shrinkage=0.1


Tree=24
num_leaves=8
num_cat=0
split_feature=12 0 9 0 11 3 4
split_gain=7809.42 1275.86 712.822 543.036 296.694 140.106 39.0655
threshold=1.0000000180025095e-35 1.0000000180025095e-35 1.0000000180025095e-35 1.0000000180025095e-35 1.0000000180025095e-35 1.0000000180025095e-35 1.0000000180025095e-35
decision_type=2 2 2 2 2 2 2
left_child=1 4 -3 6 -1 -5 -2
right_child=3 2 -4 5 -6 -7 -8
leaf_value=-0.01515334142066658 0.070797289208764616 -0.061182468578398097 0.0022932205594670975 -0.046980187468372625 0.018022863815615128 0.063098757085638099 0.10347615561318227
leaf_weight=7537.464018791914 399.20708470791578 9790.3900828137994 2159.2263097912073 316.72807842493057 4195.0312120690942 180.78262947499752 6069.1670553833246
leaf_count=46756 2988 132916 9618 3225 22798 2567 143053
internal_value=0.000661637 -0.0267159 -0.0497135 0.0937283 -0.00329044 -0.00693399 0.101471
internal_weight=30648 23682.1 11949.6 6965.88 11732.5 497.511 6468.37
internal_count=363921 212088 142534 151833 69554 5792 146041
is_linear=0
shrinkage=0.1


end of trees

feature_importances:
V4_lt=_0.7563397884368896=33
V10_lt=_-1.7765860557556152=30
V14_lt=_-0.7452503144741058=28
V4_lt=_1.6225031018257141=26
V14_lt=_-2.7358014583587646=18
V14_lt=_-1.4205476641654968=13
V14_lt=_-1.812438189983368=8
V14_lt=_-2.7159359455108643=5
V14_lt=_-1.7687879800796509=4
V4_lt=_1.5782626867294312=3
V14_lt=_-1.349036455154419=3
V14_lt=_-1.8273465633392334=2
V14_lt=_-1.5627466440200806=2

parameters:
[boosting: gbdt]
[objective: binary]
[metric: binary_logloss]
[tree_learner: serial]
[device_type: cpu]
[data_sample_strategy: bagging]
[data: ]
[valid: ]
[num_iterations: 25]
[learning_rate: 0.1]
[num_leaves: 31]
[num_threads: 8]
[seed: 42]
[deterministic: 0]
[force_col_wise: 0]
[force_row_wise: 0]
[histogram_pool_size: -1]
[max_depth: 3]
[min_data_in_leaf: 20]
[min_sum_hessian_in_leaf: 0.001]
[bagging_fraction: 1]
[pos_bagging_fraction: 1]
[neg_bagging_fraction: 1]
[bagging_freq: 0]
[bagging_seed: 400]
[bagging_by_query: 0]
[feature_fraction: 1]
[feature_fraction_bynode: 1]
[feature_fraction_seed: 30056]
[extra_trees: 0]
[extra_seed: 12879]
[early_stopping_round: 0]
[early_stopping_min_delta: 0]
[first_metric_only: 0]
[max_delta_step: 0]
[lambda_l1: 0]
[lambda_l2: 1]
[linear_lambda: 0]
[min_gain_to_split: 0]
[drop_rate: 0.1]
[max_drop: 50]
[skip_drop: 0.5]
[xgboost_dart_mode: 0]
[uniform_drop: 0]
[drop_seed: 17869]
[top_rate: 0.2]
[other_rate: 0.1]
[min_data_per_group: 100]
[max_cat_threshold: 32]
[cat_l2: 10]
[cat_smooth: 10]
[max_cat_to_onehot: 4]
[top_k: 20]
[monotone_constraints: ]
[monotone_constraints_method: basic]
[monotone_penalty: 0]
[feature_contri: ]
[forcedsplits_filename: ]
[refit_decay_rate: 0.9]
[cegb_tradeoff: 1]
[cegb_penalty_split: 0]
[cegb_penalty_feature_lazy: ]
[cegb_penalty_feature_coupled: ]
[path_smooth: 0]
[interaction_constraints: ]
[verbosity: -1]
[saved_feature_importance_type: 0]
[use_quantized_grad: 0]
[num_grad_quant_bins: 4]
[quant_train_renew_leaf: 0]
[stochastic_rounding: 1]
[linear_tree: 0]
[max_bin: 255]
[max_bin_by_feature: ]
[min_data_in_bin: 3]
[bin_construct_sample_cnt: 200000]
[data_random_seed: 175]
[is_enable_sparse: 1]
[enable_bundle: 1]
[use_missing: 1]
[zero_as_missing: 0]
[feature_pre_filter: 1]
[pre_partition: 0]
[two_round: 0]
[header: 0]
[label_column: ]
[weight_column: ]
[group_column: ]
[ignore_column: ]
[categorical_feature: ]
[forcedbins_filename: ]
[precise_float_parser: 0]
[parser_config_file: ]
[objective_seed: 16083]
[num_class: 1]
[is_unbalance: 0]
[scale_pos_weight: 1]
[sigmoid: 1]
[boost_from_average: 1]
[reg_sqrt: 0]
[alpha: 0.9]
[fair_c: 1]
[poisson_max_delta_step: 0.7]
[tweedie_variance_power: 1.5]
[lambdarank_truncation_level: 30]
[lambdarank_norm: 1]
[label_gain: ]
[lambdarank_position_bias_regularization: 0]
[eval_at: ]
[multi_error_top_k: 1]
[auc_mu_weights: ]
[num_machines: 1]
[local_listen_port: 12400]
[time_out: 120]
[machine_list_filename: ]
[machines: ]
[gpu_platform_id: -1]
[gpu_device_id: -1]
[gpu_use_dp: 0]
[num_gpu: 1]

end of parameters

pandas_categorical:[]
