tree
version=v4
num_class=1
num_tree_per_iteration=1
label_index=0
max_feature_idx=18
objective=binary sigmoid:1
feature_names=season_lt=_1.5 yr_lt=_0.5 hr_lt=_5.5 hr_lt=_6.5 hr_lt=_19.5 hr_lt=_20.5 hr_lt=_21.5 hr_lt=_22.5 weathersit_lt=_2.5 temp_lt=_0.3100000023841858 temp_lt=_0.3700000047683716 temp_lt=_0.45000000298023224 temp_lt=_0.4699999988079071 atemp_lt=_0.31059999763965607 atemp_lt=_0.3409000039100647 hum_lt=_0.7450000047683716 hum_lt=_0.8050000071525574 hum_lt=_0.8149999976158142 season_lt=_2.5
feature_infos=[0:1] [0:1] [0:1] [0:1] [0:1] [0:1] [0:1] [0:1] [0:1] [0:1] [0:1] [0:1] [0:1] [0:1] [0:1] [0:1] [0:1] [0:1] [0:1]
tree_sizes=894 901 901 905 896 904 907 908 909 1016 1019 1018 1016 1020 1015 1020 1017 1016 1017 1019 910 1019 915 1022 915

Tree=0
num_leaves=7
num_cat=0
split_feature=3 10 7 1 2 1
split_gain=4990.34 1452.91 515.783 265.684 29.252 40.8909
threshold=1.0000000180025095e-35 1.0000000180025095e-35 1.0000000180025095e-35 1.0000000180025095e-35 1.0000000180025095e-35 1.0000000180025095e-35
decision_type=2 2 2 2 2 2
left_child=1 2 -1 -3 5 -2
right_child=4 3 -4 -5 -6 -7
leaf_value=-0.10720773748454829 -0.094061561585856407 0.017288904963985791 0.1336016562898662 -0.1051940292676538 -0.19955032351452004 -0.2011031766378146
leaf_weight=93.249594256281853 73.74967910349369 329.24856738746166 1668.7427390366793 381.49834004044533 854.99627977609634 74.249676927924156
leaf_count=373 295 1317 6675 1526 3420 297
internal_value=-0.00417176 0.0721425 0.120806 -0.0485042 -0.192202 -0.148724
internal_weight=3475.73 2472.74 1761.99 710.747 1003 147.999
internal_count=13903 9891 7048 2843 4012 592
is_linear=0
shrinkage=1


Tree=1
num_leaves=7
num_cat=0
split_feature=3 11 5 7 2 1
split_gain=4077.47 1210.41 372.227 356.469 24.4072 34.1902
threshold=1.0000000180025095e-35 1.0000000180025095e-35 1.0000000180025095e-35 1.0000000180025095e-35 1.0000000180025095e-35 1.0000000180025095e-35
decision_type=2 2 2 2 2 2
left_child=1 3 -3 -1 5 -2
right_child=4 2 -4 -5 -6 -7
leaf_value=-0.081376071797302468 -0.081204475046348118 -0.14123920081519384 0.013765072253086217 0.13845006899385709 -0.17768367280609054 -0.17934290771899247
leaf_weight=77.277739495038986 73.587112054228783 190.5906798094511 808.81145843863487 1387.30013859272 846.54459357261658 73.504318669438362
leaf_count=310 295 764 3243 5574 3420 297
internal_value=-2.49091e-05 0.0689366 -0.0159066 0.126803 -0.17093 -0.131126
internal_weight=3457.62 2463.98 999.402 1464.58 993.636 147.091
internal_count=13903 9891 4007 5884 4012 592
is_linear=0
shrinkage=0.1


Tree=2
num_leaves=7
num_cat=0
split_feature=3 14 6 1 2 1
split_gain=3376.54 1027.44 436.079 196.552 21.6239 29.9192
threshold=1.0000000180025095e-35 1.0000000180025095e-35 1.0000000180025095e-35 1.0000000180025095e-35 1.0000000180025095e-35 1.0000000180025095e-35
decision_type=2 2 2 2 2 2
left_child=1 2 -1 -3 5 -2
right_child=4 3 -4 -5 -6 -7
leaf_value=-0.038351358503289891 -0.073607870636330772 0.012535454779331524 0.11754106981309656 -0.10054397311332275 -0.16425675712759077 -0.16603754109824279
leaf_weight=201.2382745295763 73.186518922448158 283.18782709538937 1623.8159206211567 334.68433614075184 825.28937458992004 71.626787513494492
leaf_count=815 295 1134 6597 1345 3420 297
internal_value=-6.01115e-05 0.0626197 0.10034 -0.04878 -0.157803 -0.12015
internal_weight=3413.03 2442.93 1825.05 617.872 970.103 144.813
internal_count=13903 9891 7412 2479 4012 592
is_linear=0
shrinkage=0.1


Tree=3
num_leaves=7
num_cat=0
split_feature=3 12 1 7 2 1
split_gain=2824.58 896.816 322.907 228.623 19.996 27.0402
threshold=1.0000000180025095e-35 1.0000000180025095e-35 1.0000000180025095e-35 1.0000000180025095e-35 1.0000000180025095e-35 1.0000000180025095e-35
decision_type=2 2 2 2 2 2
left_child=1 3 -3 -1 5 -2
right_child=4 2 -4 -5 -6 -7
leaf_value=-0.063654876120594672 -0.066883869763558534 0.045622099895786049 -0.06468590492240188 0.12076940025427177 -0.15371942308383846 -0.15564159835773117
leaf_weight=70.341745883226395 72.619701400399208 510.01511600613594 551.12949754297733 1280.9027007818222 795.26614844799042 68.971104070544243
leaf_count=285 295 2056 2237 5313 3420 297
internal_value=-0.000102679 0.0571279 -0.0116758 0.111129 -0.147374 -0.110907
internal_weight=3349.25 2412.39 1061.14 1351.24 936.857 141.591
internal_count=13903 9891 4293 5598 4012 592
is_linear=0
shrinkage=0.1


Tree=4
num_leaves=7
num_cat=0
split_feature=3 9 16 4 2 1
split_gain=2381.73 781.647 385.68 96.2768 19.0649 25
threshold=1.0000000180025095e-35 1.0000000180025095e-35 1.0000000180025095e-35 1.0000000180025095e-35 1.0000000180025095e-35 1.0000000180025095e-35
decision_type=2 2 2 2 2 2
left_child=1 2 -1 -3 5 -2
right_child=4 3 -4 -5 -6 -7
leaf_value=-0.019610211213876627 -0.060876488708894394 -0.1497431613147549 0.099116150156220162 -0.04173755296504493 -0.14522896752875236 -0.14731434607518878
leaf_weight=328.77400924265385 71.941849291324615 111.5631350427866 1620.9659720808268 314.3912493288517 759.4768300652504 65.801598832011223
leaf_count=1368 295 456 6797 1270 3420 297
internal_value=-0.00013674 0.0522898 0.0790962 -0.0703101 -0.138857 -0.102933
internal_weight=3272.91 2375.69 1949.74 425.954 897.22 137.743
internal_count=13903 9891 8165 1726 4012 592
is_linear=0
shrinkage=0.1


Tree=5
num_leaves=7
num_cat=0
split_feature=3 0 6 1 2 1
split_gain=2018.39 706.156 365.597 216.704 18.5766 23.4817
threshold=1.0000000180025095e-35 1.0000000180025095e-35 1.0000000180025095e-35 1.0000000180025095e-35 1.0000000180025095e-35 1.0000000180025095e-35
decision_type=2 2 2 2 2 2
left_child=1 2 -1 -3 5 -2
right_child=4 3 -4 -5 -6 -7
leaf_value=-0.044566867672369524 -0.055470431041288959 0.013803263287650306 0.096952888301611861 -0.10594042084671113 -0.13823900978739831 -0.14051066799378928
leaf_weight=206.62919721007347 71.195193454623222 305.44019484519958 1532.1645567268133 297.76745772361755 720.16593754291534 62.316531836986542
leaf_count=849 295 1248 6567 1227 3420 297
internal_value=-0.000195496 0.047789 0.0801195 -0.0453845 -0.131739 -0.0959124
internal_weight=3195.68 2342 1738.79 603.208 853.678 133.512
internal_count=13903 9891 7416 2475 4012 592
is_linear=0
shrinkage=0.1


Tree=6
num_leaves=7
num_cat=0
split_feature=3 12 5 17 2 11
split_gain=1720.06 625.736 268.506 196.752 18.3796 22.869
threshold=1.0000000180025095e-35 1.0000000180025095e-35 1.0000000180025095e-35 1.0000000180025095e-35 1.0000000180025095e-35 1.0000000180025095e-35
decision_type=2 2 2 2 2 2
left_child=1 3 -3 -1 5 -2
right_child=4 2 -4 -5 -6 -7
leaf_value=-0.0042370438845973002 -0.04435874871398976 -0.11781206885522542 0.011187107207049008 0.10762766938277686 -0.13237850415608524 -0.12944003291619485
leaf_weight=184.06803280115128 61.390033394098282 198.39649537205696 845.02544152736664 1074.3333654403687 679.01006877422333 67.686178103089333
leaf_count=792 281 823 3470 4806 3420 311
internal_value=-0.000241812 0.0438265 -0.0134301 0.0912747 -0.125669 -0.0896266
internal_weight=3109.91 2301.82 1043.42 1258.4 808.086 129.076
internal_count=13903 9891 4293 5598 4012 592
is_linear=0
shrinkage=0.1


Tree=7
num_leaves=7
num_cat=0
split_feature=3 13 8 4 2 1
split_gain=1470.99 538.81 314.429 86.6752 18.8607 24.1307
threshold=1.0000000180025095e-35 1.0000000180025095e-35 1.0000000180025095e-35 1.0000000180025095e-35 1.0000000180025095e-35 1.0000000180025095e-35
decision_type=2 2 2 2 2 2
left_child=1 2 -1 -3 5 -2
right_child=4 3 -4 -5 -6 -7
leaf_value=-0.071428245570714033 -0.042868102041098227 -0.13204627139237965 0.077875242272536685 -0.031162445636769537 -0.12738579391140517 -0.13168221079040038
leaf_weight=153.52555198967457 68.950427621603012 111.64038582146168 1642.2066309899092 353.27298876643181 637.25396990776062 56.201514601707458
leaf_count=659 295 481 7313 1438 3420 297
internal_value=-0.000271716 0.0402423 0.0650779 -0.0556193 -0.120297 -0.0834792
internal_weight=3023.05 2260.65 1795.73 464.913 762.406 125.152
internal_count=13903 9891 7972 1919 4012 592
is_linear=0
shrinkage=0.1


Tree=8
num_leaves=7
num_cat=0
split_feature=3 0 15 1 2 1
split_gain=1261.94 491.489 317.741 174.084 18.9688 22.917
threshold=1.0000000180025095e-35 1.0000000180025095e-35 1.0000000180025095e-35 1.0000000180025095e-35 1.0000000180025095e-35 1.0000000180025095e-35
decision_type=2 2 2 2 2 2
left_child=1 2 -1 -3 5 -2
right_child=4 3 -4 -5 -6 -7
leaf_value=-0.010070303152547283 -0.039099968586067846 0.012025168511212029 0.090998734186820376 -0.096481494055212155 -0.12307046510515177 -0.12740325599550034
leaf_weight=417.74931974709034 68.174238875508308 300.70205672085285 1214.7747900038958 289.51891015470028 595.81149101257324 52.504049688577652
leaf_count=1806 295 1248 5610 1227 3420 297
internal_value=-0.000325081 0.0368816 0.0651457 -0.0412734 -0.115641 -0.0782498
internal_weight=2939.23 2222.75 1632.52 590.221 716.49 120.678
internal_count=13903 9891 7416 2475 4012 592
is_linear=0
shrinkage=0.1


Tree=9
num_leaves=8
num_cat=0
split_feature=3 12 5 7 2 11 12
split_gain=1086.17 437.262 213.152 179.016 19.1533 22.4179 0.0449088
threshold=1.0000000180025095e-35 1.0000000180025095e-35 1.0000000180025095e-35 1.0000000180025095e-35 1.0000000180025095e-35 1.0000000180025095e-35 1.0000000180025095e-35
decision_type=2 2 2 2 2 2 2
left_child=1 3 -3 -1 5 -2 -6
right_child=4 2 -4 -5 6 -7 -8
leaf_value=-0.077567647737051146 -0.027428059232379967 -0.10872185209980037 0.0081235532171102989 0.0858618950301549 -0.11358294609210547 -0.11556207507226729 -0.12386243630916766
leaf_weight=70.656787008047104 56.414458855986595 191.20010010898113 831.12657414376736 1089.719631716609 258.51016187667847 59.881749242544174 296.83202004432678
leaf_count=285 281 823 3470 5313 1592 311 1828
internal_value=-0.000357238 0.0338675 -0.0138143 0.0758522 -0.111466 -0.0734072 -0.11929
internal_weight=2854.34 2182.7 1022.33 1160.38 671.638 116.296 555.342
internal_count=13903 9891 4293 5598 4012 592 3420
is_linear=0
shrinkage=0.1


Tree=10
num_leaves=8
num_cat=0
split_feature=3 0 15 1 2 1 12
split_gain=936.878 375.921 269.076 143.878 19.8161 23.4263 0.154307
threshold=1.0000000180025095e-35 1.0000000180025095e-35 1.0000000180025095e-35 1.0000000180025095e-35 1.0000000180025095e-35 1.0000000180025095e-35 1.0000000180025095e-35
decision_type=2 2 2 2 2 2 2
left_child=1 2 -1 -3 5 -2 -6
right_child=4 3 -4 -5 6 -7 -8
leaf_value=-0.012607570726004425 -0.029313512146491125 0.011097344606959643 0.081668278004950912 -0.088293737426588303 -0.10998211701642829 -0.12192236108890531 -0.12074930948396936
leaf_weight=410.97961553931236 65.86160147190094 298.28747457265854 1145.9527554214001 283.25093424320221 241.20439481735229 46.752816125750542 275.17520588636398
leaf_count=1806 295 1248 5610 1227 1592 297 1828
internal_value=-0.000386094 0.0311756 0.0567904 -0.0373817 -0.10757 -0.0684956 -0.115942
internal_weight=2767.46 2138.47 1556.93 581.538 628.994 112.614 516.38
internal_count=13903 9891 7416 2475 4012 592 3420
is_linear=0
shrinkage=0.1


Tree=11
num_leaves=8
num_cat=0
split_feature=3 1 9 11 2 1 12
split_gain=809.872 339.779 188.257 188.247 20.0418 22.2018 0.274283
threshold=1.0000000180025095e-35 1.0000000180025095e-35 1.0000000180025095e-35 1.0000000180025095e-35 1.0000000180025095e-35 1.0000000180025095e-35 1.0000000180025095e-35
decision_type=2 2 2 2 2 2 2
left_child=1 2 -1 -3 5 -2 -6
right_child=4 3 -4 -5 6 -7 -8
leaf_value=0.088447402899135677 -0.026693092743748544 0.027425864049520909 -0.021570746821413172 -0.057632673906666647 -0.10666810704386372 -0.11897424361667581 -0.11803049468356273
leaf_weight=864.45054367184639 65.227237522602081 564.15858246386051 189.18752291798592 481.24314065277576 224.71264672279358 43.321299031376839 254.44992208480835
leaf_count=4195 295 2853 769 2074 1592 297 1828
internal_value=-0.000415499 0.028643 0.0686912 -0.0117479 -0.104072 -0.064272 -0.112935
internal_weight=2686.75 2099.04 1053.64 1045.4 587.711 108.549 479.163
internal_count=13903 9891 4964 4927 4012 592 3420
is_linear=0
shrinkage=0.1


Tree=12
num_leaves=8
num_cat=0
split_feature=3 6 8 12 2 11 12
split_gain=701.193 333.379 277.818 51.751 20.2572 22.0875 0.403685
threshold=1.0000000180025095e-35 1.0000000180025095e-35 1.0000000180025095e-35 1.0000000180025095e-35 1.0000000180025095e-35 1.0000000180025095e-35 1.0000000180025095e-35
decision_type=2 2 2 2 2 2 2
left_child=1 3 -3 -1 5 -2 -6
right_child=4 2 -4 -5 6 -7 -8
leaf_value=-0.036476873945075178 -0.013636529314419174 -0.078946039840948168 0.054302806974601305 -0.12631364684540766 -0.10357805546783115 -0.10538014529442959 -0.11563608280531311
leaf_weight=134.63264538347721 52.086541250348091 172.18583987653255 1630.6987645477057 123.47763302922249 209.11187386512756 52.594695210456848 234.77722018957138
leaf_count=585 281 752 8002 552 1592 311 1828
internal_value=-0.000435254 0.0263157 0.0415401 -0.0797756 -0.100804 -0.060292 -0.110201
internal_weight=2609.57 2060.99 1802.88 258.11 548.57 104.681 443.889
internal_count=13903 9891 8754 1137 4012 592 3420
is_linear=0
shrinkage=0.1


Tree=13
num_leaves=8
num_cat=0
split_feature=3 12 4 7 2 1 12
split_gain=606.306 290.574 158.39 144.489 20.8186 22.3492 0.541768
threshold=1.0000000180025095e-35 1.0000000180025095e-35 1.0000000180025095e-35 1.0000000180025095e-35 1.0000000180025095e-35 1.0000000180025095e-35 1.0000000180025095e-35
decision_type=2 2 2 2 2 2 2
left_child=1 3 -3 -1 5 -2 -6
right_child=4 2 -4 -5 6 -7 -8
leaf_value=-0.076717988321234942 -0.018975394134941231 -0.085937268406958478 0.0076829294574475284 0.070946537855119063 -0.1006609621607104 -0.11533234977864476 -0.11351020194602113
leaf_weight=70.310476288199425 63.133765563368797 236.44945321977139 755.72983530163765 970.67177613079548 194.44274872541428 38.404317274689674 216.22709164023399
leaf_count=285 295 1065 3228 5313 1592 297 1828
internal_value=-0.000478487 0.0240267 -0.0146921 0.0609089 -0.0976066 -0.0561894 -0.107686
internal_weight=2545.37 2033.16 992.179 1040.98 512.208 101.538 410.67
internal_count=13903 9891 4293 5598 4012 592 3420
is_linear=0
shrinkage=0.1


Tree=14
num_leaves=8
num_cat=0
split_feature=3 1 0 9 2 1 12
split_gain=526.194 295.324 151.735 150.759 20.9374 21.0351 0.687934
threshold=1.0000000180025095e-35 1.0000000180025095e-35 1.0000000180025095e-35 1.0000000180025095e-35 1.0000000180025095e-35 1.0000000180025095e-35 1.0000000180025095e-35
decision_type=2 2 2 2 2 2 2
left_child=1 3 -3 -1 5 -2 -6
right_child=4 2 -4 -5 6 -7 -8
leaf_value=0.07965450529649587 -0.017234804142311651 0.0076651381713581067 -0.079586851920794635 -0.019955492866447367 -0.097875054958786359 -0.11315035766443518 -0.11160743570267749
leaf_weight=802.74061125516891 62.68453261256218 731.32052463293076 272.90802018344402 186.92854064702988 180.7186034321785 35.403660111129284 198.8310387134552
leaf_count=4195 295 3700 1227 769 1592 297 1828
internal_value=-0.000493344 0.022099 -0.0161019 0.060839 -0.0946541 -0.0526468 -0.105343
internal_weight=2471.54 1993.9 1004.23 989.669 477.638 98.0882 379.55
internal_count=13903 9891 4927 4964 4012 592 3420
is_linear=0
shrinkage=0.1


Tree=15
num_leaves=8
num_cat=0
split_feature=3 6 1 12 2 11 12
split_gain=456.744 249.982 233.24 35.8973 21.0003 21.5108 0.841656
threshold=1.0000000180025095e-35 1.0000000180025095e-35 1.0000000180025095e-35 1.0000000180025095e-35 1.0000000180025095e-35 1.0000000180025095e-35 1.0000000180025095e-35
decision_type=2 2 2 2 2 2 2
left_child=1 3 -3 -1 5 -2 -6
right_child=4 2 -4 -5 6 -7 -8
leaf_value=-0.037329182731718029 -0.0024690706732756287 0.071908358546110551 -0.0019167016008336504 -0.11382437889997198 -0.095185749175227 -0.097271711790789986 -0.10989046391727997
leaf_weight=132.34388382732868 48.545456975698471 829.60069708526134 882.69607953727245 115.80056831240654 167.93255841732025 46.31217173486948 182.59167638421059
leaf_count=585 281 4379 4375 552 1592 311 1828
internal_value=-0.000506241 0.0202713 0.0338723 -0.0733405 -0.0918035 -0.0492863 -0.103136
internal_weight=2405.82 1960.44 1712.3 248.144 445.382 94.8576 350.524
internal_count=13903 9891 8754 1137 4012 592 3420
is_linear=0
shrinkage=0.1


Tree=16
num_leaves=8
num_cat=0
split_feature=3 8 0 2 1 16 12
split_gain=395.927 238.741 237.103 21.3053 20.8038 19.7478 1.00234
threshold=1.0000000180025095e-35 1.0000000180025095e-35 1.0000000180025095e-35 1.0000000180025095e-35 1.0000000180025095e-35 1.0000000180025095e-35 1.0000000180025095e-35
decision_type=2 2 2 2 2 2 2
left_child=1 5 -3 4 -2 -1 -5
right_child=3 2 -4 6 -6 -7 -8
leaf_value=-0.1078108756710329 -0.011181035107145439 0.053525011769728154 -0.028006866179712916 -0.092564382520087585 -0.11058403100172194 -0.035758466143184869 -0.10832813300281308
leaf_weight=135.95074114203453 60.899520307779312 1243.324252396822 499.27965471148491 156.06297862529755 31.392702162265778 54.520076513290405 167.49052277207375
leaf_count=593 295 6781 2256 1592 297 261 1828
internal_value=-0.000520786 0.0185314 0.0301624 -0.0889176 -0.0458154 -0.0874812 -0.101033
internal_weight=2348.92 1933.07 1742.6 415.846 92.2922 190.471 323.554
internal_count=13903 9891 9037 4012 592 854 3420
is_linear=0
shrinkage=0.1


Tree=17
num_leaves=8
num_cat=0
split_feature=3 1 8 6 2 18 1
split_gain=343.755 215.369 124.51 112.861 21.1995 20.4351 1.17752
threshold=1.0000000180025095e-35 1.0000000180025095e-35 1.0000000180025095e-35 1.0000000180025095e-35 1.0000000180025095e-35 1.0000000180025095e-35 1.0000000180025095e-35
decision_type=2 2 2 2 2 2 2
left_child=1 2 -1 -3 5 -2 -6
right_child=4 3 -4 -5 6 -7 -8
leaf_value=-0.061819219497564276 0.0034532968941981684 -0.1098667448537156 0.063364223762298458 -0.00348000026688117 -0.090333666131597018 -0.091559316276856428 -0.10726823681138231
leaf_weight=86.970751062035561 46.37759443372488 111.64933098107576 838.04197770357132 869.26688051223755 151.48010648787022 43.091038674116135 147.09157924354076
leaf_count=388 296 552 4576 4375 1734 296 1686
internal_value=-0.000527645 0.0169498 0.0515403 -0.0156887 -0.086194 -0.0428141 -0.0990067
internal_weight=2293.97 1905.93 925.013 980.916 388.04 89.4686 298.572
internal_count=13903 9891 4964 4927 4012 592 3420
is_linear=0
shrinkage=0.1


Tree=18
num_leaves=8
num_cat=0
split_feature=3 13 6 18 2 1 12
split_gain=297.805 211.673 187.8 44.6453 21.3559 20.2507 1.4282
threshold=1.0000000180025095e-35 1.0000000180025095e-35 1.0000000180025095e-35 1.0000000180025095e-35 1.0000000180025095e-35 1.0000000180025095e-35 1.0000000180025095e-35
decision_type=2 2 2 2 2 2 2
left_child=1 2 -1 -3 5 -2 -6
right_child=4 3 -4 -5 6 -7 -8
leaf_value=-0.056957521128329393 -0.0061806508276636002 0.017766778115094532 0.047788719741924404 -0.062592927433934159 -0.087190014735715804 -0.10832868202108802 -0.1056646270060539
leaf_weight=197.17609840631485 59.486826211214066 86.17256361246109 1260.453277528286 341.03054853528738 134.00492988526821 27.901672139763832 141.5081590116024
leaf_count=879 295 373 7093 1546 1592 297 1828
internal_value=-0.000532825 0.0154498 0.0335902 -0.0463797 -0.0833574 -0.0396514 -0.0970267
internal_weight=2247.73 1884.83 1457.63 427.203 362.902 87.3885 275.513
internal_count=13903 9891 7972 1919 4012 592 3420
is_linear=0
shrinkage=0.1


Tree=19
num_leaves=8
num_cat=0
split_feature=3 12 17 4 2 11 12
split_gain=258.622 186.927 119.719 109.674 21.053 20.1787 1.6027
threshold=1.0000000180025095e-35 1.0000000180025095e-35 1.0000000180025095e-35 1.0000000180025095e-35 1.0000000180025095e-35 1.0000000180025095e-35 1.0000000180025095e-35
decision_type=2 2 2 2 2 2 2
left_child=1 2 -1 -3 5 -2 -6
right_child=4 3 -4 -5 6 -7 -8
leaf_value=-0.030663920360369263 0.0088502041123681222 -0.078855203644876512 0.063389471242841791 0.0017496053955735607 -0.084645564482931979 -0.08801748032118431 -0.10441675902577581
leaf_weight=164.56807564198971 45.180758818984032 219.25749779492617 747.53226479887962 722.4295152425766 124.74130056798458 39.753657661378384 129.50569496303797
leaf_count=792 281 1065 4806 3228 1592 311 1828
internal_value=-0.000537558 0.014163 0.0464046 -0.0170817 -0.0806886 -0.0369855 -0.095086
internal_weight=2192.97 1853.79 912.1 941.687 339.181 84.9344 254.247
internal_count=13903 9891 5598 4293 4012 592 3420
is_linear=0
shrinkage=0.1


Tree=20
num_leaves=7
num_cat=0
split_feature=2 1 9 0 1 12
split_gain=227.235 190.347 125.084 84.7281 1.78247 3.71016
threshold=1.0000000180025095e-35 1.0000000180025095e-35 1.0000000180025095e-35 1.0000000180025095e-35 1.0000000180025095e-35 1.0000000180025095e-35
decision_type=2 2 2 2 2 2
left_child=1 2 -1 -3 5 -2
right_child=4 3 -4 -5 -6 -7
leaf_value=0.06210585509625971 -0.062904077411640419 -0.0021164436004589252 -0.02729004401492955 -0.068592265124354179 -0.10357721312615056 -0.10082504974684287
leaf_weight=736.05722311139107 60.352926135063171 712.16369213908911 198.09313035011292 261.40628470480442 114.73908331990242 59.597332112491131
leaf_count=4407 821 3925 852 1299 1686 913
internal_value=-0.000523984 0.0109151 0.0431399 -0.0200175 -0.0931608 -0.082423
internal_weight=2142.41 1907.72 934.15 973.57 234.689 119.95
internal_count=13903 10483 5259 5224 3420 1734
is_linear=0
shrinkage=0.1


Tree=21
num_leaves=8
num_cat=0
split_feature=3 8 6 2 1 12 12
split_gain=201.276 172.849 167.623 17.7603 17.9416 14.4992 1.96533
threshold=1.0000000180025095e-35 1.0000000180025095e-35 1.0000000180025095e-35 1.0000000180025095e-35 1.0000000180025095e-35 1.0000000180025095e-35 1.0000000180025095e-35
decision_type=2 2 2 2 2 2 2
left_child=1 5 -3 4 -2 -1 -5
right_child=3 2 -4 6 -6 -7 -8
leaf_value=-0.046715183469093612 -0.0059621225858513356 -0.059456411777913824 0.035349813336069846 -0.079528422422257883 -0.10638212346683894 -0.10352937874674469 -0.10212887146775347
leaf_weight=83.75037257373333 59.008169412612915 214.25379248708487 1397.9503369629383 108.39618836343288 24.552950114011765 103.60685538500547 108.41542737185955
leaf_count=392 295 1035 8002 1592 297 462 1828
internal_value=-0.000516594 0.0121437 0.0227215 -0.076154 -0.0363779 -0.0785158 -0.0912467
internal_weight=2099.93 1799.56 1612.2 300.373 83.5611 187.357 216.812
internal_count=13903 9891 9037 4012 592 854 3420
is_linear=0
shrinkage=0.1


Tree=22
num_leaves=7
num_cat=0
split_feature=2 1 10 0 1 12
split_gain=175.857 160.006 106.786 72.3149 2.18702 4.0986
threshold=1.0000000180025095e-35 1.0000000180025095e-35 1.0000000180025095e-35 1.0000000180025095e-35 1.0000000180025095e-35 1.0000000180025095e-35
decision_type=2 2 2 2 2 2
left_child=1 2 -1 -3 5 -2
right_child=4 3 -4 -5 -6 -7
leaf_value=0.064580805681027684 -0.055986876720308845 -0.0027642971864191685 -0.0073063868218505232 -0.064738856210585102 -0.10139685491413253 -0.098188690119296873
leaf_weight=584.8433994948864 53.469040848314762 702.1031274870038 318.9533115029335 256.31724146008492 96.950506065040827 49.929684098809958
leaf_count=3825 821 3925 1434 1299 1686 913
internal_value=-0.000527057 0.0090674 0.0392315 -0.0193888 -0.0893082 -0.0771108
internal_weight=2062.57 1862.22 903.797 958.42 200.349 103.399
internal_count=13903 10483 5259 5224 3420 1734
is_linear=0
shrinkage=0.1


Tree=23
num_leaves=8
num_cat=0
split_feature=15 14 7 18 8 2 4
split_gain=167.603 154.036 86.4402 50.6312 42.653 36.5455 4.40736
threshold=1.0000000180025095e-35 1.0000000180025095e-35 1.0000000180025095e-35 1.0000000180025095e-35 1.0000000180025095e-35 1.0000000180025095e-35 1.0000000180025095e-35
decision_type=2 2 2 2 2 2 2
left_child=4 2 -2 -3 6 -6 -1
right_child=1 3 -4 -5 5 -7 -8
leaf_value=-0.12144208872639213 -0.078993395742710526 0.029046421806377693 0.049211814434332785 -0.047430983206419502 -0.014514748635505165 -0.088844370852873972 -0.077798404151654871
leaf_weight=32.940017409622669 55.008751183748245 114.12959262356162 889.84077332913876 350.21140861883759 369.86931163072586 79.713577844202518 133.44175150617957
leaf_count=165 230 685 6555 2114 1945 1451 758
internal_value=-0.000510204 0.0185091 0.0416721 -0.0286117 -0.0439816 -0.0278617 -0.0871128
internal_weight=2025.16 1409.19 944.85 464.341 615.965 449.583 166.382
internal_count=13903 9584 6785 2799 4319 3396 923
is_linear=0
shrinkage=0.1


Tree=24
num_leaves=7
num_cat=0
split_feature=3 1 7 5 1 18
split_gain=150.328 132.863 88.0829 67.2403 17.5136 20.0278
threshold=1.0000000180025095e-35 1.0000000180025095e-35 1.0000000180025095e-35 1.0000000180025095e-35 1.0000000180025095e-35 1.0000000180025095e-35
decision_type=2 2 2 2 2 2
left_child=1 2 -1 -3 5 -2
right_child=4 3 -4 -5 -6 -7
leaf_value=-0.069977071109476832 -0.014178617624803422 -0.075681737013960609 0.049376867455386379 -0.0036439666110314652 -0.10187975077749518 -0.086387622117376675
leaf_weight=66.522969424724579 80.817673537880182 155.10144813358784 748.48066885769367 763.07257215678692 107.86143585294485 73.028724100440741
leaf_count=287 1016 851 4677 4076 1983 1013
internal_value=-0.000482161 0.0101971 0.039561 -0.015882 -0.0709762 -0.0487918
internal_weight=1994.89 1733.18 815.004 918.174 261.708 153.846
internal_count=13903 9891 4964 4927 4012 2029
is_linear=0
shrinkage=0.1


end of trees

feature_importances:
yr_lt=_0.5=32
hr_lt=_5.5=24
hr_lt=_6.5=22
temp_lt=_0.4699999988079071=21
season_lt=_1.5=7
hr_lt=_21.5=7
hr_lt=_22.5=7
temp_lt=_0.45000000298023224=7
weathersit_lt=_2.5=6
hr_lt=_19.5=5
hr_lt=_20.5=4
temp_lt=_0.3100000023841858=4
season_lt=_2.5=4
hum_lt=_0.7450000047683716=3
temp_lt=_0.3700000047683716=2
atemp_lt=_0.31059999763965607=2
atemp_lt=_0.3409000039100647=2
hum_lt=_0.8050000071525574=2
hum_lt=_0.8149999976158142=2

parameters:
[boosting: gbdt]
[objective: binary]
[metric: binary_logloss]
[tree_learner: serial]
[device_type: cpu]
[data_sample_strategy: bagging]
[data: ]
[valid: ]
[num_iterations: 25]
[learning_rate: 0.1]
[num_leaves: 31]
[num_threads: 8]
[seed: 42]
[deterministic: 0]
[force_col_wise: 0]
[force_row_wise: 0]
[histogram_pool_size: -1]
[max_depth: 3]
[min_data_in_leaf: 20]
[min_sum_hessian_in_leaf: 0.001]
[bagging_fraction: 1]
[pos_bagging_fraction: 1]
[neg_bagging_fraction: 1]
[bagging_freq: 0]
[bagging_seed: 400]
[bagging_by_query: 0]
[feature_fraction: 1]
[feature_fraction_bynode: 1]
[feature_fraction_seed: 30056]
[extra_trees: 0]
[extra_seed: 12879]
[early_stopping_round: 0]
[early_stopping_min_delta: 0]
[first_metric_only: 0]
[max_delta_step: 0]
[lambda_l1: 0]
[lambda_l2: 1]
[linear_lambda: 0]
[min_gain_to_split: 0]
[drop_rate: 0.1]
[max_drop: 50]
[skip_drop: 0.5]
[xgboost_dart_mode: 0]
[uniform_drop: 0]
[drop_seed: 17869]
[top_rate: 0.2]
[other_rate: 0.1]
[min_data_per_group: 100]
[max_cat_threshold: 32]
[cat_l2: 10]
[cat_smooth: 10]
[max_cat_to_onehot: 4]
[top_k: 20]
[monotone_constraints: ]
[monotone_constraints_method: basic]
[monotone_penalty: 0]
[feature_contri: ]
[forcedsplits_filename: ]
[refit_decay_rate: 0.9]
[cegb_tradeoff: 1]
[cegb_penalty_split: 0]
[cegb_penalty_feature_lazy: ]
[cegb_penalty_feature_coupled: ]
[path_smooth: 0]
[interaction_constraints: ]
[verbosity: -1]
[saved_feature_importance_type: 0]
[use_quantized_grad: 0]
[num_grad_quant_bins: 4]
[quant_train_renew_leaf: 0]
[stochastic_rounding: 1]
[linear_tree: 0]
[max_bin: 255]
[max_bin_by_feature: ]
[min_data_in_bin: 3]
[bin_construct_sample_cnt: 200000]
[data_random_seed: 175]
[is_enable_sparse: 1]
[enable_bundle: 1]
[use_missing: 1]
[zero_as_missing: 0]
[feature_pre_filter: 1]
[pre_partition: 0]
[two_round: 0]
[header: 0]
[label_column: ]
[weight_column: ]
[group_column: ]
[ignore_column: ]
[categorical_feature: ]
[forcedbins_filename: ]
[precise_float_parser: 0]
[parser_config_file: ]
[objective_seed: 16083]
[num_class: 1]
[is_unbalance: 0]
[scale_pos_weight: 1]
[sigmoid: 1]
[boost_from_average: 1]
[reg_sqrt: 0]
[alpha: 0.9]
[fair_c: 1]
[poisson_max_delta_step: 0.7]
[tweedie_variance_power: 1.5]
[lambdarank_truncation_level: 30]
[lambdarank_norm: 1]
[label_gain: ]
[lambdarank_position_bias_regularization: 0]
[eval_at: ]
[multi_error_top_k: 1]
[auc_mu_weights: ]
[num_machines: 1]
[local_listen_port: 12400]
[time_out: 120]
[machine_list_filename: ]
[machines: ]
[gpu_platform_id: -1]
[gpu_device_id: -1]
[gpu_use_dp: 0]
[num_gpu: 1]

end of parameters

pandas_categorical:[]
