tree
version=v4
num_class=1
num_tree_per_iteration=1
label_index=0
max_feature_idx=40
objective=binary sigmoid:1
feature_names=ExternalRiskEstimate_lt=_63.5 ExternalRiskEstimate_lt=_65.5 ExternalRiskEstimate_lt=_67.5 ExternalRiskEstimate_lt=_70.5 ExternalRiskEstimate_lt=_73.5 ExternalRiskEstimate_lt=_74.5 ExternalRiskEstimate_lt=_75.5 ExternalRiskEstimate_lt=_78.5 ExternalRiskEstimate_lt=_80.5 ExternalRiskEstimate_lt=_81.5 ExternalRiskEstimate_lt=_84.5 MSinceOldestTradeOpen_lt=_134.5 AverageMInFile_lt=_49.5 AverageMInFile_lt=_56.5 AverageMInFile_lt=_59.5 AverageMInFile_lt=_63.5 AverageMInFile_lt=_74.5 AverageMInFile_lt=_75.5 NumSatisfactoryTrades_lt=_6.5 NumSatisfactoryTrades_lt=_9.5 NumSatisfactoryTrades_lt=_18.5 NumSatisfactoryTrades_lt=_20.5 PercentTradesNeverDelq_lt=_76.5 PercentTradesNeverDelq_lt=_83.5 PercentTradesNeverDelq_lt=_91.5 PercentTradesNeverDelq_lt=_92.5 PercentTradesNeverDelq_lt=_95.5 PercentInstallTrades_lt=_45.5 PercentInstallTrades_lt=_47.5 MSinceMostRecentInqexcl7days_lt=_-7.5 MSinceMostRecentInqexcl7days_lt=_0.5 MSinceMostRecentInqexcl7days_lt=_1.5 NetFractionRevolvingBurden_lt=_37.5 NetFractionRevolvingBurden_lt=_47.5 NetFractionRevolvingBurden_lt=_57.5 PercentTradesWBalance_lt=_43.5 PercentTradesWBalance_lt=_47.5 PercentTradesWBalance_lt=_66.5 PercentTradesWBalance_lt=_73.5 PercentTradesWBalance_lt=_80.5 PercentTradesWBalance_lt=_86.5
feature_infos=[0:1] [0:1] [0:1] [0:1] [0:1] [0:1] [0:1] [0:1] [0:1] [0:1] [0:1] [0:1] [0:1] [0:1] [0:1] [0:1] [0:1] [0:1] [0:1] [0:1] [0:1] [0:1] [0:1] [0:1] [0:1] [0:1] [0:1] [0:1] [0:1] [0:1] [0:1] [0:1] [0:1] [0:1] [0:1] [0:1] [0:1] [0:1] [0:1] [0:1] [0:1]
tree_sizes=1010 1016 1016 1016 1023 1014 1018 1017 1014 1016 1020 1024 1020 1020 1017 1018 1015 1025 1020 1017 1015 1024 1021 1016 1020

Tree=0
num_leaves=8
num_cat=0
split_feature=5 2 36 9 30 30 11
split_gain=1324.43 138.635 106.371 86.442 70.4804 46.3829 19.6288
threshold=1.0000000180025095e-35 1.0000000180025095e-35 1.0000000180025095e-35 1.0000000180025095e-35 1.0000000180025095e-35 1.0000000180025095e-35 1.0000000180025095e-35
decision_type=2 2 2 2 2 2 2
left_child=3 4 -3 6 -2 -5 -1
right_child=1 2 -4 5 -6 -7 -8
leaf_value=0.053881432267219365 -0.046806475511535738 -0.19338017742234548 -0.10412911302370191 0.02689593302238491 -0.13167318015720481 -0.046157934878959556 -0.015680757054797281
leaf_weight=360.5549843609333 136.98594215512276 651.24464303255081 168.42533871531487 133.49267587065697 336.10212036967278 251.51517248153687 49.404766023159027
leaf_count=1445 549 2610 675 535 1347 1008 198
internal_value=-0.0877819 -0.150226 -0.175083 0.0137139 -0.107065 -0.0205967 0.0456942
internal_weight=2087.73 1292.76 819.67 794.968 473.088 385.008 409.96
internal_count=8367 5181 3285 3186 1896 1543 1643
is_linear=0
shrinkage=1


Tree=1
num_leaves=8
num_cat=0
split_feature=4 7 38 0 30 3 12
split_gain=1075.54 97.5414 97.2529 46.2107 39.2749 34.9852 34.6792
threshold=1.0000000180025095e-35 1.0000000180025095e-35 1.0000000180025095e-35 1.0000000180025095e-35 1.0000000180025095e-35 1.0000000180025095e-35 1.0000000180025095e-35
decision_type=2 2 2 2 2 2 2
left_child=1 6 3 -2 -3 -4 -1
right_child=2 4 5 -5 -6 -7 -8
leaf_value=0.11523536614790264 -0.063078504073155336 0.09181600497904667 0.013912408491801118 -0.11935153117247772 0.011431895988777578 -0.044379595921486013 0.0033489623569512728
leaf_weight=546.92708170413971 325.00818286836147 88.727625042200089 128.84425356984138 271.45426785945892 189.49265170097351 503.58148224651814 29.241442546248436
leaf_count=2189 1308 355 517 1096 759 2026 117
internal_value=-5.10438e-06 0.0861105 -0.0598986 -0.0888457 0.0373043 -0.0325005 0.109573
internal_weight=2083.28 854.389 1228.89 596.462 278.22 632.426 576.169
internal_count=8367 3420 4947 2404 1114 2543 2306
is_linear=0
shrinkage=0.1


Tree=2
num_leaves=8
num_cat=0
split_feature=5 2 36 8 30 18 19
split_gain=878.472 98.6206 81.4453 60.6022 55.4381 37.8115 20.1933
threshold=1.0000000180025095e-35 1.0000000180025095e-35 1.0000000180025095e-35 1.0000000180025095e-35 1.0000000180025095e-35 1.0000000180025095e-35 1.0000000180025095e-35
decision_type=2 2 2 2 2 2 2
left_child=3 4 -3 6 -2 -5 -1
right_child=1 2 -4 5 -6 -7 -8
leaf_value=0.11425605217843678 0.038521022618570017 -0.088674316476962584 -0.010357072560176877 0.057944957679441238 -0.036787521500465055 -0.090610012088257044 0.049731108043244855
leaf_weight=400.5203024148941 137.02172309160233 640.26565144956112 167.82296821475029 317.6958753913641 334.47986033558846 17.233552291989326 57.692475408315659
leaf_count=1612 549 2610 675 1273 1347 69 232
internal_value=-1.32113e-05 -0.0512553 -0.0724424 0.082617 -0.0148671 0.0500542 0.106258
internal_weight=2072.73 1279.59 808.089 793.142 471.502 334.929 458.213
internal_count=8367 5181 3285 3186 1896 1342 1844
is_linear=0
shrinkage=0.1


Tree=3
num_leaves=8
num_cat=0
split_feature=4 34 7 27 30 12 30
split_gain=719.824 78.0553 68.0056 45.027 30.4664 26.7295 24.0572
threshold=1.0000000180025095e-35 1.0000000180025095e-35 1.0000000180025095e-35 1.0000000180025095e-35 1.0000000180025095e-35 1.0000000180025095e-35 1.0000000180025095e-35
decision_type=2 2 2 2 2 2 2
left_child=2 6 5 -3 -4 -1 -2
right_child=1 3 4 -5 -6 -7 -8
leaf_value=0.095580038798996583 -0.039703960725766048 -0.073481906614764322 0.078221362028031385 -0.017679380536331134 0.0072929967938788511 -0.0025640065735615994 -0.097625690823618036
leaf_weight=538.9001459479332 94.834358230233192 189.28268693387508 88.180123552680016 606.68046647310257 189.44175598025322 29.199319064617157 320.5819111764431
leaf_count=2189 389 774 355 2463 759 117 1321
internal_value=-1.67539e-05 -0.0494279 0.0707327 -0.031025 0.0300216 0.09054 -0.08453
internal_weight=2057.1 1211.38 845.721 795.963 277.622 568.099 415.416
internal_count=8367 4947 3420 3237 1114 2306 1710
is_linear=0
shrinkage=0.1


Tree=4
num_leaves=8
num_cat=0
split_feature=5 2 36 14 15 33 30
split_gain=589.984 77.7336 62.1567 51.2035 46.8741 44.6932 18.8995
threshold=1.0000000180025095e-35 1.0000000180025095e-35 1.0000000180025095e-35 1.0000000180025095e-35 1.0000000180025095e-35 1.0000000180025095e-35 1.0000000180025095e-35
decision_type=2 2 2 2 2 2 2
left_child=3 4 -3 5 -2 -1 -5
right_child=1 2 -4 6 -6 -7 -8
leaf_value=-0.015476764229698924 0.014518768258199878 -0.075920229344954071 -0.0072565160027879515 0.066227762246059987 -0.050638956197938068 0.086067409215096813 -0.020338922158366385
leaf_weight=46.307890683412552 292.56961643695831 623.7514753639698 167.38255548477173 35.688113644719124 176.02171072363853 617.83968363702297 79.746053874492645
leaf_count=187 1183 2610 675 145 713 2533 321
internal_value=-1.85424e-05 -0.0423209 -0.0614203 0.0683045 -0.0100128 0.0789746 0.00676334
internal_weight=2039.31 1259.73 791.134 779.582 468.591 664.148 115.434
internal_count=8367 5181 3285 3186 1896 2720 466
is_linear=0
shrinkage=0.1


Tree=5
num_leaves=8
num_cat=0
split_feature=3 7 29 30 30 19 0
split_gain=490.612 94.2978 52.8387 58.737 40.2598 25.905 16.8409
threshold=1.0000000180025095e-35 1.0000000180025095e-35 1.0000000180025095e-35 1.0000000180025095e-35 1.0000000180025095e-35 1.0000000180025095e-35 1.0000000180025095e-35
decision_type=2 2 2 2 2 2 2
left_child=1 5 3 -2 -3 -1 -4
right_child=2 4 6 -5 -6 -7 -8
leaf_value=0.084369641713154572 -0.013596196692116262 0.058750940709586946 0.13359557768842731 -0.074335042612034774 -0.003836119921389828 0.017983104614089074 -0.001383614311058586
leaf_weight=485.29117275774479 211.8992318212986 148.20166246592999 9.0028254985809308 645.6538610458374 329.97081786394119 67.572164565324783 121.49820019304752
leaf_count=2028 881 601 37 2720 1331 278 491
internal_value=-1.94904e-05 0.0482129 -0.0503479 -0.0593599 0.0156438 0.0763029 0.00887326
internal_weight=2019.09 1031.04 988.054 857.553 478.172 552.863 130.501
internal_count=8367 4238 4129 3601 1932 2306 528
is_linear=0
shrinkage=0.1


Tree=6
num_leaves=8
num_cat=0
split_feature=3 15 32 29 20 30 0
split_gain=402.496 80.4334 44.4872 43.9858 50.6512 22.3783 13.7058
threshold=1.0000000180025095e-35 1.0000000180025095e-35 1.0000000180025095e-35 1.0000000180025095e-35 1.0000000180025095e-35 1.0000000180025095e-35 1.0000000180025095e-35
decision_type=2 2 2 2 2 2 2
left_child=1 2 -1 4 -2 -3 -5
right_child=3 5 -4 6 -6 -7 -8
leaf_value=0.0099433333581291951 -0.030508710012976937 0.040310220494992811 0.070926051708294871 0.1197054265200167 -0.079563186038535794 -0.026387493778858302 -0.0012465559783071825
leaf_weight=147.87623429298401 438.2798266261816 70.355830073356628 633.21300798654556 9.1498487591743451 407.66774161159992 169.6273138076067 121.48188436031342
leaf_count=601 1856 289 2658 37 1745 690 491
internal_value=-8.98819e-06 0.0438682 0.0594082 -0.0458832 -0.0542144 -0.0067476 0.00807033
internal_weight=1997.65 1021.07 781.089 976.579 845.948 239.983 130.632
internal_count=8367 4238 3259 4129 3601 979 528
is_linear=0
shrinkage=0.1


Tree=7
num_leaves=8
num_cat=0
split_feature=6 39 30 31 29 12 33
split_gain=339.96 70.7023 41.0552 34.5479 39.1065 27.9842 12.1562
threshold=1.0000000180025095e-35 1.0000000180025095e-35 1.0000000180025095e-35 1.0000000180025095e-35 1.0000000180025095e-35 1.0000000180025095e-35 1.0000000180025095e-35
decision_type=2 2 2 2 2 2 2
left_child=3 5 -3 6 -5 -2 -1
right_child=1 2 -4 4 -6 -7 -8
leaf_value=-0.01456981168361831 -0.045879751702247902 0.024362767831709268 -0.026228785262418911 0.030378164289633244 0.11370503041749458 -0.10119535495517065 0.096154653426086131
leaf_weight=10.177244067192076 292.54501159489155 211.97812446951866 649.99788148701191 414.99817492067814 64.477661281824112 134.64003147184849 198.13156321644783
leaf_count=42 1263 875 2714 1752 277 589 855
internal_value=-6.61491e-06 -0.0302908 -0.0137734 0.0567187 0.0417969 -0.0635097 0.0907013
internal_weight=1976.95 1289.16 861.976 687.785 479.476 427.185 208.309
internal_count=8367 5441 3589 2926 2029 1852 897
is_linear=0
shrinkage=0.1


Tree=8
num_leaves=8
num_cat=0
split_feature=3 12 26 34 27 17 18
split_gain=283.251 63.6243 54.1187 39.32 26.9698 14.7841 5.38448
threshold=1.0000000180025095e-35 1.0000000180025095e-35 1.0000000180025095e-35 1.0000000180025095e-35 1.0000000180025095e-35 1.0000000180025095e-35 1.0000000180025095e-35
decision_type=2 2 2 2 2 2 2
left_child=1 2 -1 5 -5 -2 -3
right_child=3 6 -4 4 -6 -7 -8
leaf_value=0.05968982454353973 -0.039414063027332205 -0.024784143324028517 0.0024549065610048148 -0.061685028238830902 -0.011784093045927493 -0.082019891919330748 -0.08188273431971356
leaf_weight=678.20459377765656 136.55507883429527 84.294307887554169 218.42154271900654 140.42431199550629 465.56937479972839 213.46733492612839 20.105946063995361
leaf_count=2907 602 344 905 616 1953 958 82
internal_value=2.06927e-06 0.0371628 0.0457654 -0.0389064 -0.02343 -0.0655576 -0.036453
internal_weight=1957.04 1001.03 896.626 956.016 605.994 350.022 104.4
internal_count=8367 4238 3812 4129 2569 1560 426
is_linear=0
shrinkage=0.1


Tree=9
num_leaves=8
num_cat=0
split_feature=6 0 20 29 31 29 33
split_gain=237.316 53.7014 60.0576 45.9965 30.1472 33.7421 10.6163
threshold=1.0000000180025095e-35 1.0000000180025095e-35 1.0000000180025095e-35 1.0000000180025095e-35 1.0000000180025095e-35 1.0000000180025095e-35 1.0000000180025095e-35
decision_type=2 2 2 2 2 2 2
left_child=4 2 -2 -3 6 -6 -1
right_child=1 3 -4 -5 5 -7 -8
leaf_value=-0.017648002979567486 0.015096207779614386 -0.068089308928163672 -0.0413953178648023 0.0027162137243121939 0.023594842217473076 0.10261442013287568 0.085912792757673717
leaf_weight=10.113678961992262 443.44690339267254 378.00602349638939 325.47265107929707 120.95054188370705 407.7796488404274 61.517763838171959 189.71806468069553
leaf_count=42 1847 1712 1391 491 1752 277 855
internal_value=-1.58349e-05 -0.0254398 -0.00883856 -0.0509545 0.048124 0.0341493 0.0806097
internal_weight=1937.01 1267.88 768.92 498.957 669.129 469.297 199.832
internal_count=8367 5441 3238 2203 2926 2029 897
is_linear=0
shrinkage=0.1


Tree=10
num_leaves=8
num_cat=0
split_feature=4 30 29 10 31 0 11
split_gain=196.664 41.5838 44.0521 37.1965 32.5799 24.1037 11.0971
threshold=1.0000000180025095e-35 1.0000000180025095e-35 1.0000000180025095e-35 1.0000000180025095e-35 1.0000000180025095e-35 1.0000000180025095e-35 1.0000000180025095e-35
decision_type=2 2 2 2 2 2 2
left_child=3 5 -3 6 -5 -2 -1
right_child=1 2 -4 4 -6 -7 -8
leaf_value=0.080976707217457033 0.028363524339847186 -0.046748405035064472 0.015377136808126891 0.062637452694812884 0.0094489024474164671 -0.036170169085661605 0.0073616582643402017
leaf_weight=197.31483766436577 182.38708519935608 735.18444709479809 134.57935447990894 161.15939855575562 398.97011391818523 83.600186109542847 23.070830643177032
leaf_count=916 754 3274 546 722 1680 373 102
internal_value=-8.61195e-06 -0.0265574 -0.037129 0.0386078 0.0248366 0.00802099 0.0733385
internal_weight=1916.27 1135.75 869.764 780.515 560.13 265.987 220.386
internal_count=8367 4947 3820 3420 2402 1127 1018
is_linear=0
shrinkage=0.1


Tree=11
num_leaves=8
num_cat=0
split_feature=3 15 34 32 27 28 21
split_gain=166.025 48.6007 29.9094 27.6003 20.2368 14.9403 13.2007
threshold=1.0000000180025095e-35 1.0000000180025095e-35 1.0000000180025095e-35 1.0000000180025095e-35 1.0000000180025095e-35 1.0000000180025095e-35 1.0000000180025095e-35
decision_type=2 2 2 2 2 2 2
left_child=1 3 6 -1 -4 -3 -2
right_child=2 5 4 -5 -6 -7 -8
leaf_value=0.0024753512143554923 -0.030814137599279114 -0.053318891671966712 -0.050794212332997468 0.051084475214734804 -0.0067521515178113351 0.0041369481695165133 -0.071451529258375043
leaf_weight=145.6727087199688 141.44947944581509 60.050284460186958 134.21334475278854 590.69633060693741 458.55639752745628 174.47601282596588 190.66188338398933
leaf_count=601 649 250 616 2658 1953 729 911
internal_value=2.80601e-06 0.0288718 -0.0303009 0.0414847 -0.0167928 -0.0107385 -0.0542881
internal_weight=1895.78 970.895 924.881 736.369 592.77 234.526 332.111
internal_count=8367 4238 4129 3259 2569 979 1560
is_linear=0
shrinkage=0.1


Tree=12
num_leaves=8
num_cat=0
split_feature=7 30 29 22 19 10 27
split_gain=140.111 50.1439 42.5939 25.3245 21.7794 12.8267 5.68289
threshold=1.0000000180025095e-35 1.0000000180025095e-35 1.0000000180025095e-35 1.0000000180025095e-35 1.0000000180025095e-35 1.0000000180025095e-35 1.0000000180025095e-35
decision_type=2 2 2 2 2 2 2
left_child=4 3 -3 -2 5 -1 -6
right_child=1 2 -4 -5 6 -7 -8
leaf_value=0.074354380348439483 0.025955164726883348 -0.035475121601489135 0.022685013731965981 -0.061942226929910728 -0.05846564803592294 0.038987717806302009 0.0087072156019351293
leaf_weight=177.24570189416409 308.78105936944485 892.79465015232563 145.8679480701685 35.702217310667038 16.151860892772675 253.60986803472042 46.663528770208359
leaf_count=867 1323 3987 592 159 70 1161 208
internal_value=-8.80958e-06 -0.0163341 -0.0272933 0.0166926 0.0456712 0.0536754 -0.0092106
internal_weight=1876.82 1383.15 1038.66 344.483 493.671 430.856 62.8154
internal_count=8367 6061 4579 1482 2306 2028 278
is_linear=0
shrinkage=0.1


Tree=13
num_leaves=8
num_cat=0
split_feature=3 18 31 34 27 17 32
split_gain=121.525 39.5411 34.6399 24.4354 15.8643 12.895 6.61327
threshold=1.0000000180025095e-35 1.0000000180025095e-35 1.0000000180025095e-35 1.0000000180025095e-35 1.0000000180025095e-35 1.0000000180025095e-35 1.0000000180025095e-35
decision_type=2 2 2 2 2 2 2
left_child=1 2 -1 5 -5 -2 -3
right_child=3 6 -4 4 -6 -7 -8
leaf_value=0.06130106924191131 -0.023346948969081807 -0.12627623096747351 0.017582327098377131 -0.044575772035429499 -0.005124699913638087 -0.064485206600070386 -0.039297015754505067
leaf_weight=251.10659065842628 127.83175878226757 10.846644476056097 649.60981318354607 130.42430356144905 455.69682423770428 193.93776495754719 40.290568575263023
leaf_count=1176 602 45 2844 616 1953 958 173
internal_value=-1.1351e-06 0.0249515 0.0298249 -0.0261607 -0.0139644 -0.0482649 -0.0598142
internal_weight=1859.74 951.854 900.716 907.891 586.121 321.77 51.1372
internal_count=8367 4238 4020 4129 2569 1560 218
is_linear=0
shrinkage=0.1


Tree=14
num_leaves=8
num_cat=0
split_feature=7 20 0 29 19 10 29
split_gain=102.66 44.4144 40.695 35.8537 16.5258 11.6811 5.2272
threshold=1.0000000180025095e-35 1.0000000180025095e-35 1.0000000180025095e-35 1.0000000180025095e-35 1.0000000180025095e-35 1.0000000180025095e-35 1.0000000180025095e-35
decision_type=2 2 2 2 2 2 2
left_child=4 2 -2 -3 5 -1 -6
right_child=1 3 -4 -5 6 -7 -8
leaf_value=0.067221914206634523 0.017580425701055929 -0.044260154461044005 -0.03776722907305563 0.013330019655541498 -0.020501350627272541 0.032881341828895648 0.055800385408779477
leaf_weight=169.10545551776886 523.44325485825539 528.49084857106209 176.91686844825745 135.33864670991898 53.051237896084785 247.12359644472599 9.7822176069021207
leaf_count=867 2221 2450 842 548 233 1161 45
internal_value=-1.65171e-05 -0.0140035 0.00356523 -0.0325165 0.0397594 0.0469609 -0.00793426
internal_weight=1843.25 1364.19 700.36 663.829 479.063 416.229 62.8335
internal_count=8367 6061 3063 2998 2306 2028 278
is_linear=0
shrinkage=0.1


Tree=15
num_leaves=8
num_cat=0
split_feature=2 15 24 30 36 17 31
split_gain=85.8531 46.9884 28.0795 19.9026 18.1988 17.2498 7.18356
threshold=1.0000000180025095e-35 1.0000000180025095e-35 1.0000000180025095e-35 1.0000000180025095e-35 1.0000000180025095e-35 1.0000000180025095e-35 1.0000000180025095e-35
decision_type=2 2 2 2 2 2 2
left_child=1 2 -1 -3 5 -2 -6
right_child=4 3 -4 -5 6 -7 -8
leaf_value=0.037668748790563422 -0.013332325295799714 0.024091716770437824 -0.0120664543378248 -0.032156242430141008 0.085837140096876 -0.050584415444350189 -0.0036910079874284013
leaf_weight=686.80696944892406 200.10289986431599 86.903187766671181 135.45892037451267 221.25104680657387 8.5043404847383481 331.18355856835842 156.23110827803612
leaf_count=3187 957 375 573 947 35 1653 640
internal_value=-8.62599e-06 0.0169992 0.0294707 -0.016267 -0.0276161 -0.0366053 0.00142084
internal_weight=1826.44 1130.42 822.266 308.154 696.022 531.286 164.735
internal_count=8367 5082 3760 1322 3285 2610 675
is_linear=0
shrinkage=0.1


Tree=16
num_leaves=8
num_cat=0
split_feature=7 39 24 29 21 29 33
split_gain=73.4915 36.874 25.2029 19.4066 15.2774 9.22129 8.6677
threshold=1.0000000180025095e-35 1.0000000180025095e-35 1.0000000180025095e-35 1.0000000180025095e-35 1.0000000180025095e-35 1.0000000180025095e-35 1.0000000180025095e-35
decision_type=2 2 2 2 2 2 2
left_child=4 3 -3 -2 6 -6 -1
right_child=1 2 -4 -5 5 -7 -8
leaf_value=-0.070917510542680501 -0.040858291607789879 0.01372382812857827 -0.019098286939866656 0.090826090933070439 0.010653584288573423 0.066473970016867126 0.057776075384867259
leaf_weight=4.5618824511766425 391.51196964085102 519.31767044961452 424.06918147206306 10.603960290551184 226.49564255774021 33.156772091984749 200.512376755476
leaf_count=20 1912 2245 1860 44 1097 174 1015
internal_value=-1.01751e-05 -0.0118535 -0.0010349 -0.037169 0.0342311 0.0180093 0.054583
internal_weight=1810.23 1345.5 943.387 402.116 464.727 259.652 205.074
internal_count=8367 6061 4105 1956 2306 1271 1035
is_linear=0
shrinkage=0.1


Tree=17
num_leaves=8
num_cat=0
split_feature=17 25 37 32 0 31 29
split_gain=67.3529 48.6751 36.3545 24.5698 19.1166 15.8777 15.0167
threshold=1.0000000180025095e-35 1.0000000180025095e-35 1.0000000180025095e-35 1.0000000180025095e-35 1.0000000180025095e-35 1.0000000180025095e-35 1.0000000180025095e-35
decision_type=2 2 2 2 2 2 2
left_child=1 3 4 -1 -2 -4 -3
right_child=2 6 5 -5 -6 -7 -8
leaf_value=0.0054452254065976043 -0.023428215441491634 -0.018407938714867733 0.042673090992691641 0.051482516512107557 -0.065717903637228972 -0.0063608979702505916 0.085305953581701552
leaf_weight=165.02002926170826 338.63758315145969 268.75470440089703 78.709240183234215 390.7114729732275 156.60587699711323 384.08291098475456 13.739990830421446
leaf_count=719 1543 1242 366 1937 851 1650 59
internal_value=-3.1937e-07 0.0206882 -0.0181043 0.0378464 -0.0369065 0.00205257 -0.0130804
internal_weight=1796.26 838.226 958.036 555.732 495.243 462.792 282.495
internal_count=8367 3957 4410 2656 2394 2016 1301
is_linear=0
shrinkage=0.1


Tree=18
num_leaves=8
num_cat=0
split_feature=17 26 40 31 29 33 0
split_gain=55.2399 41.3844 30.3917 21.4576 20.984 18.0764 8.06901
threshold=1.0000000180025095e-35 1.0000000180025095e-35 1.0000000180025095e-35 1.0000000180025095e-35 1.0000000180025095e-35 1.0000000180025095e-35 1.0000000180025095e-35
decision_type=2 2 2 2 2 2 2
left_child=1 5 6 -4 -3 -1 -2
right_child=2 4 3 -5 -6 -7 -8
leaf_value=-0.00021592565878231814 -0.035230601137810173 -0.011562817011890318 0.02746349202810526 -0.015567338370397109 0.093625019885460722 0.048994669214022429 -0.07825614701867184
leaf_weight=93.812785357236862 112.9957871735096 352.72528609633446 141.37379361689091 622.7182402908802 19.04313363134861 364.14371551573277 73.541426450014114
leaf_count=404 538 1626 653 2787 83 1844 432
internal_value=3.97719e-06 0.0188463 -0.0164444 -0.0075802 -0.00593806 0.0389353 -0.0525201
internal_weight=1780.35 829.725 950.629 764.092 371.768 457.957 186.537
internal_count=8367 3957 4410 3440 1709 2248 970
is_linear=0
shrinkage=0.1


Tree=19
num_leaves=8
num_cat=0
split_feature=31 32 11 22 29 21 32
split_gain=50.0025 39.2137 25.1416 22.584 19.1606 16.4769 2.757
threshold=1.0000000180025095e-35 1.0000000180025095e-35 1.0000000180025095e-35 1.0000000180025095e-35 1.0000000180025095e-35 1.0000000180025095e-35 1.0000000180025095e-35
decision_type=2 2 2 2 2 2 2
left_child=3 4 -3 5 -2 -1 -5
right_child=1 2 -4 6 -6 -7 -8
leaf_value=0.057382863102836884 -0.033798595527090095 0.017320822462101575 -0.018361116981856055 -0.017356243527697789 0.071452461358796876 0.014046756612207584 -0.080839623703005514
leaf_weight=201.89592921733856 511.00809814035892 543.0955366641283 308.99775031208992 13.056903839111328 16.989629313349724 156.04874926805496 15.154031589627266
leaf_count=981 2513 2563 1347 66 72 756 69
internal_value=6.4733e-06 -0.00889693 0.00437499 0.0317674 -0.0302832 0.0385819 -0.0530576
internal_weight=1766.25 1380.09 852.093 386.156 527.998 357.945 28.2109
internal_count=8367 6495 3910 1872 2585 1737 135
is_linear=0
shrinkage=0.1


Tree=20
num_leaves=8
num_cat=0
split_feature=0 29 30 35 17 26 29
split_gain=43.0537 38.0602 44.1837 17.5518 12.5484 1.89814 0.685483
threshold=1.0000000180025095e-35 1.0000000180025095e-35 1.0000000180025095e-35 1.0000000180025095e-35 1.0000000180025095e-35 1.0000000180025095e-35 1.0000000180025095e-35
decision_type=2 2 2 2 2 2 2
left_child=1 2 -1 4 -2 -3 -5
right_child=3 5 -4 6 -6 -7 -8
leaf_value=0.032016865171732072 -0.01481488255520079 0.069092345600670055 -0.0080558665022446522 -0.014740145699196622 -0.056386950159068389 0.11277847467817033 0.0059178951240287485
leaf_weight=408.3405107408762 120.1065833568573 50.412112951278687 838.44981770217419 17.630868092179298 186.2341051697731 17.102236211299896 116.72777163982391
leaf_count=1968 605 274 3846 77 1047 76 474
internal_value=4.19661e-06 0.00907549 0.00508363 -0.0270086 -0.0401891 0.0816431 0.00311823
internal_weight=1755 1314.3 1246.79 440.699 306.341 67.5143 134.359
internal_count=8367 6164 5814 2203 1652 350 551
is_linear=0
shrinkage=0.1


Tree=21
num_leaves=8
num_cat=0
split_feature=14 26 32 36 29 30 12
split_gain=38.3806 44.1771 22.686 17.5941 16.7084 10.9878 2.72131
threshold=1.0000000180025095e-35 1.0000000180025095e-35 1.0000000180025095e-35 1.0000000180025095e-35 1.0000000180025095e-35 1.0000000180025095e-35 1.0000000180025095e-35
decision_type=2 2 2 2 2 2 2
left_child=1 2 -1 5 -3 -2 -5
right_child=3 4 -4 6 -6 -7 -8
leaf_value=9.2152053961423201e-05 -0.0040527963107311804 -0.014606493826756252 0.04050027325377778 0.031504307699996396 0.075371775812625996 -0.042951441023709666 -0.00097309327855208186
leaf_weight=202.18705831468105 96.912228628993034 512.65839260816574 443.17067137360573 30.299972653388977 20.517754793167114 291.35735589265823 146.50556921958923
leaf_count=895 444 2422 2295 134 92 1484 601
internal_value=8.82728e-06 0.010281 0.0278604 -0.0213955 -0.0110093 -0.0332777 0.00473859
internal_weight=1743.61 1178.53 645.358 565.075 533.176 388.27 176.806
internal_count=8367 5704 3190 2663 2514 1928 735
is_linear=0
shrinkage=0.1


Tree=22
num_leaves=8
num_cat=0
split_feature=34 26 12 29 21 31 27
split_gain=33.576 30.5904 35.6439 11.3687 11.1131 4.66569 2.59741
threshold=1.0000000180025095e-35 1.0000000180025095e-35 1.0000000180025095e-35 1.0000000180025095e-35 1.0000000180025095e-35 1.0000000180025095e-35 1.0000000180025095e-35
decision_type=2 2 2 2 2 2 2
left_child=4 2 -2 -3 5 -1 -6
right_child=1 3 -4 -5 6 -7 -8
leaf_value=0.02669678950310261 0.031088963716996328 -0.015968710250240943 -0.026132664663544858 0.016686302618630609 -0.059119876065564514 -0.01587398643333748 -0.034294819957964857
leaf_weight=31.588316842913628 608.93834722042084 499.13522657752037 131.70608533918858 134.61931386590004 66.384388253092766 122.21392750740051 135.30840045213699
leaf_count=141 3051 2310 594 556 374 619 722
internal_value=1.5331e-05 0.00710402 0.0208919 -0.00901692 -0.0273337 -0.00701471 -0.042717
internal_weight=1729.89 1374.4 740.644 633.755 355.495 153.802 201.693
internal_count=8367 6511 3645 2866 1856 760 1096
is_linear=0
shrinkage=0.1


Tree=23
num_leaves=8
num_cat=0
split_feature=31 29 20 0 18 26 7
split_gain=32.2935 24.3365 22.2349 20.9951 19.4265 12.6587 1.30181
threshold=1.0000000180025095e-35 1.0000000180025095e-35 1.0000000180025095e-35 1.0000000180025095e-35 1.0000000180025095e-35 1.0000000180025095e-35 1.0000000180025095e-35
decision_type=2 2 2 2 2 2 2
left_child=4 2 -2 -3 5 -1 -6
right_child=1 3 -4 -5 6 -7 -8
leaf_value=0.046712308750854442 3.4626260517516844e-05 0.072362063913497296 -0.027771209181521719 0.0017963751432545469 -0.022701766144054825 0.0081210217198566022 -0.084787595339720412
leaf_weight=212.82031862437725 632.46409800648689 63.707020908594131 526.38357865810394 121.16911764442921 5.5613379329442987 141.90330982208252 13.903822839260101
leaf_count=1132 2981 350 2673 491 26 648 66
internal_value=7.911e-06 -0.00723 -0.0126087 0.0263713 0.0259495 0.0313405 -0.0690253
internal_weight=1717.91 1343.72 1158.85 184.876 374.189 354.724 19.4652
internal_count=8367 6495 5654 841 1872 1780 92
is_linear=0
shrinkage=0.1


Tree=24
num_leaves=8
num_cat=0
split_feature=17 23 27 31 31 29 19
split_gain=29.2949 26.0813 21.4769 10.7266 10.5858 7.5797 4.46818
threshold=1.0000000180025095e-35 1.0000000180025095e-35 1.0000000180025095e-35 1.0000000180025095e-35 1.0000000180025095e-35 1.0000000180025095e-35 1.0000000180025095e-35
decision_type=2 2 2 2 2 2 2
left_child=1 4 5 -4 -1 -2 -3
right_child=2 6 3 -5 -6 -7 -8
leaf_value=0.043378045117352403 -0.040819610793712713 -0.014645054127183114 0.024370650599867386 -0.0088852814188831678 0.014673671394265118 0.084489088996418937 -0.056164434246587736
leaf_weight=175.60119910538197 229.18436732888222 106.03138177096844 116.02317036688328 565.86528098583221 478.80423378944397 4.0276441276073447 33.832865342497826
leaf_count=940 1197 515 561 2634 2335 18 167
internal_value=1.23797e-05 0.0140547 -0.0121778 -0.00319939 0.0224306 -0.038304 -0.0250159
internal_weight=1709.37 794.27 915.1 681.888 654.405 233.212 139.864
internal_count=8367 3957 4410 3195 3275 1215 682
is_linear=0
shrinkage=0.1


end of trees

feature_importances:
MSinceMostRecentInqexcl7days_lt=_-7.5=20
MSinceMostRecentInqexcl7days_lt=_0.5=16
MSinceMostRecentInqexcl7days_lt=_1.5=12
ExternalRiskEstimate_lt=_63.5=10
ExternalRiskEstimate_lt=_78.5=7
AverageMInFile_lt=_75.5=7
PercentInstallTrades_lt=_45.5=7
NetFractionRevolvingBurden_lt=_37.5=7
ExternalRiskEstimate_lt=_70.5=6
AverageMInFile_lt=_49.5=6
PercentTradesNeverDelq_lt=_95.5=6
NumSatisfactoryTrades_lt=_9.5=5
NetFractionRevolvingBurden_lt=_47.5=5
NetFractionRevolvingBurden_lt=_57.5=5
PercentTradesWBalance_lt=_47.5=5
ExternalRiskEstimate_lt=_67.5=4
AverageMInFile_lt=_63.5=4
NumSatisfactoryTrades_lt=_6.5=4
NumSatisfactoryTrades_lt=_18.5=4
NumSatisfactoryTrades_lt=_20.5=4
ExternalRiskEstimate_lt=_73.5=3
ExternalRiskEstimate_lt=_74.5=3
ExternalRiskEstimate_lt=_84.5=3
MSinceOldestTradeOpen_lt=_134.5=3
ExternalRiskEstimate_lt=_75.5=2
AverageMInFile_lt=_59.5=2
PercentTradesNeverDelq_lt=_76.5=2
PercentTradesNeverDelq_lt=_91.5=2
PercentTradesWBalance_lt=_80.5=2
ExternalRiskEstimate_lt=_80.5=1
ExternalRiskEstimate_lt=_81.5=1
PercentTradesNeverDelq_lt=_83.5=1
PercentTradesNeverDelq_lt=_92.5=1
PercentInstallTrades_lt=_47.5=1
PercentTradesWBalance_lt=_43.5=1
PercentTradesWBalance_lt=_66.5=1
PercentTradesWBalance_lt=_73.5=1
PercentTradesWBalance_lt=_86.5=1

parameters:
[boosting: gbdt]
[objective: binary]
[metric: binary_logloss]
[tree_learner: serial]
[device_type: cpu]
[data_sample_strategy: bagging]
[data: ]
[valid: ]
[num_iterations: 25]
[learning_rate: 0.1]
[num_leaves: 31]
[num_threads: 8]
[seed: 42]
[deterministic: 0]
[force_col_wise: 0]
[force_row_wise: 0]
[histogram_pool_size: -1]
[max_depth: 3]
[min_data_in_leaf: 20]
[min_sum_hessian_in_leaf: 0.001]
[bagging_fraction: 1]
[pos_bagging_fraction: 1]
[neg_bagging_fraction: 1]
[bagging_freq: 0]
[bagging_seed: 400]
[bagging_by_query: 0]
[feature_fraction: 1]
[feature_fraction_bynode: 1]
[feature_fraction_seed: 30056]
[extra_trees: 0]
[extra_seed: 12879]
[early_stopping_round: 0]
[early_stopping_min_delta: 0]
[first_metric_only: 0]
[max_delta_step: 0]
[lambda_l1: 0]
[lambda_l2: 1]
[linear_lambda: 0]
[min_gain_to_split: 0]
[drop_rate: 0.1]
[max_drop: 50]
[skip_drop: 0.5]
[xgboost_dart_mode: 0]
[uniform_drop: 0]
[drop_seed: 17869]
[top_rate: 0.2]
[other_rate: 0.1]
[min_data_per_group: 100]
[max_cat_threshold: 32]
[cat_l2: 10]
[cat_smooth: 10]
[max_cat_to_onehot: 4]
[top_k: 20]
[monotone_constraints: ]
[monotone_constraints_method: basic]
[monotone_penalty: 0]
[feature_contri: ]
[forcedsplits_filename: ]
[refit_decay_rate: 0.9]
[cegb_tradeoff: 1]
[cegb_penalty_split: 0]
[cegb_penalty_feature_lazy: ]
[cegb_penalty_feature_coupled: ]
[path_smooth: 0]
[interaction_constraints: ]
[verbosity: -1]
[saved_feature_importance_type: 0]
[use_quantized_grad: 0]
[num_grad_quant_bins: 4]
[quant_train_renew_leaf: 0]
[stochastic_rounding: 1]
[linear_tree: 0]
[max_bin: 255]
[max_bin_by_feature: ]
[min_data_in_bin: 3]
[bin_construct_sample_cnt: 200000]
[data_random_seed: 175]
[is_enable_sparse: 1]
[enable_bundle: 1]
[use_missing: 1]
[zero_as_missing: 0]
[feature_pre_filter: 1]
[pre_partition: 0]
[two_round: 0]
[header: 0]
[label_column: ]
[weight_column: ]
[group_column: ]
[ignore_column: ]
[categorical_feature: ]
[forcedbins_filename: ]
[precise_float_parser: 0]
[parser_config_file: ]
[objective_seed: 16083]
[num_class: 1]
[is_unbalance: 0]
[scale_pos_weight: 1]
[sigmoid: 1]
[boost_from_average: 1]
[reg_sqrt: 0]
[alpha: 0.9]
[fair_c: 1]
[poisson_max_delta_step: 0.7]
[tweedie_variance_power: 1.5]
[lambdarank_truncation_level: 30]
[lambdarank_norm: 1]
[label_gain: ]
[lambdarank_position_bias_regularization: 0]
[eval_at: ]
[multi_error_top_k: 1]
[auc_mu_weights: ]
[num_machines: 1]
[local_listen_port: 12400]
[time_out: 120]
[machine_list_filename: ]
[machines: ]
[gpu_platform_id: -1]
[gpu_device_id: -1]
[gpu_use_dp: 0]
[num_gpu: 1]

end of parameters

pandas_categorical:[]
