tree
version=v4
num_class=1
num_tree_per_iteration=1
label_index=0
max_feature_idx=56
objective=binary sigmoid:1
feature_names=word_freq_make word_freq_address word_freq_all word_freq_3d word_freq_our word_freq_over word_freq_remove word_freq_internet word_freq_order word_freq_mail word_freq_receive word_freq_will word_freq_people word_freq_report word_freq_addresses word_freq_free word_freq_business word_freq_email word_freq_you word_freq_credit word_freq_your word_freq_font word_freq_000 word_freq_money word_freq_hp word_freq_hpl word_freq_george word_freq_650 word_freq_lab word_freq_labs word_freq_telnet word_freq_857 word_freq_data word_freq_415 word_freq_85 word_freq_technology word_freq_1999 word_freq_parts word_freq_pm word_freq_direct word_freq_cs word_freq_meeting word_freq_original word_freq_project word_freq_re word_freq_edu word_freq_table word_freq_conference char_freq__ char_freq___1 char_freq___2 char_freq___3 char_freq___4 char_freq___5 capital_run_length_average capital_run_length_longest capital_run_length_total
feature_infos=[0:4.54] [0:14.279999999999999] [0:5.0999999999999996] [0:42.810000000000002] [0:9.0899999999999999] [0:5.8799999999999999] [0:7.2699999999999996] [0:4.6799999999999997] [0:5.2599999999999998] [0:18.18] [0:2.6099999999999999] [0:9.6699999999999999] [0:5.5499999999999998] [0:10] [0:2.8599999999999999] [0:20] [0:7.1399999999999997] [0:9.0899999999999999] [0:18.75] [0:18.18] [0:9.5199999999999996] [0:17.100000000000001] [0:5.4500000000000002] [0:9.75] [0:20.829999999999998] [0:16.66] [0:33.329999999999998] [0:9.0899999999999999] [0:14.279999999999999] [0:5.8799999999999999] [0:12.5] [0:4.7599999999999998] [0:18.18] [0:4.7599999999999998] [0:20] [0:7.6900000000000004] [0:6.8899999999999997] [0:8.3300000000000001] [0:8.6899999999999995] [0:4.7599999999999998] [0:7.1399999999999997] [0:14.279999999999999] [0:3.5699999999999998] [0:16.66] [0:20] [0:16.699999999999999] [0:2.1200000000000001] [0:10] [0:4.3849999999999998] [0:9.7520000000000007] [0:4.0810000000000004] [0:32.478000000000002] [0:6.0030000000000001] [0:19.829000000000001] [1:1102.5] [1:9989] [1:15841]
tree_sizes=979 980 984 976 990 990 973 993 989 988 993 992 991 870 989 885 975 787 790 889 787 784 979 893 889

Tree=0
num_leaves=8
num_cat=0
split_feature=52 6 51 24 45 51 4
split_gain=1243.32 552.081 275.082 144.725 38.3889 8.07487 3.49666
threshold=0.055500000000000008 0.055000000000000007 0.50900000000000012 0.40500000000000008 0.14500000000000005 0.048500000000000008 0.24500000000000002
decision_type=2 2 2 2 2 2 2
left_child=1 2 -1 4 -2 -3 -5
right_child=3 5 -4 6 -6 -7 -8
leaf_value=-0.55074174058395597 -0.19501131207855921 -0.29747408034655232 -0.3258206103186469 -0.57736218550734419 -0.46825651104893423 -0.19825954773662111 -0.46299757571262956
leaf_weight=539.37828406691551 197.93917551636696 15.997496694326399 59.692151844501495 8.1181326508522016 5.0141407549381247 47.753721475601196 4.7753721475601187
leaf_count=2259 829 67 250 34 21 200 20
internal_value=-0.430438 -0.498348 -0.528193 -0.222547 -0.201914 -0.220718 -0.540397
internal_weight=878.668 662.822 599.07 215.847 202.953 63.7512 12.8935
internal_count=3680 2776 2509 904 850 267 54
is_linear=0
shrinkage=1


Tree=1
num_leaves=8
num_cat=0
split_feature=52 6 51 24 45 51 54
split_gain=988.123 438.85 228.267 141.212 36.2616 6.28347 3.28391
threshold=0.044500000000000005 0.055000000000000007 0.50900000000000012 0.38500000000000006 0.22500000000000003 0.020500000000000004 3.2825000000000002
decision_type=2 2 2 2 2 2 2
left_child=1 2 -1 4 -2 -3 -5
right_child=3 5 -4 6 -6 -7 -8
leaf_value=-0.11302986202990256 0.20263169955410515 0.11381696225184915 0.091269322511235165 -0.13630875467142495 -0.065148251385532069 0.20539152856697929 -0.031075180025920232
leaf_weight=517.96993777155876 212.74045103788376 14.183893352746962 60.383216619491577 10.909286141395567 4.7434016466140738 47.763902321457863 4.9087178707122794
leaf_count=2233 860 58 248 47 20 193 21
internal_value=-0.000209644 -0.0644203 -0.0915792 0.17554 0.19652 0.186565 -0.107442
internal_weight=873.603 640.301 578.353 233.302 217.484 61.9478 15.818
internal_count=3680 2732 2481 948 880 251 68
is_linear=0
shrinkage=0.1


Tree=2
num_leaves=8
num_cat=0
split_feature=51 55 6 15 23 24 4
split_gain=835.158 270.3 221.869 108.816 90.9568 64.663 5.38264
threshold=0.078500000000000014 17.500000000000004 0.045000000000000005 0.13500000000000004 1.0000000180025095e-35 0.39500000000000007 0.16500000000000004
decision_type=2 2 2 2 2 2 2
left_child=2 3 4 -2 -1 -3 -4
right_child=1 5 6 -5 -6 -7 -8
leaf_value=-0.11731114404363048 -0.051169939846719817 0.18581876827339591 0.078654038869708107 0.14930239349827867 0.091964219686843984 -0.085358084818630553 0.1696641732904553
leaf_weight=423.66516514122486 104.10159450769424 228.94482047855854 12.410357594490049 35.471905410289764 21.125636875629425 8.5956531465053541 25.383474558591843
leaf_count=1883 444 929 50 146 88 38 102
internal_value=-0.000320418 0.111015 -0.0873727 0.000478757 -0.107187 0.175689 0.142577
internal_weight=859.699 377.114 482.585 139.573 444.791 237.54 37.7938
internal_count=3680 1557 2123 590 1971 967 152
is_linear=0
shrinkage=0.1


Tree=3
num_leaves=8
num_cat=0
split_feature=52 6 15 24 45 51 54
split_gain=689.486 306.99 186.556 103.486 26.722 5.53439 4.19834
threshold=0.039500000000000007 0.075000000000000025 0.20500000000000004 0.38500000000000006 0.22500000000000003 0.020500000000000004 3.2825000000000002
decision_type=2 2 2 2 2 2 2
left_child=1 2 -1 4 -2 -3 -5
right_child=3 5 -4 6 -6 -7 -8
leaf_value=-0.10190878578853646 0.16705906203412635 0.087866711189553623 0.082691503104127345 -0.12614512901381567 -0.054838754631076708 0.17009630897383682 -0.015415684952290083
leaf_weight=482.47537490725517 215.86944387853146 14.229034557938574 60.980491057038307 11.21859021484852 5.1237939745187751 47.4055105894804 5.1847375482320777
leaf_count=2201 871 57 263 52 22 191 23
internal_value=-0.00037449 -0.0570433 -0.0810812 0.1437 0.16169 0.152819 -0.0940428
internal_weight=842.487 605.09 543.456 237.397 220.993 61.6345 16.4033
internal_count=3680 2712 2464 968 893 248 75
is_linear=0
shrinkage=0.1


Tree=4
num_leaves=8
num_cat=0
split_feature=51 54 6 20 23 24 18
split_gain=610.642 196.137 159.889 92.3813 68.4376 57.3462 4.92184
threshold=0.078500000000000014 2.3815000000000004 0.045000000000000005 0.37500000000000006 1.0000000180025095e-35 0.42500000000000004 1.0250000000000001
decision_type=2 2 2 2 2 2 2
left_child=2 3 4 -2 -1 -3 -4
right_child=1 5 6 -5 -6 -7 -8
leaf_value=-0.10556003724921059 -0.095490973626281325 0.15828312748023543 0.052848165857148535 0.073233185256305219 0.077400898479437596 -0.080073454338942363 0.14037386528055626
leaf_weight=393.43762344121933 59.346956551074982 230.2905552983284 10.601755902171133 69.205088302493095 20.869049936532974 9.9753704816102964 26.772869929671288
leaf_count=1883 263 953 43 295 88 46 109
internal_value=-0.000393354 0.0949367 -0.0782724 -0.00479535 -0.0961799 0.148096 0.11757
internal_weight=820.499 368.818 451.681 128.552 414.307 240.266 37.3746
internal_count=3680 1557 2123 558 1971 999 152
is_linear=0
shrinkage=0.1


Tree=5
num_leaves=8
num_cat=0
split_feature=51 55 6 52 15 24 4
split_gain=509.697 166.006 135.478 64.5549 60.7698 49.6726 4.63897
threshold=0.078500000000000014 15.500000000000002 0.045000000000000005 0.16450000000000004 0.13500000000000004 0.21500000000000002 0.16500000000000004
decision_type=2 2 2 2 2 2 2
left_child=2 4 3 -1 -2 -3 -4
right_child=1 5 6 -5 -6 -7 -8
leaf_value=-0.099249053576961496 -0.047957791985060554 0.14649891678075475 0.051800058690505718 0.091782604445416915 0.11091303724043614 -0.049743966972062723 0.13301967217497948
leaf_weight=379.52733787894249 92.355891525745392 225.70327305793762 12.325214937329291 17.798355787992477 31.447916448116302 13.211147293448446 24.507128179073334
leaf_count=1897 413 953 50 74 130 61 102
internal_value=-0.000415854 0.0869536 -0.0734409 -0.0904828 -0.00703701 0.135485 0.107929
internal_weight=796.876 362.718 434.158 397.326 123.804 238.914 36.8323
internal_count=3680 1557 2123 1971 543 1014 152
is_linear=0
shrinkage=0.1


Tree=6
num_leaves=8
num_cat=0
split_feature=52 15 6 24 36 45 51
split_gain=440.622 201.693 102.277 91.3383 31.7298 22.9259 13.2748
threshold=0.029500000000000002 0.115 0.075000000000000025 0.21500000000000002 0.12500000000000003 0.18500000000000003 0.18000000000000002
decision_type=2 2 2 2 2 2 2
left_child=1 2 -1 5 -3 -2 -5
right_child=3 4 -4 6 -6 -7 -8
leaf_value=-0.089758493178800552 0.14177288931620319 0.10970524833396887 0.099359638319896026 -0.10421207021407369 -0.059241684946804943 -0.059116973917320154 0.074433394700541666
leaf_weight=420.77627770602703 201.50714668631554 77.730918243527412 29.866845086216927 19.164291962981228 12.294858649373053 5.3311088085174552 4.4686940759420386
leaf_count=2139 878 339 126 97 57 24 20
internal_value=-0.00038861 -0.0497379 -0.0770322 0.115096 0.0862347 0.136336 -0.0687821
internal_weight=771.14 540.669 450.643 230.471 90.0258 206.838 23.633
internal_count=3680 2661 2265 1019 396 902 117
is_linear=0
shrinkage=0.1


Tree=7
num_leaves=8
num_cat=0
split_feature=51 54 6 20 23 24 18
split_gain=383.237 133.461 98.7314 57.2589 50.2365 44.8804 4.64867
threshold=0.078500000000000014 2.2965000000000004 0.045000000000000005 0.60500000000000009 1.0000000180025095e-35 0.39500000000000007 1.4650000000000001
decision_type=2 2 2 2 2 2 2
left_child=2 3 4 -2 -1 -3 -4
right_child=1 5 6 -5 -6 -7 -8
leaf_value=-0.090992652983454547 -0.080884969032502391 0.13050295158645175 0.037952685692765178 0.059613422251870198 0.069569276564427462 -0.076926986367828493 0.11791585172743553
leaf_weight=346.03300446271896 57.507506623864174 218.95934154093266 12.351358771324156 56.553309306502342 19.938592717051506 10.323148488998411 22.755974441766739
leaf_count=1883 272 985 52 249 88 51 100
internal_value=-0.000375607 0.0770535 -0.0666855 -0.0113108 -0.0820793 0.12087 0.0916137
internal_weight=744.422 343.343 401.079 114.061 365.972 229.282 35.1073
internal_count=3680 1557 2123 521 1971 1036 152
is_linear=0
shrinkage=0.1


Tree=8
num_leaves=8
num_cat=0
split_feature=52 15 24 6 26 45 54
split_gain=331.577 152.331 97.1271 79.2606 25.6299 23.0024 4.53999
threshold=0.016500000000000004 0.21500000000000002 0.38500000000000006 0.075000000000000025 0.24500000000000002 0.18500000000000003 3.4545000000000008
decision_type=2 2 2 2 2 2 2
left_child=1 3 5 -1 -3 -2 -4
right_child=2 4 6 -5 -6 -7 -8
leaf_value=-0.082287119133353792 0.12851190467303927 0.094985763720605271 -0.11462497695722716 0.088164130391236273 -0.123869827339654 -0.063674565217656506 -0.0075185046010175522
leaf_weight=386.24919633567333 194.99851553142071 74.513711184263229 17.707550212740902 28.545204252004623 4.912502408027648 5.8650446236133567 5.2057286202907553
leaf_count=2122 919 334 100 127 23 28 27
internal_value=-0.000362231 -0.0460814 0.100366 -0.0703732 0.0800777 0.122613 -0.0916232
internal_weight=717.997 494.221 223.777 414.794 79.4262 200.864 22.9133
internal_count=3680 2606 1074 2249 357 947 127
is_linear=0
shrinkage=0.1


Tree=9
num_leaves=8
num_cat=0
split_feature=51 54 52 20 15 24 24
split_gain=291.84 105.149 72.3041 59.141 40.0022 15.1134 13.8998
threshold=0.078500000000000014 2.7520000000000002 0.080500000000000016 0.37500000000000006 0.10500000000000002 0.28500000000000009 0.42500000000000004
decision_type=2 2 2 2 2 2 2
left_child=2 3 4 -2 -1 -4 -3
right_child=1 6 5 -5 -6 -7 -8
leaf_value=-0.08867211944809282 -0.071282326785933325 0.12464653023125388 0.089059622467470456 0.05902926517045607 0.020952648878664437 -0.082792200258582915 -0.028821454690511939
leaf_weight=292.4272865653038 58.958476528525352 174.47249102592468 34.591420873999596 82.099559158086777 37.160911247134209 5.1695458441972724 5.7562682479619971
leaf_count=1755 294 852 159 381 180 29 30
internal_value=-0.000363835 0.0692198 -0.0609162 0.00444414 -0.076286 0.0652332 0.119613
internal_weight=690.636 321.287 369.349 141.058 329.588 39.761 180.229
internal_count=3680 1557 2123 675 1935 188 882
is_linear=0
shrinkage=0.1


Tree=10
num_leaves=8
num_cat=0
split_feature=20 24 54 55 6 26 54
split_gain=251.839 105.296 91.491 72.9414 43.0789 36.4449 6.50703
threshold=0.60500000000000009 0.12000000000000001 3.7595000000000005 9.5000000000000018 0.095000000000000015 0.075000000000000025 3.2825000000000002
decision_type=2 2 2 2 2 2 2
left_child=2 3 4 -2 -1 -4 -3
right_child=1 6 5 -5 -6 -7 -8
leaf_value=-0.086656615618638508 -0.022896085431044995 -0.11692470033373666 0.084785735250237387 0.11413024376622516 0.079165627671419381 -0.12203119388289968 -0.0016998384544939901
leaf_weight=290.70766738057137 46.981909826397896 27.382683947682381 54.209776356816292 215.39790807664394 15.801650017499922 9.1674911081790906 5.9599997848272315
leaf_count=1730 250 157 279 1105 70 55 34
internal_value=-0.000359364 0.0683079 -0.0552946 0.0896004 -0.0778782 0.0534389 -0.0969775
internal_weight=665.609 295.723 369.887 262.38 306.509 63.3773 33.3427
internal_count=3680 1546 2134 1355 1800 334 191
is_linear=0
shrinkage=0.1


Tree=11
num_leaves=8
num_cat=0
split_feature=52 15 24 6 26 45 51
split_gain=224.15 103.568 66.6206 57.205 18.6197 18.1909 10.5644
threshold=0.016500000000000004 0.30500000000000005 0.21500000000000002 0.075000000000000025 0.36500000000000005 0.18500000000000003 0.18000000000000002
decision_type=2 2 2 2 2 2 2
left_child=1 3 5 -1 -3 -2 -4
right_child=2 4 6 -5 -6 -7 -8
leaf_value=-0.071295200196324945 0.11617110025926525 0.085227537592682298 -0.095314363858095483 0.075596614757737338 -0.11423092719604924 -0.061053685260514703 0.069664854196430481
leaf_weight=348.56865701079369 166.43540021777153 65.442444354295731 19.831209808588032 27.883998841047287 4.1830649226903907 5.4131721854209891 4.0040277540683737
leaf_count=2143 902 308 125 134 21 27 20
internal_value=-0.000382221 -0.0395197 0.0885823 -0.0602434 0.0717964 0.110268 -0.0659107
internal_weight=641.762 446.078 195.684 376.453 69.6255 171.849 23.8352
internal_count=3680 2606 1074 2277 329 929 145
is_linear=0
shrinkage=0.1


Tree=12
num_leaves=8
num_cat=0
split_feature=51 56 26 55 24 6 6
split_gain=201.384 76.7179 56.4442 58.7133 52.0763 23.882 0.641066
threshold=0.080500000000000016 63.500000000000007 1.0000000180025095e-35 9.5000000000000018 0.38500000000000006 0.46500000000000002 0.13500000000000004
decision_type=2 2 2 2 2 2 2
left_child=2 5 3 -1 -3 -2 -4
right_child=1 4 6 -5 -6 -7 -8
leaf_value=-0.08879502219118264 -0.045592394079434523 0.10561460157697476 -0.1220287665588282 0.0092692517917647432 -0.090086337014086512 0.11557259930691891 -0.20138655642555761
leaf_weight=101.20899401605129 67.325934782624245 195.2080429494381 75.199278622865677 151.2146310210228 13.865537300705908 9.6538445353507978 2.7346389442682257
leaf_count=689 348 1073 522 910 80 46 12
internal_value=-0.000349754 0.0609622 -0.0534629 -0.0302447 0.0922689 -0.0241582 -0.127329
internal_weight=616.411 286.053 330.358 252.424 209.074 76.9798 77.9339
internal_count=3680 1547 2133 1599 1153 394 534
is_linear=0
shrinkage=0.1


Tree=13
num_leaves=7
num_cat=0
split_feature=24 55 45 6 51 22
split_gain=176.202 236.263 113.302 33.9819 13.6058 4.2636
threshold=0.12000000000000001 9.5000000000000018 0.12500000000000003 0.17500000000000002 0.6925 0.025000000000000005
decision_type=2 2 2 2 2 2
left_child=1 3 -3 -1 5 -2
right_child=4 2 -4 -5 -6 -7
leaf_value=-0.081035395186309422 -0.11482199266680458 0.10033149659606871 -0.093093824659831959 0.10762452653995543 0.078281805061987522 -0.023712381250953263
leaf_weight=152.93298633396626 116.40814147889614 274.2780681848526 33.238425090909004 9.332651808857916 3.2636848837137213 5.9906441420316687
leaf_count=1020 801 1566 193 43 17 40
internal_value=-0.00040797 0.0277617 0.0791908 -0.0695919 -0.105106 -0.110591
internal_weight=595.445 469.782 307.516 162.266 125.662 122.399
internal_count=3680 2822 1759 1063 858 841
is_linear=0
shrinkage=0.1


Tree=14
num_leaves=8
num_cat=0
split_feature=20 26 54 45 51 24 51
split_gain=156.582 75.733 57.7466 53.8135 30.4957 24.6734 1.22874
threshold=0.63500000000000012 0.045000000000000005 3.7595000000000005 0.16500000000000004 0.8005000000000001 0.23500000000000001 0.22600000000000003
decision_type=2 2 2 2 2 2 2
left_child=2 3 4 -2 -1 -4 -3
right_child=1 6 5 -5 -6 -7 -8
leaf_value=-0.074865998054942082 0.087990781489978284 -0.12951171018090082 0.075422496292742836 -0.1086341455428618 0.070911085291445672 -0.080302044325885266 -0.041239257758275881
leaf_weight=248.06013661623001 214.95678476989269 17.950045853853229 46.572686672210693 14.046034328639506 14.46197299659252 12.061865739524363 3.0279063731431952
leaf_count=1737 1307 125 263 80 72 79 17
internal_value=-0.000460067 0.0587588 -0.046594 0.0755108 -0.0665967 0.0425786 -0.119227
internal_weight=571.137 249.981 321.157 229.003 262.522 58.6346 20.978
internal_count=3680 1529 2151 1387 1809 342 142
is_linear=0
shrinkage=0.1


Tree=15
num_leaves=7
num_cat=0
split_feature=24 55 45 6 15 56
split_gain=142.863 183.653 85.9917 27.5283 12.4628 5.24626
threshold=0.12000000000000001 9.5000000000000018 0.12500000000000003 0.17500000000000002 0.67500000000000016 1162.0000000000002
decision_type=2 2 2 2 2 2
left_child=1 3 -3 -1 5 -2
right_child=4 2 -4 -5 -6 -7
leaf_value=-0.074898216231851847 -0.11042677407109042 0.09060099897143524 -0.084145887037352485 0.09982073677854604 0.078117428640321229 -0.0022865649653137977
leaf_weight=141.51087237894535 105.44876734912395 258.76963058114052 30.795935727655888 8.7795030623674375 3.1237019300460807 4.7281948775053015
leaf_count=1020 809 1566 193 43 16 33
internal_value=-0.000511554 0.0253196 0.0717906 -0.0640993 -0.100137 -0.105848
internal_weight=553.157 439.856 289.566 150.29 113.301 110.177
internal_count=3680 2822 1759 1063 858 842
is_linear=0
shrinkage=0.1


Tree=16
num_leaves=8
num_cat=0
split_feature=52 51 4 24 56 41 54
split_gain=129.865 65.3374 52.3643 40.1043 22.1411 17.5041 5.69927
threshold=0.013500000000000002 0.45200000000000007 0.62500000000000011 0.38500000000000006 22.500000000000004 0.115 3.2825000000000002
decision_type=2 2 2 2 2 2 2
left_child=1 2 -1 5 -3 -2 -5
right_child=3 4 -4 6 -6 -7 -8
leaf_value=-0.068095747763299158 0.098689904470613099 -0.045868246891029467 0.047927022671273689 -0.10109333236078144 0.092916425423765048 -0.10848390889847451 0.020027610021388434
leaf_weight=266.7520277351141 137.00672739744186 14.384711638092993 44.779247507452965 12.073916114866735 47.538615070283413 3.4148192107677451 5.1139400824904433
leaf_count=1969 939 77 286 104 252 18 35
internal_value=-0.000550029 -0.0326724 -0.0513187 0.07529 0.0604603 0.0929203 -0.0659362
internal_weight=531.064 373.455 311.531 157.609 61.9233 140.422 17.1879
internal_count=3680 2584 2255 1096 329 957 139
is_linear=0
shrinkage=0.1


Tree=17
num_leaves=6
num_cat=0
split_feature=26 4 24 54 11
split_gain=122.953 102.244 52.5099 45.8543 0.647878
threshold=1.0000000180025095e-35 0.095000000000000015 0.12000000000000001 2.5895000000000006 2.0550000000000002
decision_type=2 2 2 2 2
left_child=1 3 -3 -1 -2
right_child=4 2 -4 -5 -6
leaf_value=-0.053487970167746958 -0.1212267856697278 0.10173597299256443 -0.052877015737765778 0.030952548194980778 -0.045845404708761785
leaf_weight=158.04437476396561 71.022336430847645 148.19596924632788 25.117358408868313 107.11472867429256 2.7900304123759261
leaf_count=1168 602 1013 189 685 23
internal_value=-0.000521615 0.0196532 0.079154 -0.0193889 -0.119028
internal_weight=512.285 438.472 173.313 265.159 73.8124
internal_count=3680 3055 1202 1853 625
is_linear=0
shrinkage=0.1


Tree=18
num_leaves=6
num_cat=0
split_feature=26 4 24 52 5
split_gain=108.105 86.1235 44.5243 40.9763 0.78749
threshold=1.0000000180025095e-35 0.095000000000000015 0.070000000000000021 0.080500000000000016 0.64500000000000013
decision_type=2 2 2 2 2
left_child=1 3 -3 -1 -2
right_child=4 2 -4 -5 -6
leaf_value=-0.035413286877503405 -0.11877988583502078 0.095416498449054143 -0.047640174093393772 0.070482075281693188 -0.037348121748567935
leaf_weight=217.90222942084074 65.840418823063374 142.4404389411211 25.015225522220135 42.903347715735435 2.3678748607635489
leaf_count=1552 606 1009 193 301 19
internal_value=-0.000553833 0.0181464 0.0738902 -0.0177905 -0.116533
internal_weight=496.47 428.261 167.456 260.806 68.2083
internal_count=3680 3055 1202 1853 625
is_linear=0
shrinkage=0.1


Tree=19
num_leaves=7
num_cat=0
split_feature=24 55 45 15 15 52
split_gain=97.0327 118.323 66.5376 20.9357 11.6434 6.27531
threshold=0.12000000000000001 9.5000000000000018 0.12500000000000003 0.68500000000000016 0.67500000000000016 0.039500000000000007
decision_type=2 2 2 2 2 2
left_child=1 3 -3 -1 5 -2
right_child=4 2 -4 -5 -6 -7
leaf_value=-0.068519977375069707 -0.10789616495776172 0.079273503522665781 -0.080413034392406157 0.061133992820856603 0.081619897889810389 -0.026461581553701638
leaf_weight=118.41338019073009 79.136268004775047 227.15722347795963 28.649276942014694 13.129117541015146 3.039768658578395 11.605222336947916
leaf_count=991 753 1566 193 72 16 89
internal_value=-0.000551766 0.0215893 0.0611458 -0.0552157 -0.0912651 -0.0978832
internal_weight=481.13 387.349 255.807 131.542 93.7813 90.7415
internal_count=3680 2822 1759 1063 858 842
is_linear=0
shrinkage=0.1


Tree=20
num_leaves=6
num_cat=0
split_feature=26 4 51 24 5
split_gain=91.0592 68.7267 35.7834 32.4696 1.29332
threshold=1.0000000180025095e-35 0.095000000000000015 0.50900000000000012 0.070000000000000021 0.67500000000000016
decision_type=2 2 2 2 2
left_child=1 2 -1 -3 -2
right_child=4 3 -4 -5 -6
leaf_value=-0.034088242808092903 -0.11679361411999406 0.087498319952618531 0.06363085594284773 -0.039390128911876723 -0.020101851407249276
leaf_weight=202.3049069494009 58.430776216089725 132.4565349817276 44.982139185070992 23.15911153703928 1.8884005919098843
leaf_count=1578 608 1009 275 193 17
internal_value=-0.000598915 0.0166406 -0.0161282 0.0684835 -0.114144
internal_weight=463.222 402.903 247.287 155.616 60.3192
internal_count=3680 3055 1853 1202 625
is_linear=0
shrinkage=0.1


Tree=21
num_leaves=6
num_cat=0
split_feature=26 54 15 24 5
split_gain=80.3014 66.951 40.4542 36.9841 1.37145
threshold=1.0000000180025095e-35 2.2965000000000004 0.27500000000000008 0.12000000000000001 0.68500000000000016
decision_type=2 2 2 2 2
left_child=1 2 -1 -3 -2
right_child=4 3 -4 -5 -6
leaf_value=-0.048782764018489917 -0.11484848205304705 0.072492455785508988 0.068346153978279908 -0.048419958975495517 -0.015737023956177078
leaf_weight=156.60024663805962 53.827313538640738 174.46153227984905 35.354162499308586 28.842379309237003 1.7856770381331433
leaf_count=1283 609 1317 210 245 16
internal_value=-0.000596431 0.0153212 -0.0269676 0.0551858 -0.112
internal_weight=450.871 395.258 191.954 203.304 55.613
internal_count=3680 3055 1493 1562 625
is_linear=0
shrinkage=0.1


Tree=22
num_leaves=8
num_cat=0
split_feature=52 24 16 26 24 15 16
split_gain=72.0961 44.1044 47.4067 22.544 16.7974 4.42623 0.997628
threshold=0.0085000000000000023 0.10500000000000002 0.115 0.025000000000000005 1.2400000000000002 0.66500000000000015 0.31500000000000006
decision_type=2 2 2 2 2 2 2
left_child=1 2 -1 4 -2 -3 -5
right_child=3 5 -4 6 -6 -7 -8
leaf_value=-0.021175849224168111 0.084170094878957866 -0.10544278319602625 0.12651465861882574 -0.11573682818771176 -0.075006077065472729 0.033359296997355743 -0.018779336678838281
leaf_weight=228.92518741637468 109.33343855291605 60.362683922052383 23.005544066429138 5.5170943550765505 6.302581474184989 1.9503119885921467 1.7943856120109556
leaf_count=1736 970 678 147 66 60 10 13
internal_value=-0.000619242 -0.0260232 -0.00724233 0.0639972 0.0749257 -0.10064 -0.0970639
internal_weight=437.191 314.244 251.931 122.947 115.636 62.313 7.31148
internal_count=3680 2571 1883 1109 1030 688 79
is_linear=0
shrinkage=0.1


Tree=23
num_leaves=7
num_cat=0
split_feature=26 6 54 45 5 51
split_gain=67.0225 58.0021 42.3896 5.75042 1.59048 0.0167726
threshold=1.0000000180025095e-35 1.0000000180025095e-35 3.3855000000000004 0.095000000000000015 0.88000000000000012 0.48300000000000004
decision_type=2 2 2 2 2 2
left_child=1 2 -1 -3 5 -2
right_child=4 3 -4 -5 -6 -7
leaf_value=-0.027528977906406068 -0.11365707756154164 0.10151213753902599 0.055846483004952069 -0.039828495127332469 -0.0061937848541637293 -0.040895393630560668
leaf_weight=223.51539354771376 46.201429229229689 66.64308749884367 82.723959907889366 2.5050332248210898 1.5796798020601261 1.4893270805478085
leaf_count=1807 600 613 616 19 14 11
internal_value=-0.000612118 0.013874 -0.00489843 0.095897 -0.109061 -0.112271
internal_weight=424.658 375.387 306.239 69.1481 49.2704 47.6908
internal_count=3680 3055 2423 632 625 611
is_linear=0
shrinkage=0.1


Tree=24
num_leaves=7
num_cat=0
split_feature=26 4 22 41 5 51
split_gain=59.3429 51.6996 28.2243 24.088 1.63065 0.0872119
threshold=1.0000000180025095e-35 0.095000000000000015 0.23500000000000001 0.46000000000000002 0.91500000000000015 0.48650000000000004
decision_type=2 2 2 2 2 2
left_child=1 2 -1 -3 5 -2
right_child=4 3 -4 -5 -6 -7
leaf_value=-0.0263006849428019 -0.11209245336805684 0.070605954895762157 0.10331110177230013 -0.11563238676763717 -0.0028745289533598081 -0.036564891248310902
leaf_weight=212.73669113963842 42.522079687565565 131.10462785512209 17.252523429691792 6.4493713527917853 1.506506361067294 1.3731196746230114
leaf_count=1709 602 1154 144 48 13 10
internal_value=-0.000585157 0.012835 -0.0161728 0.0611024 -0.107161 -0.110597
internal_weight=412.945 367.543 229.989 137.554 45.4017 43.8952
internal_count=3680 3055 1853 1202 625 612
is_linear=0
shrinkage=0.1


end of trees

feature_importances:
word_freq_hp=25
char_freq___3=20
word_freq_remove=16
capital_run_length_average=13
word_freq_free=12
word_freq_george=12
char_freq___4=12
word_freq_edu=11
word_freq_our=8
capital_run_length_longest=7
word_freq_over=5
word_freq_your=5
word_freq_money=3
capital_run_length_total=3
word_freq_business=2
word_freq_you=2
word_freq_000=2
word_freq_meeting=2
word_freq_will=1
word_freq_1999=1

parameters:
[boosting: gbdt]
[objective: binary]
[metric: binary_logloss]
[tree_learner: serial]
[device_type: cpu]
[data_sample_strategy: bagging]
[data: ]
[valid: ]
[num_iterations: 25]
[learning_rate: 0.1]
[num_leaves: 31]
[num_threads: 8]
[seed: 42]
[deterministic: 0]
[force_col_wise: 0]
[force_row_wise: 0]
[histogram_pool_size: -1]
[max_depth: 3]
[min_data_in_leaf: 20]
[min_sum_hessian_in_leaf: 0.001]
[bagging_fraction: 1]
[pos_bagging_fraction: 1]
[neg_bagging_fraction: 1]
[bagging_freq: 0]
[bagging_seed: 400]
[bagging_by_query: 0]
[feature_fraction: 1]
[feature_fraction_bynode: 1]
[feature_fraction_seed: 30056]
[extra_trees: 0]
[extra_seed: 12879]
[early_stopping_round: 0]
[early_stopping_min_delta: 0]
[first_metric_only: 0]
[max_delta_step: 0]
[lambda_l1: 0]
[lambda_l2: 1]
[linear_lambda: 0]
[min_gain_to_split: 0]
[drop_rate: 0.1]
[max_drop: 50]
[skip_drop: 0.5]
[xgboost_dart_mode: 0]
[uniform_drop: 0]
[drop_seed: 17869]
[top_rate: 0.2]
[other_rate: 0.1]
[min_data_per_group: 100]
[max_cat_threshold: 32]
[cat_l2: 10]
[cat_smooth: 10]
[max_cat_to_onehot: 4]
[top_k: 20]
[monotone_constraints: ]
[monotone_constraints_method: basic]
[monotone_penalty: 0]
[feature_contri: ]
[forcedsplits_filename: ]
[refit_decay_rate: 0.9]
[cegb_tradeoff: 1]
[cegb_penalty_split: 0]
[cegb_penalty_feature_lazy: ]
[cegb_penalty_feature_coupled: ]
[path_smooth: 0]
[interaction_constraints: ]
[verbosity: -1]
[saved_feature_importance_type: 0]
[use_quantized_grad: 0]
[num_grad_quant_bins: 4]
[quant_train_renew_leaf: 0]
[stochastic_rounding: 1]
[linear_tree: 0]
[max_bin: 255]
[max_bin_by_feature: ]
[min_data_in_bin: 3]
[bin_construct_sample_cnt: 200000]
[data_random_seed: 175]
[is_enable_sparse: 1]
[enable_bundle: 1]
[use_missing: 1]
[zero_as_missing: 0]
[feature_pre_filter: 1]
[pre_partition: 0]
[two_round: 0]
[header: 0]
[label_column: ]
[weight_column: ]
[group_column: ]
[ignore_column: ]
[categorical_feature: ]
[forcedbins_filename: ]
[precise_float_parser: 0]
[parser_config_file: ]
[objective_seed: 16083]
[num_class: 1]
[is_unbalance: 0]
[scale_pos_weight: 1]
[sigmoid: 1]
[boost_from_average: 1]
[reg_sqrt: 0]
[alpha: 0.9]
[fair_c: 1]
[poisson_max_delta_step: 0.7]
[tweedie_variance_power: 1.5]
[lambdarank_truncation_level: 30]
[lambdarank_norm: 1]
[label_gain: ]
[lambdarank_position_bias_regularization: 0]
[eval_at: ]
[multi_error_top_k: 1]
[auc_mu_weights: ]
[num_machines: 1]
[local_listen_port: 12400]
[time_out: 120]
[machine_list_filename: ]
[machines: ]
[gpu_platform_id: -1]
[gpu_device_id: -1]
[gpu_use_dp: 0]
[num_gpu: 1]

end of parameters

pandas_categorical:[]
