tree
version=v4
num_class=1
num_tree_per_iteration=1
label_index=0
max_feature_idx=17
objective=binary sigmoid:1
feature_names=ExternalRiskEstimate_lt=_67.5 ExternalRiskEstimate_lt=_70.5 ExternalRiskEstimate_lt=_73.5 ExternalRiskEstimate_lt=_74.5 ExternalRiskEstimate_lt=_75.5 ExternalRiskEstimate_lt=_78.5 ExternalRiskEstimate_lt=_80.5 ExternalRiskEstimate_lt=_81.5 AverageMInFile_lt=_63.5 AverageMInFile_lt=_75.5 MSinceMostRecentInqexcl7days_lt=_0.5 MSinceMostRecentInqexcl7days_lt=_1.5 NetFractionRevolvingBurden_lt=_37.5 NetFractionRevolvingBurden_lt=_47.5 NetFractionRevolvingBurden_lt=_57.5 PercentTradesWBalance_lt=_73.5 PercentTradesWBalance_lt=_80.5 MSinceMostRecentInqexcl7days_lt=_-7.5
feature_infos=[0:1] [0:1] [0:1] [0:1] [0:1] [0:1] [0:1] [0:1] [0:1] [0:1] [0:1] [0:1] [0:1] [0:1] [0:1] [0:1] [0:1] [0:1]
tree_sizes=1010 1009 1017 1016 1019 1009 1014 1015 1014 1012 1018 1020 1018 1015 1019 1019 1017 1013 1021 1017 1021 1024 1022 1021 1019

Tree=0
num_leaves=8
num_cat=0
split_feature=3 0 17 7 10 10 8
split_gain=1324.43 138.635 92.372 86.442 70.4804 46.3829 11.6327
threshold=1.0000000180025095e-35 1.0000000180025095e-35 1.0000000180025095e-35 1.0000000180025095e-35 1.0000000180025095e-35 1.0000000180025095e-35 1.0000000180025095e-35
decision_type=2 2 2 2 2 2 2
left_child=3 4 -3 6 -2 -5 -1
right_child=1 2 -4 5 -6 -7 -8
leaf_value=0.051422780705824872 -0.046806475511535738 -0.18933909065160953 -0.09605688041337701 0.02689593302238491 -0.13167318015720481 -0.046157934878959556 -0.0084117438781450837
leaf_weight=369.28815007209778 136.98594215512276 694.16191452741623 125.50806722044945 133.49267587065697 336.10212036967278 251.51517248153687 40.671600311994553
leaf_count=1480 549 2782 503 535 1347 1008 163
internal_value=-0.0877819 -0.150226 -0.175083 0.0137139 -0.107065 -0.0205967 0.0456942
internal_weight=2087.73 1292.76 819.67 794.968 473.088 385.008 409.96
internal_count=8367 5181 3285 3186 1896 1543 1643
is_linear=0
shrinkage=1


Tree=1
num_leaves=8
num_cat=0
split_feature=2 15 5 0 10 1 11
split_gain=1075.5 99.5449 97.5342 43.3127 39.2749 34.4927 23.3262
threshold=1.0000000180025095e-35 1.0000000180025095e-35 1.0000000180025095e-35 1.0000000180025095e-35 1.0000000180025095e-35 1.0000000180025095e-35 1.0000000180025095e-35
decision_type=2 2 2 2 2 2 2
left_child=2 3 6 -2 -4 -3 -1
right_child=1 5 4 -5 -6 -7 -8
leaf_value=0.13968616360335254 -0.046904031305864097 0.013912408491801118 0.09181600497904667 -0.10651550538852128 0.011431895988777578 -0.043969184082588347 0.09538404990303842
leaf_weight=181.66241896152496 174.6680910885334 128.84425356984138 88.727625042200089 421.98669977486134 189.49265170097351 503.42225381731987 394.52600641548634
leaf_count=727 701 517 355 1703 759 2026 1579
internal_value=-4.01244e-06 -0.0598955 0.086109 -0.0891722 0.0373043 -0.0321706 0.10957
internal_weight=2083.33 1228.92 854.409 596.655 278.22 632.267 576.188
internal_count=8367 4947 3420 2404 1114 2543 2306
is_linear=0
shrinkage=0.1


Tree=2
num_leaves=8
num_cat=0
split_feature=3 0 17 6 10 10 8
split_gain=878.583 95.4585 70.866 61.6787 55.5144 27.5661 15.1177
threshold=1.0000000180025095e-35 1.0000000180025095e-35 1.0000000180025095e-35 1.0000000180025095e-35 1.0000000180025095e-35 1.0000000180025095e-35 1.0000000180025095e-35
decision_type=2 2 2 2 2 2 2
left_child=3 4 -3 6 -2 -5 -1
right_child=1 2 -4 5 -6 -7 -8
leaf_value=0.11318193881115551 0.037957056699364042 -0.084768524120842556 -0.0028871689497401644 0.089282620226853238 -0.037390630689651864 0.028806656311449554 0.055418921401013038
leaf_weight=403.97920602560043 137.06048530340195 682.71638636291027 125.11173938214779 114.96867117285728 334.67475855350494 219.91193982958794 54.355502307415009
leaf_count=1626 549 2782 503 462 1347 880 218
internal_value=-5.14088e-06 -0.0512528 -0.0721065 0.0826247 -0.0154647 0.0497728 0.106467
internal_weight=2072.78 1279.56 807.828 793.215 471.735 334.881 458.335
internal_count=8367 5181 3285 3186 1896 1342 1844
is_linear=0
shrinkage=0.1


Tree=3
num_leaves=8
num_cat=0
split_feature=2 14 5 10 10 10 8
split_gain=720.332 80.2667 67.4925 39.5661 26.9255 24.08 19.5317
threshold=1.0000000180025095e-35 1.0000000180025095e-35 1.0000000180025095e-35 1.0000000180025095e-35 1.0000000180025095e-35 1.0000000180025095e-35 1.0000000180025095e-35
decision_type=2 2 2 2 2 2 2
left_child=2 5 6 -3 -4 -2 -1
right_child=1 3 4 -5 -6 -7 -8
leaf_value=0.098345521450946549 -0.040149193241575815 0.010175522624514634 0.075603667090386531 -0.042873794389342773 0.0088548519481464281 -0.098089167820292061 0.045677973720061778
leaf_weight=482.60972812771797 94.881726160645485 181.84173011779785 87.952585518360138 613.7845520824194 189.49351371824741 320.90105295181274 85.480436101555824
leaf_count=1962 389 738 355 2499 759 1321 344
internal_value=3.97886e-07 -0.0494241 0.0707861 -0.0307517 0.0302103 -0.0849953 0.0905148
internal_weight=2056.95 1211.41 845.536 795.626 277.446 415.783 568.09
internal_count=8367 4947 3420 3237 1114 1710 2306
is_linear=0
shrinkage=0.1


Tree=4
num_leaves=8
num_cat=0
split_feature=3 15 8 13 9 1 10
split_gain=590.386 79.5559 47.9206 42.5754 36.5983 33.6488 19.1144
threshold=1.0000000180025095e-35 1.0000000180025095e-35 1.0000000180025095e-35 1.0000000180025095e-35 1.0000000180025095e-35 1.0000000180025095e-35 1.0000000180025095e-35
decision_type=2 2 2 2 2 2 2
left_child=2 4 3 -1 -2 -3 -4
right_child=1 5 6 -5 -6 -7 -8
leaf_value=-0.014604713233274648 -0.035954589796499896 0.021092209828054331 0.070122385970405529 0.087592371301584135 -0.087351960789407948 -0.031194141400989295 -0.0062583611693915178
leaf_weight=43.529403686523438 220.89696490764618 162.88395981490612 46.657033681869507 584.86731697618961 380.66982069611549 495.3282396197319 104.38440491259098
leaf_count=176 916 656 190 2401 1583 2026 419
internal_value=2.83286e-06 -0.0423101 0.0683583 0.0805012 -0.0685697 -0.0182428 0.0176418
internal_weight=2039.22 1259.78 779.438 628.397 601.567 658.212 151.041
internal_count=8367 5181 3186 2577 2499 2682 609
is_linear=0
shrinkage=0.1


Tree=5
num_leaves=8
num_cat=0
split_feature=1 5 17 10 8 11 0
split_gain=488.571 94.7087 56.477 53.4205 42.7563 19.4172 8.69649
threshold=1.0000000180025095e-35 1.0000000180025095e-35 1.0000000180025095e-35 1.0000000180025095e-35 1.0000000180025095e-35 1.0000000180025095e-35 1.0000000180025095e-35
decision_type=2 2 2 2 2 2 2
left_child=1 5 3 -2 -3 -1 -4
right_child=2 4 6 -5 -6 -7 -8
leaf_value=0.10432083062293435 -0.015957270291690279 0.036390164065218299 0.11876375183702668 -0.073771295608177911 -0.027155612862164599 0.063367904026176022 0.0049108437056273142
leaf_weight=172.46542246639729 213.13319723308086 320.83103661239147 6.0993125885725012 645.9120709747076 156.93159613013268 380.4532653093338 124.21744979918003
leaf_count=727 881 1297 25 2720 635 1579 503
internal_value=4.08066e-06 0.0481648 -0.050166 -0.0594626 0.015504 0.0763071 0.0111034
internal_weight=2020.04 1030.68 989.362 859.045 477.763 552.919 130.317
internal_count=8367 4238 4129 3601 1932 2306 528
is_linear=0
shrinkage=0.1


Tree=6
num_leaves=8
num_cat=0
split_feature=2 14 7 11 10 10 17
split_gain=402.273 59.3503 48.4244 31.0072 28.1189 17.5533 8.25393
threshold=1.0000000180025095e-35 1.0000000180025095e-35 1.0000000180025095e-35 1.0000000180025095e-35 1.0000000180025095e-35 1.0000000180025095e-35 1.0000000180025095e-35
decision_type=2 2 2 2 2 2 2
left_child=2 5 6 -4 -3 -2 -1
right_child=1 4 3 -5 -6 -7 -8
leaf_value=0.07343380320132728 -0.030274667766368547 0.013224624609002514 0.073891676288321662 0.014256657827331834 -0.031686315523081647 -0.080308517152436004 0.11771160395838043
leaf_weight=332.92375314235687 93.123000428080559 180.83374671638012 119.9556830227375 314.76648718118668 600.67398208379745 305.3263360708952 51.447729915380478
leaf_count=1424 389 738 502 1275 2499 1321 219
internal_value=1.20425e-05 -0.0373513 0.0538163 0.030844 -0.0212907 -0.06872 0.0796504
internal_weight=1999.05 1179.96 819.094 434.722 781.508 398.449 384.371
internal_count=8367 4947 3420 1777 3237 1710 1643
is_linear=0
shrinkage=0.1


Tree=7
num_leaves=8
num_cat=0
split_feature=1 8 17 12 10 10 0
split_gain=338.868 69.5037 46.6243 38.8924 38.4375 18.1193 7.22598
threshold=1.0000000180025095e-35 1.0000000180025095e-35 1.0000000180025095e-35 1.0000000180025095e-35 1.0000000180025095e-35 1.0000000180025095e-35 1.0000000180025095e-35
decision_type=2 2 2 2 2 2 2
left_child=1 3 4 -1 -2 -3 -4
right_child=2 5 6 -5 -6 -7 -8
leaf_value=0.0087707948219046174 -0.014030114931997659 0.036065649288421611 0.11109855526019684 0.066013193531748893 -0.063345593733651992 -0.024127364189818146 0.0076814542599682291
leaf_weight=146.9513818025589 212.27535936236382 69.74777951836586 6.1616460829973212 623.68086633086205 625.51075220108032 169.73663556575775 123.80780237913132
leaf_count=601 881 289 25 2658 2720 690 503
internal_value=2.14012e-05 0.0405166 -0.0422445 0.0551232 -0.0508818 -0.00651959 0.0133951
internal_weight=1977.87 1010.12 967.756 770.632 837.786 239.484 129.969
internal_count=8367 4238 4129 3259 3601 979 528
is_linear=0
shrinkage=0.1


Tree=8
num_leaves=8
num_cat=0
split_feature=4 16 0 11 17 9 13
split_gain=282.464 67.0569 28.4504 25.2774 34.7961 21.7748 12.6481
threshold=1.0000000180025095e-35 1.0000000180025095e-35 1.0000000180025095e-35 1.0000000180025095e-35 1.0000000180025095e-35 1.0000000180025095e-35 1.0000000180025095e-35
decision_type=2 2 2 2 2 2 2
left_child=3 5 -3 6 -5 -2 -1
right_child=1 2 -4 4 -6 -7 -8
leaf_value=-0.025880101077094559 -0.029699312700820969 0.0084372666146158484 -0.028126592833411734 0.028760730007383585 0.1081223689674268 -0.0772584160024994 0.087575223738888361
leaf_weight=9.9319405257701856 152.26431280374527 389.07965920865536 467.75025959312916 413.22808554768562 63.078553766012192 269.77214695513248 191.40255446732044
leaf_count=42 659 1592 1997 1752 277 1193 855
internal_value=2.2575e-05 -0.0276313 -0.0115328 0.0521757 0.0394753 -0.0602106 0.0818782
internal_weight=1956.51 1278.87 856.83 677.641 476.307 422.036 201.334
internal_count=8367 5441 3589 2926 2029 1852 897
is_linear=0
shrinkage=0.1


Tree=9
num_leaves=8
num_cat=0
split_feature=1 8 17 10 12 10 8
split_gain=233.077 54.0338 38.3238 32.302 29.0963 13.3633 6.22986
threshold=1.0000000180025095e-35 1.0000000180025095e-35 1.0000000180025095e-35 1.0000000180025095e-35 1.0000000180025095e-35 1.0000000180025095e-35 1.0000000180025095e-35
decision_type=2 2 2 2 2 2 2
left_child=1 4 3 -2 -1 -3 -4
right_child=2 5 6 -5 -6 -7 -8
leaf_value=0.0069862591968014951 -0.0096168368708119348 0.029348411438671576 0.080631415122968009 -0.055153798352519594 0.05670164014922742 -0.02268498722715705 0.0076282660278421885
leaf_weight=146.43102517724037 210.1701750010252 68.576521500945091 12.018080830574034 606.28186529874802 605.8967422991991 169.09336332976818 117.6664095968008
leaf_count=601 881 289 49 2720 2658 690 479
internal_value=2.87131e-05 0.0339309 -0.0354435 -0.0434578 0.0470473 -0.00761137 0.0149588
internal_weight=1936.13 989.998 946.137 816.452 752.328 237.67 129.684
internal_count=8367 4238 4129 3601 3259 979 528
is_linear=0
shrinkage=0.1


Tree=10
num_leaves=8
num_cat=0
split_feature=4 16 11 11 17 9 14
split_gain=197.705 52.3132 23.9299 21.4937 29.8778 18.2304 11.6547
threshold=1.0000000180025095e-35 1.0000000180025095e-35 1.0000000180025095e-35 1.0000000180025095e-35 1.0000000180025095e-35 1.0000000180025095e-35 1.0000000180025095e-35
decision_type=2 2 2 2 2 2 2
left_child=3 5 -3 6 -5 -2 -1
right_child=1 2 -4 4 -6 -7 -8
leaf_value=-0.078119855887727782 -0.024498452327045495 0.025513977683256278 -0.017176398094006114 0.02278613945130915 0.097965621795733315 -0.068539611902879369 0.076276046922899979
leaf_weight=4.2501802146434775 149.50003986060619 161.39012968540192 686.16272664070129 406.24059954285622 59.996929317712784 259.64569193124771 188.06166672706604
leaf_count=18 659 666 2923 1752 277 1193 879
internal_value=2.84104e-05 -0.023226 -0.00902685 0.0443724 0.0326494 -0.0525461 0.0724774
internal_weight=1915.25 1256.7 847.553 658.549 466.238 409.146 192.312
internal_count=8367 5441 3589 2926 2029 1852 897
is_linear=0
shrinkage=0.1


Tree=11
num_leaves=8
num_cat=0
split_feature=1 7 14 11 17 9 17
split_gain=164.151 43.7202 32.4155 27.5304 16.404 11.4803 5.39898
threshold=1.0000000180025095e-35 1.0000000180025095e-35 1.0000000180025095e-35 1.0000000180025095e-35 1.0000000180025095e-35 1.0000000180025095e-35 1.0000000180025095e-35
decision_type=2 2 2 2 2 2 2
left_child=1 6 5 -3 -4 -2 -1
right_child=2 3 4 -5 -6 -7 -8
leaf_value=0.051961877107221936 -0.031784790047953447 0.048414213913318849 -0.024611587936715321 0.00037195758854600427 0.015945385802532078 -0.070069807346941015 0.090056738724800245
leaf_weight=304.84554149210453 132.68771158158779 159.96439161896706 467.21280162036419 460.65133455395699 125.97006592154503 200.57666501402855 44.276798710227013
leaf_count=1424 602 699 2056 1896 513 958 219
internal_value=3.26382e-05 0.0287765 -0.030053 0.0128129 -0.0159864 -0.0549675 0.0570366
internal_weight=1896.19 969.738 926.447 620.616 593.183 333.264 349.122
internal_count=8367 4238 4129 2595 2569 1560 1643
is_linear=0
shrinkage=0.1


Tree=12
num_leaves=8
num_cat=0
split_feature=4 16 10 9 17 13 10
split_gain=136.53 40.0056 18.8729 17.8476 17.1926 13.31 10.5988
threshold=1.0000000180025095e-35 1.0000000180025095e-35 1.0000000180025095e-35 1.0000000180025095e-35 1.0000000180025095e-35 1.0000000180025095e-35 1.0000000180025095e-35
decision_type=2 2 2 2 2 2 2
left_child=3 4 -3 5 -2 -1 -5
right_child=1 2 -4 6 -6 -7 -8
leaf_value=-0.017524321319442541 -0.048625694336363261 0.018826408799262763 -0.015663882194046463 0.045744138723054786 0.08996613399804998 0.054432986998955428 -0.00056809995141930355
leaf_weight=27.064633756875992 387.96755988895893 211.06061090528965 629.57741585373878 72.497444733977318 8.2744608968496305 389.31142330169678 150.74455715715885
leaf_count=112 1818 875 2714 341 34 1838 635
internal_value=3.48833e-05 -0.0193592 -0.00699226 0.0375105 -0.0455124 0.0497249 0.0146086
internal_weight=1876.5 1236.88 840.638 639.618 396.242 416.376 223.242
internal_count=8367 5441 3589 2926 1852 1950 976
is_linear=0
shrinkage=0.1


Tree=13
num_leaves=8
num_cat=0
split_feature=0 8 17 17 9 10 8
split_gain=117.579 55.4144 26.4006 23.6103 17.9092 17.0845 0.522081
threshold=1.0000000180025095e-35 1.0000000180025095e-35 1.0000000180025095e-35 1.0000000180025095e-35 1.0000000180025095e-35 1.0000000180025095e-35 1.0000000180025095e-35
decision_type=2 2 2 2 2 2 2
left_child=1 3 4 -1 -2 -3 -4
right_child=2 5 6 -5 -6 -7 -8
leaf_value=0.028398285174860167 -0.018126553293071699 0.021361517155197105 0.036175856843632885 0.091227986150872881 -0.054138959262938907 -0.030585137472642406 0.0084962330383124476
leaf_weight=768.98213884234428 223.29520601034164 87.2020363509655 6.3839071840047827 64.177564948797226 367.01870179176331 224.55391331017017 117.02455607056618
leaf_count=3447 1022 375 26 313 1760 947 477
internal_value=4.1813e-05 0.0198948 -0.0317885 0.0333416 -0.0405704 -0.0160332 0.0102074
internal_weight=1858.64 1144.92 713.722 833.16 590.314 311.756 123.408
internal_count=8367 5082 3285 3760 2782 1322 503
is_linear=0
shrinkage=0.1


Tree=14
num_leaves=8
num_cat=0
split_feature=5 14 8 11 17 9 13
split_gain=101.524 38.4611 25.2111 11.7444 11.4058 9.75356 5.00091
threshold=1.0000000180025095e-35 1.0000000180025095e-35 1.0000000180025095e-35 1.0000000180025095e-35 1.0000000180025095e-35 1.0000000180025095e-35 1.0000000180025095e-35
decision_type=2 2 2 2 2 2 2
left_child=3 5 -3 6 -5 -2 -1
right_child=1 2 -4 4 -6 -7 -8
leaf_value=-0.032944641960117767 -0.021987697951207273 0.011375370622454122 -0.020703004543636012 0.021876428255823043 0.074981866036525735 -0.054569146582120864 0.067388908053120075
leaf_weight=4.5894996523857108 161.60841345787048 530.89761221408844 453.2610110193491 290.66576224565506 46.365988537669182 218.70024630427361 136.11739249527454
leaf_count=20 734 2279 1960 1330 249 1088 707
internal_value=3.79598e-05 -0.0138548 -0.00340456 0.0396631 0.0293824 -0.040818 0.0639069
internal_weight=1842.21 1364.47 984.159 477.739 337.032 380.309 140.707
internal_count=8367 6061 4239 2306 1579 1822 727
is_linear=0
shrinkage=0.1


Tree=15
num_leaves=8
num_cat=0
split_feature=0 8 17 17 15 10 8
split_gain=84.3041 39.6655 22.1768 19.0775 13.6143 13.5167 0.362584
threshold=1.0000000180025095e-35 1.0000000180025095e-35 1.0000000180025095e-35 1.0000000180025095e-35 1.0000000180025095e-35 1.0000000180025095e-35 1.0000000180025095e-35
decision_type=2 2 2 2 2 2 2
left_child=1 3 5 -1 -3 -2 -4
right_child=2 4 6 -5 -6 -7 -8
leaf_value=0.024075077905062414 -0.0091334537149750355 -0.041240597010911699 0.03293284154553703 0.082142452366272767 0.0023029138352985432 -0.044392521296609366 0.0097356132000846127
leaf_weight=758.57017894089222 146.30273228883743 111.93385750055313 6.4073597490787497 60.413127705454826 196.8887126147747 429.27013523876667 116.82146061956882
leaf_count=3447 647 490 26 313 832 2135 477
internal_value=4.07351e-05 0.0169468 -0.0272294 0.0284534 -0.0135618 -0.0354615 0.0111972
internal_weight=1826.61 1127.81 698.802 818.983 308.823 575.573 123.229
internal_count=8367 5082 3285 3760 1322 2782 503
is_linear=0
shrinkage=0.1


Tree=16
num_leaves=8
num_cat=0
split_feature=5 16 11 17 11 17 13
split_gain=73.9051 31.9251 16.253 14.6648 10.7269 8.56057 4.37709
threshold=1.0000000180025095e-35 1.0000000180025095e-35 1.0000000180025095e-35 1.0000000180025095e-35 1.0000000180025095e-35 1.0000000180025095e-35 1.0000000180025095e-35
decision_type=2 2 2 2 2 2 2
left_child=4 3 -3 -2 6 -6 -1
right_child=1 2 -4 -5 5 -7 -8
leaf_value=-0.032149523857647806 -0.038686964946747199 0.024283755914424769 -0.0083657009733938657 0.075301532045347105 0.01817128860359819 0.065783964185192598 0.061509478646446063
leaf_weight=4.6009628027677527 389.71212509274483 189.86006589233875 757.067378282547 10.724424466490744 286.41892950236797 42.825511425733566 130.34186686575413
leaf_count=20 1912 811 3294 44 1330 249 707
internal_value=3.58195e-05 -0.0118214 -0.00180073 -0.0354542 0.0344044 0.0245448 0.0581031
internal_weight=1811.55 1347.36 946.927 400.437 464.187 329.244 134.943
internal_count=8367 6061 4105 1956 2306 1579 727
is_linear=0
shrinkage=0.1


Tree=17
num_leaves=8
num_cat=0
split_feature=0 8 17 11 9 10 8
split_gain=61.3574 30.6064 17.6513 16.9651 13.437 11.8242 0.208777
threshold=1.0000000180025095e-35 1.0000000180025095e-35 1.0000000180025095e-35 1.0000000180025095e-35 1.0000000180025095e-35 1.0000000180025095e-35 1.0000000180025095e-35
decision_type=2 2 2 2 2 2 2
left_child=1 3 4 -1 -2 -3 -4
right_child=2 5 6 -5 -6 -7 -8
leaf_value=0.048657599673906982 -0.011409901850098306 0.019058551536634862 0.027308143843788008 0.015924201775086275 -0.043222841597513689 -0.024542109124162718 0.0095811417752977492
leaf_weight=216.4429839849472 216.96378290653229 85.613249942660332 6.4494392126798621 589.26999793946743 344.93853665888309 220.67277221381664 116.84962637722492
leaf_count=1083 1022 375 26 2677 1760 947 477
internal_value=4.63854e-05 0.0145465 -0.0234724 0.024767 -0.0309812 -0.0123325 0.0107206
internal_weight=1797.2 1112 685.201 805.713 561.902 306.286 123.299
internal_count=8367 5082 3285 3760 2782 1322 503
is_linear=0
shrinkage=0.1


Tree=18
num_leaves=8
num_cat=0
split_feature=5 14 10 11 17 10 13
split_gain=54.3041 24.9057 15.3639 7.83507 7.42006 7.10245 3.8682
threshold=1.0000000180025095e-35 1.0000000180025095e-35 1.0000000180025095e-35 1.0000000180025095e-35 1.0000000180025095e-35 1.0000000180025095e-35 1.0000000180025095e-35
decision_type=2 2 2 2 2 2 2
left_child=3 5 -3 6 -5 -2 -1
right_child=1 2 -4 4 -6 -7 -8
leaf_value=-0.033631208960298073 -0.0084440537145912421 0.019727958232272431 -0.0091206389442790997 0.015690700979381852 0.060877532959466379 -0.040645122984398804 0.054262177266669667
leaf_weight=4.5795182734727851 92.532039597630501 246.90968707203865 722.0548849105835 283.28223329782486 40.964953422546387 269.64294803142548 123.22336253523827
leaf_count=20 418 1064 3175 1330 249 1404 707
internal_value=4.15979e-05 -0.0101296 -0.00175673 0.0299488 0.0215692 -0.032464 0.0508761
internal_weight=1783.19 1331.14 968.965 452.05 324.247 362.175 127.803
internal_count=8367 6061 4239 2306 1579 1822 727
is_linear=0
shrinkage=0.1


Tree=19
num_leaves=8
num_cat=0
split_feature=12 9 15 10 17 17 14
split_gain=45.9699 26.4391 16.8915 16.0464 16.1265 7.76858 4.731
threshold=1.0000000180025095e-35 1.0000000180025095e-35 1.0000000180025095e-35 1.0000000180025095e-35 1.0000000180025095e-35 1.0000000180025095e-35 1.0000000180025095e-35
decision_type=2 2 2 2 2 2 2
left_child=3 5 -3 6 -5 -2 -1
right_child=1 2 -4 4 -6 -7 -8
leaf_value=-0.011007974534903611 0.025083486052238892 -0.034590727321457244 0.0068005105272435241 -0.03376419192639523 0.06373609138331536 0.069003366969751345 0.020927082272621102
leaf_weight=95.145324379205704 478.87547771632671 124.63313408195972 457.16461515426636 465.34506237506866 16.707964032888412 43.477289915084839 88.711017489433289
leaf_count=430 2316 587 2004 2320 72 255 383
internal_value=4.40082e-05 0.0125558 -0.00211049 -0.0206896 -0.0302599 0.028864 0.0044306
internal_weight=1770.06 1104.15 581.798 665.909 482.053 522.353 183.856
internal_count=8367 5162 2591 3205 2392 2571 813
is_linear=0
shrinkage=0.1


Tree=20
num_leaves=8
num_cat=0
split_feature=0 17 10 17 9 5 8
split_gain=40.0903 21.4886 24.5641 12.6542 10.7262 2.08356 0.0908044
threshold=1.0000000180025095e-35 1.0000000180025095e-35 1.0000000180025095e-35 1.0000000180025095e-35 1.0000000180025095e-35 1.0000000180025095e-35 1.0000000180025095e-35
decision_type=2 2 2 2 2 2 2
left_child=1 2 -1 4 -2 -3 -5
right_child=3 5 -4 6 -6 -7 -8
leaf_value=0.030222633387858702 -0.0082159757464471839 0.053304817579873646 -0.0024756746656361111 0.020768116495622272 -0.036985555895602755 0.09581094219008579 0.0088415757123198064
leaf_weight=344.12627054750919 213.43552891910076 38.168466195464134 686.82373547554016 6.4759497046470633 331.69582237303257 21.245111510157585 116.97130581736565
leaf_count=1694 1022 249 3050 26 1760 89 477
internal_value=4.46416e-05 0.0118631 0.00845758 -0.0192187 -0.0257571 0.0698385 0.00962909
internal_weight=1758.94 1090.36 1030.95 668.579 545.131 59.4136 123.447
internal_count=8367 5082 4744 3285 2782 338 503
is_linear=0
shrinkage=0.1


Tree=21
num_leaves=8
num_cat=0
split_feature=6 16 10 11 12 11 15
split_gain=36.2816 20.5055 9.29322 8.01621 5.38065 4.72221 2.01668
threshold=1.0000000180025095e-35 1.0000000180025095e-35 1.0000000180025095e-35 1.0000000180025095e-35 1.0000000180025095e-35 1.0000000180025095e-35 1.0000000180025095e-35
decision_type=2 2 2 2 2 2 2
left_child=4 2 -2 -3 6 -6 -1
right_child=1 3 -4 -5 5 -7 -8
leaf_value=0.013222440294790873 7.8675365199649386e-05 0.017970540906213774 -0.035237512252861848 -0.0040198779996181355 0.050827745349850628 0.023996804411545749 -0.068259137259562938
leaf_weight=4.5918005704879743 99.574539452791214 207.65994334220886 294.96653887629509 805.45041552186012 92.266727149486542 236.68741762638092 6.6085997968912125
leaf_count=22 462 934 1564 3563 566 1224 32
internal_value=4.89161e-05 -0.00703745 -0.0263467 0.000500833 0.0293089 0.0316537 -0.0365086
internal_weight=1747.81 1407.65 394.541 1013.11 340.155 328.954 11.2004
internal_count=8367 6523 2026 4497 1844 1790 54
is_linear=0
shrinkage=0.1


Tree=22
num_leaves=8
num_cat=0
split_feature=12 9 15 11 17 17 13
split_gain=30.2019 18.6044 12.4033 10.5654 10.8428 5.64236 3.19816
threshold=1.0000000180025095e-35 1.0000000180025095e-35 1.0000000180025095e-35 1.0000000180025095e-35 1.0000000180025095e-35 1.0000000180025095e-35 1.0000000180025095e-35
decision_type=2 2 2 2 2 2 2
left_child=3 5 -3 6 -5 -2 -1
right_child=1 2 -4 4 -6 -7 -8
leaf_value=-0.0015312375382958434 0.020960411870176558 -0.03023079971269731 0.0055531553861133953 -0.026299437363467973 0.053962710986815446 0.059661424175429037 0.032873462478506782
leaf_weight=103.98146130144596 469.85050068795681 122.06827017664909 453.99221888184547 495.16390846669674 16.514902353286743 40.407010421156883 35.465465322136879
leaf_count=462 2316 587 2004 2513 72 255 158
internal_value=4.60909e-05 0.0102507 -0.00206878 -0.0169686 -0.0236087 0.0241358 0.00739065
internal_weight=1737.44 1086.32 576.06 651.126 511.679 510.258 139.447
internal_count=8367 5162 2591 3205 2585 2571 620
is_linear=0
shrinkage=0.1


Tree=23
num_leaves=8
num_cat=0
split_feature=0 8 17 17 9 16 8
split_gain=26.8004 17.4234 8.96453 8.78706 8.36323 6.3907 0.0367027
threshold=1.0000000180025095e-35 1.0000000180025095e-35 1.0000000180025095e-35 1.0000000180025095e-35 1.0000000180025095e-35 1.0000000180025095e-35 1.0000000180025095e-35
decision_type=2 2 2 2 2 2 2
left_child=1 3 4 -1 -2 -3 -4
right_child=2 5 6 -5 -6 -7 -8
leaf_value=0.014842529011398722 -0.0060039027048998297 -0.036984736454106465 0.015655960403493527 0.057718128848332384 -0.03166570684136652 -0.0025787319723827983 0.0077878518292406112
leaf_weight=722.61665067076683 210.84008169174194 69.575004547834396 6.484643578529357 50.375617057085037 320.51357574760914 230.41077326238155 117.13934126496315
leaf_count=3447 1022 327 26 313 1760 995 477
internal_value=4.80466e-05 0.00977549 -0.015878 0.0177077 -0.0215136 -0.0106548 0.00832288
internal_weight=1727.96 1072.98 654.978 772.992 531.354 299.986 123.624
internal_count=8367 5082 3285 3760 2782 1322 503
is_linear=0
shrinkage=0.1


Tree=24
num_leaves=8
num_cat=0
split_feature=6 16 17 11 11 17 12
split_gain=23.5548 13.1164 7.37624 5.80039 4.28291 2.63473 2.16293
threshold=1.0000000180025095e-35 1.0000000180025095e-35 1.0000000180025095e-35 1.0000000180025095e-35 1.0000000180025095e-35 1.0000000180025095e-35 1.0000000180025095e-35
decision_type=2 2 2 2 2 2 2
left_child=4 2 -2 -3 6 -6 -1
right_child=1 3 -4 -5 5 -7 -8
leaf_value=-0.031369277671082253 -0.023854592407136672 0.015269702197018096 0.05455559800800977 -0.0035102061225650975 0.012695951975344379 0.043847693084044168 0.045396774379317897
leaf_weight=3.1580296903848639 371.84549045562744 205.96565006673336 11.475495830178259 799.87634894251823 206.98393200337887 30.613616690039635 88.02523410320282
leaf_count=15 1977 934 49 3563 1033 230 566
internal_value=4.2675e-05 -0.00565718 -0.0213714 0.000346691 0.0240698 0.0168767 0.0424266
internal_weight=1717.94 1389.16 383.321 1005.84 328.781 237.598 91.1833
internal_count=8367 6523 2026 4497 1844 1263 581
is_linear=0
shrinkage=0.1


end of trees

feature_importances:
MSinceMostRecentInqexcl7days_lt=_-7.5=30
MSinceMostRecentInqexcl7days_lt=_0.5=26
AverageMInFile_lt=_63.5=18
MSinceMostRecentInqexcl7days_lt=_1.5=17
AverageMInFile_lt=_75.5=12
ExternalRiskEstimate_lt=_67.5=11
ExternalRiskEstimate_lt=_78.5=7
NetFractionRevolvingBurden_lt=_47.5=7
NetFractionRevolvingBurden_lt=_57.5=7
PercentTradesWBalance_lt=_80.5=7
ExternalRiskEstimate_lt=_70.5=6
NetFractionRevolvingBurden_lt=_37.5=6
PercentTradesWBalance_lt=_73.5=6
ExternalRiskEstimate_lt=_73.5=3
ExternalRiskEstimate_lt=_74.5=3
ExternalRiskEstimate_lt=_75.5=3
ExternalRiskEstimate_lt=_80.5=3
ExternalRiskEstimate_lt=_81.5=3

parameters:
[boosting: gbdt]
[objective: binary]
[metric: binary_logloss]
[tree_learner: serial]
[device_type: cpu]
[data_sample_strategy: bagging]
[data: ]
[valid: ]
[num_iterations: 25]
[learning_rate: 0.1]
[num_leaves: 31]
[num_threads: 8]
[seed: 42]
[deterministic: 0]
[force_col_wise: 0]
[force_row_wise: 0]
[histogram_pool_size: -1]
[max_depth: 3]
[min_data_in_leaf: 20]
[min_sum_hessian_in_leaf: 0.001]
[bagging_fraction: 1]
[pos_bagging_fraction: 1]
[neg_bagging_fraction: 1]
[bagging_freq: 0]
[bagging_seed: 400]
[bagging_by_query: 0]
[feature_fraction: 1]
[feature_fraction_bynode: 1]
[feature_fraction_seed: 30056]
[extra_trees: 0]
[extra_seed: 12879]
[early_stopping_round: 0]
[early_stopping_min_delta: 0]
[first_metric_only: 0]
[max_delta_step: 0]
[lambda_l1: 0]
[lambda_l2: 1]
[linear_lambda: 0]
[min_gain_to_split: 0]
[drop_rate: 0.1]
[max_drop: 50]
[skip_drop: 0.5]
[xgboost_dart_mode: 0]
[uniform_drop: 0]
[drop_seed: 17869]
[top_rate: 0.2]
[other_rate: 0.1]
[min_data_per_group: 100]
[max_cat_threshold: 32]
[cat_l2: 10]
[cat_smooth: 10]
[max_cat_to_onehot: 4]
[top_k: 20]
[monotone_constraints: ]
[monotone_constraints_method: basic]
[monotone_penalty: 0]
[feature_contri: ]
[forcedsplits_filename: ]
[refit_decay_rate: 0.9]
[cegb_tradeoff: 1]
[cegb_penalty_split: 0]
[cegb_penalty_feature_lazy: ]
[cegb_penalty_feature_coupled: ]
[path_smooth: 0]
[interaction_constraints: ]
[verbosity: -1]
[saved_feature_importance_type: 0]
[use_quantized_grad: 0]
[num_grad_quant_bins: 4]
[quant_train_renew_leaf: 0]
[stochastic_rounding: 1]
[linear_tree: 0]
[max_bin: 255]
[max_bin_by_feature: ]
[min_data_in_bin: 3]
[bin_construct_sample_cnt: 200000]
[data_random_seed: 175]
[is_enable_sparse: 1]
[enable_bundle: 1]
[use_missing: 1]
[zero_as_missing: 0]
[feature_pre_filter: 1]
[pre_partition: 0]
[two_round: 0]
[header: 0]
[label_column: ]
[weight_column: ]
[group_column: ]
[ignore_column: ]
[categorical_feature: ]
[forcedbins_filename: ]
[precise_float_parser: 0]
[parser_config_file: ]
[objective_seed: 16083]
[num_class: 1]
[is_unbalance: 0]
[scale_pos_weight: 1]
[sigmoid: 1]
[boost_from_average: 1]
[reg_sqrt: 0]
[alpha: 0.9]
[fair_c: 1]
[poisson_max_delta_step: 0.7]
[tweedie_variance_power: 1.5]
[lambdarank_truncation_level: 30]
[lambdarank_norm: 1]
[label_gain: ]
[lambdarank_position_bias_regularization: 0]
[eval_at: ]
[multi_error_top_k: 1]
[auc_mu_weights: ]
[num_machines: 1]
[local_listen_port: 12400]
[time_out: 120]
[machine_list_filename: ]
[machines: ]
[gpu_platform_id: -1]
[gpu_device_id: -1]
[gpu_use_dp: 0]
[num_gpu: 1]

end of parameters

pandas_categorical:[]
