tree
version=v4
num_class=1
num_tree_per_iteration=1
label_index=0
max_feature_idx=16
objective=binary sigmoid:1
feature_names=season_lt=_1.5 yr_lt=_0.5 hr_lt=_5.5 hr_lt=_6.5 hr_lt=_7.5 hr_lt=_21.5 hr_lt=_22.5 temp_lt=_0.3100000023841858 temp_lt=_0.3500000089406967 temp_lt=_0.3700000047683716 temp_lt=_0.45000000298023224 temp_lt=_0.4699999988079071 atemp_lt=_0.3257499933242798 atemp_lt=_0.5985000133514404 atemp_lt=_0.6136500239372253 hum_lt=_0.7950000166893005 atemp_lt=_0.31059999763965607
feature_infos=[0:1] [0:1] [0:1] [0:1] [0:1] [0:1] [0:1] [0:1] [0:1] [0:1] [0:1] [0:1] [0:1] [0:1] [0:1] [0:1] [0:1]
tree_sizes=893 904 901 904 897 903 907 909 1011 1017 1014 1017 1022 1019 1016 1022 1019 1021 1018 1020 912 1020 1027 1019 1024

Tree=0
num_leaves=7
num_cat=0
split_feature=3 9 6 1 2 1
split_gain=4990.34 1452.91 515.783 265.684 29.252 40.8909
threshold=1.0000000180025095e-35 1.0000000180025095e-35 1.0000000180025095e-35 1.0000000180025095e-35 1.0000000180025095e-35 1.0000000180025095e-35
decision_type=2 2 2 2 2 2
left_child=1 2 -1 -3 5 -2
right_child=4 3 -4 -5 -6 -7
leaf_value=-0.10720773748454829 -0.094061561585856407 0.017288904963985791 0.1336016562898662 -0.1051940292676538 -0.19955032351452004 -0.2011031766378146
leaf_weight=93.249594256281853 73.74967910349369 329.24856738746166 1668.7427390366793 381.49834004044533 854.99627977609634 74.249676927924156
leaf_count=373 295 1317 6675 1526 3420 297
internal_value=-0.00417176 0.0721425 0.120806 -0.0485042 -0.192202 -0.148724
internal_weight=3475.73 2472.74 1761.99 710.747 1003 147.999
internal_count=13903 9891 7048 2843 4012 592
is_linear=0
shrinkage=1


Tree=1
num_leaves=7
num_cat=0
split_feature=3 10 6 1 2 1
split_gain=4077.47 1210.41 356.469 355.463 24.4072 34.1902
threshold=1.0000000180025095e-35 1.0000000180025095e-35 1.0000000180025095e-35 1.0000000180025095e-35 1.0000000180025095e-35 1.0000000180025095e-35
decision_type=2 2 2 2 2 2
left_child=1 2 -1 -3 5 -2
right_child=4 3 -4 -5 -6 -7
leaf_value=-0.081376071797302468 -0.081204475046348118 0.045766997219827354 0.13845006899385709 -0.073465120583501825 -0.17768367280609054 -0.17934290771899247
leaf_weight=77.277739495038986 73.587112054228783 482.55366522073746 1387.30013859272 516.84847302734852 846.54459357261658 73.504318669438362
leaf_count=310 295 1933 5574 2074 3420 297
internal_value=-2.49091e-05 0.0689366 0.126803 -0.0159066 -0.17093 -0.131126
internal_weight=3457.62 2463.98 1464.58 999.402 993.636 147.091
internal_count=13903 9891 5884 4007 4012 592
is_linear=0
shrinkage=0.1


Tree=2
num_leaves=7
num_cat=0
split_feature=3 8 5 5 2 1
split_gain=3377.11 1021.96 430.026 159.694 21.6239 29.9192
threshold=1.0000000180025095e-35 1.0000000180025095e-35 1.0000000180025095e-35 1.0000000180025095e-35 1.0000000180025095e-35 1.0000000180025095e-35
decision_type=2 2 2 2 2 2
left_child=1 2 -1 -3 5 -2
right_child=4 3 -4 -5 -6 -7
leaf_value=-0.03879155674054266 -0.073607870636330772 -0.17762839519757256 0.11685171672921109 -0.028960803357624149 -0.16425675712759077 -0.16603754109824279
leaf_weight=198.66291102766991 73.186518922448158 82.856552496552467 1633.3988417088985 526.97410351037979 825.28937458992004 71.626787513494492
leaf_count=804 295 333 6636 2118 3420 297
internal_value=-5.62209e-05 0.0626516 0.0999623 -0.0494177 -0.157803 -0.12015
internal_weight=3412 2441.89 1832.06 609.831 970.103 144.813
internal_count=13903 9891 7440 2451 4012 592
is_linear=0
shrinkage=0.1


Tree=3
num_leaves=7
num_cat=0
split_feature=3 11 1 6 2 1
split_gain=2824.38 898.439 296.688 228.556 19.996 27.0402
threshold=1.0000000180025095e-35 1.0000000180025095e-35 1.0000000180025095e-35 1.0000000180025095e-35 1.0000000180025095e-35 1.0000000180025095e-35
decision_type=2 2 2 2 2 2
left_child=1 3 -3 -1 5 -2
right_child=4 2 -4 -5 -6 -7
leaf_value=-0.063598067247047141 -0.066883869763558534 0.043268654636285819 -0.062446391185787944 0.12080476110948656 -0.15371942308383846 -0.15564159835773117
leaf_weight=70.336978062987328 72.619701400399208 509.41693432629108 552.26513394713402 1281.0211971402168 795.26614844799042 68.971104070544243
leaf_count=285 295 2056 2237 5313 3420 297
internal_value=-0.000102344 0.057113 -0.0117291 0.111167 -0.147374 -0.110907
internal_weight=3349.9 2413.04 1061.68 1351.36 936.857 141.591
internal_count=13903 9891 4293 5598 4012 592
is_linear=0
shrinkage=0.1


Tree=4
num_leaves=7
num_cat=0
split_feature=3 7 5 5 2 1
split_gain=2381.67 779.759 397.971 64.7481 19.0649 25
threshold=1.0000000180025095e-35 1.0000000180025095e-35 1.0000000180025095e-35 1.0000000180025095e-35 1.0000000180025095e-35 1.0000000180025095e-35
decision_type=2 2 2 2 2 2
left_child=1 2 -1 -3 5 -2
right_child=4 3 -4 -5 -6 -7
leaf_value=-0.0482522277930304 -0.060876488708894394 -0.16531917998040419 0.095065099510030393 -0.054000021779787612 -0.14522896752875236 -0.14731434607518878
leaf_weight=217.52511058747768 71.941849291324615 60.475247085094452 1732.3339983969927 365.57350830733776 759.4768300652504 65.801598832011223
leaf_count=889 295 248 7276 1478 3420 297
internal_value=-0.00013662 0.0522853 0.0790602 -0.0701513 -0.138857 -0.102933
internal_weight=3273.13 2375.91 1949.86 426.049 897.22 137.743
internal_count=13903 9891 8165 1726 4012 592
is_linear=0
shrinkage=0.1


Tree=5
num_leaves=7
num_cat=0
split_feature=3 0 15 1 2 1
split_gain=2019.28 706.151 408.353 209.159 18.5766 23.4817
threshold=1.0000000180025095e-35 1.0000000180025095e-35 1.0000000180025095e-35 1.0000000180025095e-35 1.0000000180025095e-35 1.0000000180025095e-35
decision_type=2 2 2 2 2 2
left_child=1 2 -1 -3 5 -2
right_child=4 3 -4 -5 -6 -7
leaf_value=-0.024281264595590546 -0.055470431041288959 0.012952102071335347 0.1027390900676458 -0.10469625396080273 -0.13823900978739831 -0.14051066799378928
leaf_weight=307.16220289468765 71.195193454623222 304.9376088231802 1428.0334488302469 298.18546392023563 720.16593754291534 62.316531836986542
leaf_count=1299 295 1248 6117 1227 3420 297
internal_value=-0.000194377 0.0478661 0.0802531 -0.0452905 -0.131739 -0.0959124
internal_weight=3192 2338.32 1735.2 603.123 853.678 133.512
internal_count=13903 9891 7416 2475 4012 592
is_linear=0
shrinkage=0.1


Tree=6
num_leaves=7
num_cat=0
split_feature=3 11 5 15 2 10
split_gain=1720.09 627.062 255.554 193.38 18.3796 22.869
threshold=1.0000000180025095e-35 1.0000000180025095e-35 1.0000000180025095e-35 1.0000000180025095e-35 1.0000000180025095e-35 1.0000000180025095e-35
decision_type=2 2 2 2 2 2
left_child=1 3 -3 -1 5 -2
right_child=4 2 -4 -5 -6 -7
leaf_value=-0.003100686532600361 -0.04435874871398976 -0.14234905404165146 0.0054967158152547354 0.10759083375645251 -0.13237850415608524 -0.12944003291619485
leaf_weight=184.94169047474861 61.390033394098282 133.12759591639042 910.46248097717762 1073.3290819227695 679.01006877422333 67.686178103089333
leaf_count=795 281 552 3741 4803 3420 311
internal_value=-0.000240593 0.0438275 -0.0134817 0.0913318 -0.125669 -0.0896266
internal_weight=3109.95 2301.86 1043.59 1258.27 808.086 129.076
internal_count=13903 9891 4293 5598 4012 592
is_linear=0
shrinkage=0.1


Tree=7
num_leaves=7
num_cat=0
split_feature=3 0 15 1 2 1
split_gain=1470.89 536.232 307.48 170.953 18.8607 24.1307
threshold=1.0000000180025095e-35 1.0000000180025095e-35 1.0000000180025095e-35 1.0000000180025095e-35 1.0000000180025095e-35 1.0000000180025095e-35
decision_type=2 2 2 2 2 2
left_child=1 2 -1 -3 5 -2
right_child=4 3 -4 -5 -6 -7
leaf_value=-0.020814685255664593 -0.042868102041098227 0.011591867269247477 0.089809230378588581 -0.095409790255414101 -0.12738579391140517 -0.13168221079040038
leaf_weight=307.87558108568192 68.950427621603012 302.80725014209747 1357.2973597347736 293.18728548288345 637.25396990776062 56.201514601707458
leaf_count=1299 295 1248 6117 1227 3420 297
internal_value=-0.000272341 0.0402321 0.0693556 -0.041117 -0.120297 -0.0834792
internal_weight=3023.57 2261.17 1665.17 595.995 762.406 125.152
internal_count=13903 9891 7416 2475 4012 592
is_linear=0
shrinkage=0.1


Tree=8
num_leaves=8
num_cat=0
split_feature=3 16 5 1 2 1 14
split_gain=1262.5 485.54 316.163 56.3077 18.9688 22.917 0.163077
threshold=1.0000000180025095e-35 1.0000000180025095e-35 1.0000000180025095e-35 1.0000000180025095e-35 1.0000000180025095e-35 1.0000000180025095e-35 1.0000000180025095e-35
decision_type=2 2 2 2 2 2 2
left_child=1 2 -1 -3 5 -2 -6
right_child=4 3 -4 -5 6 -7 -8
leaf_value=-0.053576290739841652 -0.039099968586067846 -0.016220041520116923 0.076548048553669312 -0.086354128284621912 -0.10989078591213704 -0.12740325599550034 -0.12502447318414681
leaf_weight=211.60419344902039 68.174238875508308 211.66818508505821 1547.6422253102064 249.75175538659096 84.319520950317383 52.504049688577652 511.49197006225586
leaf_count=879 295 855 7093 1064 484 297 2936
internal_value=-0.000312818 0.0369327 0.060875 -0.054286 -0.115641 -0.0782498 -0.12307
internal_weight=2937.16 2220.67 1759.25 461.42 716.49 120.678 595.811
internal_count=13903 9891 7972 1919 4012 592 3420
is_linear=0
shrinkage=0.1


Tree=9
num_leaves=8
num_cat=0
split_feature=3 13 1 6 2 10 14
split_gain=1087.03 458.823 263.273 63.9262 19.1592 22.4179 0.258507
threshold=1.0000000180025095e-35 1.0000000180025095e-35 1.0000000180025095e-35 1.0000000180025095e-35 1.0000000180025095e-35 1.0000000180025095e-35 1.0000000180025095e-35
decision_type=2 2 2 2 2 2 2
left_child=1 3 -3 -1 5 -2 -6
right_child=4 2 -4 -5 6 -7 -8
leaf_value=-0.038516121461463465 -0.027428059232379967 0.045012381467177641 -0.039783966922194207 0.10603566000986336 -0.10569479735366223 -0.11556207507226729 -0.12133252255461356
leaf_weight=31.547115236520767 56.414458855986595 718.60663814842701 744.42515634000301 682.56779102981091 79.205665349960327 59.881749242544174 476.19843018054962
leaf_count=127 281 3121 3247 3396 484 311 2936
internal_value=-0.000359032 0.0339574 0.00186829 0.0996049 -0.111472 -0.0734072 -0.119296
internal_weight=2848.85 2177.15 1463.03 714.115 671.7 116.296 555.404
internal_count=13903 9891 6368 3523 4012 592 3420
is_linear=0
shrinkage=0.1


Tree=10
num_leaves=8
num_cat=0
split_feature=3 11 5 6 2 1 14
split_gain=937.379 399.182 197.86 144.08 19.8219 23.4263 0.365257
threshold=1.0000000180025095e-35 1.0000000180025095e-35 1.0000000180025095e-35 1.0000000180025095e-35 1.0000000180025095e-35 1.0000000180025095e-35 1.0000000180025095e-35
decision_type=2 2 2 2 2 2 2
left_child=1 3 -3 -1 5 -2 -6
right_child=4 2 -4 -5 6 -7 -8
leaf_value=-0.065899898071781829 -0.029313512146491125 -0.13026063939913587 0.0025306160794622595 0.08147111352569282 -0.10180472570060815 -0.12192236108890531 -0.11809027519730264
leaf_weight=70.066960334777832 65.86160147190094 127.4386098831892 887.57508578896523 1053.6944273263216 74.302094757556915 46.752816125750542 442.12686622142792
leaf_count=285 295 552 3741 5313 484 297 2936
internal_value=-0.000366653 0.0312005 -0.0142536 0.0722321 -0.107575 -0.0684956 -0.115948
internal_weight=2767.82 2138.78 1015.01 1123.76 629.043 112.614 516.429
internal_count=13903 9891 4293 5598 4012 592 3420
is_linear=0
shrinkage=0.1


Tree=11
num_leaves=8
num_cat=0
split_feature=3 13 1 1 2 1 14
split_gain=810.556 362.597 217.977 60.5208 20.0475 22.2018 0.480867
threshold=1.0000000180025095e-35 1.0000000180025095e-35 1.0000000180025095e-35 1.0000000180025095e-35 1.0000000180025095e-35 1.0000000180025095e-35 1.0000000180025095e-35
decision_type=2 2 2 2 2 2 2
left_child=1 3 -3 -1 5 -2 -6
right_child=4 2 -4 -5 6 -7 -8
leaf_value=0.11934628352794573 -0.026693092743748544 0.04039091312844155 -0.037384491418928446 0.058210239603347917 -0.098152533901306849 -0.11897424361667581 -0.11521095814247771
leaf_weight=342.66521403193474 65.227237522602081 703.86789146065712 736.26525348424911 313.07151055335999 69.639835894107819 43.321299031376839 409.55937695503235
leaf_count=1843 295 3121 3247 1680 484 297 2936
internal_value=-0.000398569 0.028712 0.00063004 0.0902909 -0.104077 -0.064272 -0.112941
internal_weight=2683.62 2095.87 1440.13 655.737 587.748 108.549 479.199
internal_count=13903 9891 6368 3523 4012 592 3420
is_linear=0
shrinkage=0.1


Tree=12
num_leaves=8
num_cat=0
split_feature=3 0 15 1 2 10 14
split_gain=701.795 337.454 229.449 90.969 20.2629 22.0875 0.603588
threshold=1.0000000180025095e-35 1.0000000180025095e-35 1.0000000180025095e-35 1.0000000180025095e-35 1.0000000180025095e-35 1.0000000180025095e-35 1.0000000180025095e-35
decision_type=2 2 2 2 2 2 2
left_child=1 2 -1 -3 5 -2 -6
right_child=4 3 -4 -5 6 -7 -8
leaf_value=-0.027119309487915175 -0.013636529314419174 -6.8554728553791997e-05 0.071031467348089045 -0.079757147428485997 -0.094684273741292319 -0.10538014529442959 -0.11262574968340913
leaf_weight=297.03729014098644 52.086541250348091 294.40098057687283 1191.6787877380848 278.02307866513729 65.237387955188751 52.594695210456848 378.67559909820557
leaf_count=1299 281 1248 6117 1227 484 311 2936
internal_value=-0.00039981 0.0263614 0.0514428 -0.0388444 -0.10081 -0.060292 -0.110208
internal_weight=2609.73 2061.14 1488.72 572.424 548.594 104.681 443.913
internal_count=13903 9891 7416 2475 4012 592 3420
is_linear=0
shrinkage=0.1


Tree=13
num_leaves=8
num_cat=0
split_feature=3 7 5 5 2 1 14
split_gain=607.641 300.76 231.798 42.1469 20.8243 22.3492 0.732017
threshold=1.0000000180025095e-35 1.0000000180025095e-35 1.0000000180025095e-35 1.0000000180025095e-35 1.0000000180025095e-35 1.0000000180025095e-35 1.0000000180025095e-35
decision_type=2 2 2 2 2 2 2
left_child=1 2 -1 -3 5 -2 -6
right_child=4 3 -4 -5 6 -7 -8
leaf_value=-0.055475991628344282 -0.018975394134941231 -0.13737965181648684 0.057698044008275329 -0.040821448652124163 -0.091356993770433367 -0.11533234977864476 -0.11027910129394286
leaf_weight=206.60043680667877 63.133765563368797 51.364710494875908 1418.9549531787634 346.79754984378815 61.103730082511902 38.404317274689674 349.57733845710754
leaf_count=889 295 248 7276 1478 484 297 2936
internal_value=-0.000424205 0.0242109 0.0432889 -0.0535909 -0.0976123 -0.0561894 -0.107693
internal_weight=2535.94 2023.72 1625.56 398.162 512.219 101.538 410.681
internal_count=13903 9891 8165 1726 4012 592 3420
is_linear=0
shrinkage=0.1


Tree=14
num_leaves=8
num_cat=0
split_feature=3 13 5 1 2 1 14
split_gain=526.971 273.805 180.159 60.7639 20.9432 21.0351 0.8649
threshold=1.0000000180025095e-35 1.0000000180025095e-35 1.0000000180025095e-35 1.0000000180025095e-35 1.0000000180025095e-35 1.0000000180025095e-35 1.0000000180025095e-35
decision_type=2 2 2 2 2 2 2
left_child=1 3 -3 -1 5 -2 -6
right_child=4 2 -4 -5 6 -7 -8
leaf_value=0.11063644252755166 -0.017234804142311651 -0.091707090181530171 0.012451152814523685 0.046103111329012292 -0.088136451524304882 -0.11315035766443518 -0.10812548287030313
leaf_weight=302.30662047863007 62.68453261256218 191.51579461991787 1207.4937616288662 285.82921060919762 57.240723013877869 35.403660111129284 322.30757921934128
leaf_count=1843 295 857 5511 1680 484 297 2936
internal_value=-0.000460314 0.022218 -0.00186279 0.0794053 -0.0946597 -0.0526468 -0.10535
internal_weight=2464.78 1987.15 1399.01 588.136 477.636 98.0882 379.548
internal_count=13903 9891 6368 3523 4012 592 3420
is_linear=0
shrinkage=0.1


Tree=15
num_leaves=8
num_cat=0
split_feature=3 0 15 1 2 10 11
split_gain=457.427 246.44 184.186 77.2161 21.0061 21.5108 1.0184
threshold=1.0000000180025095e-35 1.0000000180025095e-35 1.0000000180025095e-35 1.0000000180025095e-35 1.0000000180025095e-35 1.0000000180025095e-35 1.0000000180025095e-35
decision_type=2 2 2 2 2 2 2
left_child=1 2 -1 -3 5 -2 -6
right_child=4 3 -4 -5 6 -7 -8
leaf_value=-0.027741706247694148 -0.0024690706732756287 0.00016488774251650814 0.061489767675958699 -0.074133491024584081 -0.094741821108460952 -0.097271711790789986 -0.1101247687866741
leaf_weight=291.89912202954292 48.545456975698471 289.94853660464287 1104.5765476673841 269.24728395044804 165.67731419205666 46.31217173486948 184.83314576745033
leaf_count=1299 281 1248 6117 1227 1592 311 1828
internal_value=-0.000462477 0.0203763 0.0428316 -0.0356775 -0.091809 -0.0492863 -0.103144
internal_weight=2401.04 1955.67 1396.48 559.196 445.368 94.8576 350.51
internal_count=13903 9891 7416 2475 4012 592 3420
is_linear=0
shrinkage=0.1


Tree=16
num_leaves=8
num_cat=0
split_feature=3 1 7 13 2 1 14
split_gain=396.748 222.065 155.837 105.598 21.309 20.8038 1.20189
threshold=1.0000000180025095e-35 1.0000000180025095e-35 1.0000000180025095e-35 1.0000000180025095e-35 1.0000000180025095e-35 1.0000000180025095e-35 1.0000000180025095e-35
decision_type=2 2 2 2 2 2 2
left_child=1 2 -1 -3 5 -2 -6
right_child=4 3 -4 -5 6 -7 -8
leaf_value=0.073425616151589046 -0.011181035107145439 0.038337331057583648 -0.028032122905930785 -0.035087186286678888 -0.081555040022626257 -0.11058403100172194 -0.10428387989158452
leaf_weight=757.47138758003712 60.899520307779312 269.97993789613247 188.57239770889282 706.20869310200214 49.935387074947357 31.392702162265778 273.6130285859108
leaf_count=4195 295 1680 769 3247 484 297 2936
internal_value=-0.000476329 0.0186934 0.0531941 -0.0147621 -0.0889212 -0.0458154 -0.101038
internal_weight=2338.07 1922.23 946.044 976.189 415.841 92.2922 323.548
internal_count=13903 9891 4964 4927 4012 592 3420
is_linear=0
shrinkage=0.1


Tree=17
num_leaves=8
num_cat=0
split_feature=3 5 0 10 2 10 11
split_gain=344.655 204.639 182.64 48.0188 21.2029 19.8691 1.37663
threshold=1.0000000180025095e-35 1.0000000180025095e-35 1.0000000180025095e-35 1.0000000180025095e-35 1.0000000180025095e-35 1.0000000180025095e-35 1.0000000180025095e-35
decision_type=2 2 2 2 2 2 2
left_child=1 3 -3 -1 5 -2 -6
right_child=4 2 -4 -5 6 -7 -8
leaf_value=-0.029345955239133054 0.0021383378111614845 0.051713882674073147 -0.020978980167779396 -0.11849438029151477 -0.089430032393491149 -0.091623055306781054 -0.10714637828606194
leaf_weight=142.8830753415823 47.072015836834908 1151.3782487660646 493.05456085503101 104.86403506994247 142.59486624598503 42.396617271006107 155.95870104432106
leaf_count=628 281 6567 2187 509 1592 311 1828
internal_value=-0.000469083 0.0171471 0.0299187 -0.0674045 -0.0861971 -0.0428141 -0.0990115
internal_weight=2280.2 1892.18 1644.43 247.747 388.022 89.4686 298.554
internal_count=13903 9891 8754 1137 4012 592 3420
is_linear=0
shrinkage=0.1


Tree=18
num_leaves=8
num_cat=0
split_feature=3 1 7 5 2 1 14
split_gain=298.893 192.168 122.891 85.1003 21.2729 20.291 1.5463
threshold=1.0000000180025095e-35 1.0000000180025095e-35 1.0000000180025095e-35 1.0000000180025095e-35 1.0000000180025095e-35 1.0000000180025095e-35 1.0000000180025095e-35
decision_type=2 2 2 2 2 2 2
left_child=1 2 -1 -3 5 -2 -6
right_child=4 3 -4 -5 6 -7 -8
leaf_value=0.06743645102847283 -0.0061559596040868594 -0.09801261339335865 -0.023333171368772249 -0.0047910310662755452 -0.075085532640632779 -0.10845244782320261 -0.10083096178472191
leaf_weight=719.09697411954403 59.336623817682266 109.79099632799625 187.57896181941032 844.40642350912094 43.676319479942322 27.897471494972706 231.80929893255234
leaf_count=4195 295 552 769 4375 484 297 2936
internal_value=-0.000486834 0.0157107 0.0486524 -0.0156086 -0.0834004 -0.0397288 -0.0970355
internal_weight=2223.59 1860.87 906.676 954.197 362.72 87.2341 275.486
internal_count=13903 9891 4964 4927 4012 592 3420
is_linear=0
shrinkage=0.1


Tree=19
num_leaves=8
num_cat=0
split_feature=4 10 6 5 2 1 11
split_gain=261.093 178.237 113.38 102.188 43.4507 13.8624 1.76767
threshold=1.0000000180025095e-35 1.0000000180025095e-35 1.0000000180025095e-35 1.0000000180025095e-35 1.0000000180025095e-35 1.0000000180025095e-35 1.0000000180025095e-35
decision_type=2 2 2 2 2 2 2
left_child=1 2 -1 -3 5 -2 -6
right_child=4 3 -4 -5 6 -7 -8
leaf_value=-0.070389039822236044 -0.010053724472790085 -0.11132827320711372 0.058555165436435345 -0.0032829397504895333 -0.084179982392585784 -0.062889551369103153 -0.10460183420626722
leaf_weight=73.46262264251709 115.98530101776123 98.693508341908455 828.71155814826488 718.3987472653389 122.92965364456177 86.446846567094326 131.27608844637871
leaf_count=310 584 509 5292 3199 1592 589 1828
internal_value=-0.000487965 0.0173706 0.0479891 -0.0164535 -0.0676175 -0.032815 -0.0950947
internal_weight=2175.9 1719.27 902.174 817.092 456.638 202.432 254.206
internal_count=13903 9310 5602 3708 4593 1173 3420
is_linear=0
shrinkage=0.1


Tree=20
num_leaves=7
num_cat=0
split_feature=2 13 1 1 11 1
split_gain=227.653 175.263 109.073 60.7584 1.94358 3.9179
threshold=1.0000000180025095e-35 1.0000000180025095e-35 1.0000000180025095e-35 1.0000000180025095e-35 1.0000000180025095e-35 1.0000000180025095e-35
decision_type=2 2 2 2 2 2
left_child=1 3 -3 -1 5 -2
right_child=4 2 -4 -5 -6 -7
leaf_value=0.097738902411244361 -0.061670831161249856 0.021284950585536304 -0.034656707498929094 0.027678226560298509 -0.10341483592714538 -0.10132423420384676
leaf_weight=242.43006309121847 58.971810057759285 685.34442295134068 707.20113947987556 254.0987861379981 120.08866709470749 55.59634755551815
leaf_count=1877 821 3382 3501 1723 1828 771
internal_value=-0.000488203 0.0110674 -0.00712938 0.062013 -0.0931671 -0.0816236
internal_weight=2123.73 1889.07 1392.55 496.529 234.657 114.568
internal_count=13903 10483 6883 3600 3420 1592
is_linear=0
shrinkage=0.1


Tree=21
num_leaves=8
num_cat=0
split_feature=3 15 6 16 2 12 11
split_gain=202.117 153.185 140.993 20.846 17.63 18.4163 2.11589
threshold=1.0000000180025095e-35 1.0000000180025095e-35 1.0000000180025095e-35 1.0000000180025095e-35 1.0000000180025095e-35 1.0000000180025095e-35 1.0000000180025095e-35
decision_type=2 2 2 2 2 2 2
left_child=1 3 -3 -1 5 -2 -6
right_child=4 2 -4 -5 6 -7 -8
leaf_value=-0.032112418985829186 -0.0072626087679202095 -0.094383222188289428 0.035558788741214917 -0.089753722196799501 -0.07908056474320109 -0.1112602698911615 -0.10228539727591011
leaf_weight=291.91502837836742 60.771829463541508 88.173007369041443 1323.1219414100051 79.817321091890335 106.97744692862034 22.741214722394943 109.81031046807766
leaf_count=1352 406 406 7770 363 1592 186 1828
internal_value=-0.000458374 0.0123361 0.0273794 -0.0446966 -0.0762138 -0.0365633 -0.0912503
internal_weight=2083.33 1783.03 1411.29 371.732 300.301 83.513 216.788
internal_count=13903 9891 8176 1715 4012 592 3420
is_linear=0
shrinkage=0.1


Tree=22
num_leaves=8
num_cat=0
split_feature=2 16 1 5 14 1 11
split_gain=176.182 148.643 138.076 25.0877 2.31799 2.95972 0.452085
threshold=1.0000000180025095e-35 1.0000000180025095e-35 1.0000000180025095e-35 1.0000000180025095e-35 1.0000000180025095e-35 1.0000000180025095e-35 1.0000000180025095e-35
decision_type=2 2 2 2 2 2 2
left_child=1 2 -1 -3 5 -2 -6
right_child=4 3 -4 -5 6 -7 -8
leaf_value=0.057345767519844229 -0.029327351436386862 -0.11524470569040768 -0.0052409279018512805 -0.033779686885845255 -0.083009735115275207 -0.090532162355490706 -0.10119968984358606
leaf_weight=680.80621947348118 16.841569125652313 41.098561234772205 729.49129885807633 396.12448829784989 66.414306595921516 16.69204019010067 100.38278089463711
leaf_count=4322 239 258 4073 1830 1108 245 1828
internal_value=-0.000476864 0.00919864 0.0249914 -0.0416828 -0.0893102 -0.0615327 -0.0944948
internal_weight=2047.85 1847.52 1410.3 437.223 200.331 33.5336 166.797
internal_count=13903 10483 8395 2088 3420 484 2936
is_linear=0
shrinkage=0.1


Tree=23
num_leaves=8
num_cat=0
split_feature=4 15 5 2 12 0 1
split_gain=158.671 141.555 134.761 30.547 15.1721 11.5645 2.526
threshold=1.0000000180025095e-35 1.0000000180025095e-35 1.0000000180025095e-35 1.0000000180025095e-35 1.0000000180025095e-35 1.0000000180025095e-35 1.0000000180025095e-35
decision_type=2 2 2 2 2 2 2
left_child=1 4 -3 5 -1 -2 -5
right_child=3 2 -4 6 -6 -7 -8
leaf_value=-0.034361681400790836 -0.017135684223562323 -0.055230696923596403 0.040072918158104487 -0.074017030337451398 -0.08632924017593363 -0.073949468875571925 -0.1005096649799407
leaf_weight=245.71272872388363 151.74529667198658 169.64943494647741 1140.4133202880621 95.225706040859222 73.089089468121529 46.304655827581882 90.145457342267036
leaf_count=1139 896 846 6980 1734 345 277 1686
internal_value=-0.000475707 0.0131552 0.0276987 -0.0582665 -0.0465086 -0.0307237 -0.0873705
internal_weight=2012.29 1628.86 1310.06 383.421 318.802 198.05 185.371
internal_count=13903 9310 7826 4593 1484 1173 3420
is_linear=0
shrinkage=0.1


Tree=24
num_leaves=8
num_cat=0
split_feature=13 2 1 4 1 1 11
split_gain=138.388 86.1136 79.4251 53.8608 49.1058 8.07903 0.836514
threshold=1.0000000180025095e-35 1.0000000180025095e-35 1.0000000180025095e-35 1.0000000180025095e-35 1.0000000180025095e-35 1.0000000180025095e-35 1.0000000180025095e-35
decision_type=2 2 2 2 2 2 2
left_child=3 2 -2 4 -1 -5 -3
right_child=1 6 -4 5 -6 -7 -8
leaf_value=0.095061901215997113 0.016859460214127445 -0.076482430148095304 -0.031510554938753155 -0.0049633251389017037 0.026765900451023717 -0.076078025697724608 -0.099245195383200424
leaf_weight=196.5145069360733 660.39715185761452 50.390853755176067 696.56585593149066 32.740032754838467 227.8347819596529 30.478179849684238 84.835335332900286
leaf_count=1795 3382 976 3501 390 1622 409 1828
internal_value=-0.000474726 -0.0155902 -0.0079751 0.0457231 0.0585426 -0.0398993 -0.0913866
internal_weight=1979.76 1492.19 1356.96 487.568 424.349 63.2182 135.226
internal_count=13903 9687 6883 4216 3417 799 2804
is_linear=0
shrinkage=0.1


end of trees

feature_importances:
yr_lt=_0.5=38
hr_lt=_5.5=25
hr_lt=_6.5=20
hr_lt=_21.5=15
temp_lt=_0.4699999988079071=10
atemp_lt=_0.6136500239372253=10
temp_lt=_0.45000000298023224=8
hr_lt=_22.5=7
hum_lt=_0.7950000166893005=7
season_lt=_1.5=6
atemp_lt=_0.5985000133514404=6
temp_lt=_0.3100000023841858=4
hr_lt=_7.5=3
atemp_lt=_0.31059999763965607=3
atemp_lt=_0.3257499933242798=2
temp_lt=_0.3500000089406967=1
temp_lt=_0.3700000047683716=1

parameters:
[boosting: gbdt]
[objective: binary]
[metric: binary_logloss]
[tree_learner: serial]
[device_type: cpu]
[data_sample_strategy: bagging]
[data: ]
[valid: ]
[num_iterations: 25]
[learning_rate: 0.1]
[num_leaves: 31]
[num_threads: 8]
[seed: 42]
[deterministic: 0]
[force_col_wise: 0]
[force_row_wise: 0]
[histogram_pool_size: -1]
[max_depth: 3]
[min_data_in_leaf: 20]
[min_sum_hessian_in_leaf: 0.001]
[bagging_fraction: 1]
[pos_bagging_fraction: 1]
[neg_bagging_fraction: 1]
[bagging_freq: 0]
[bagging_seed: 400]
[bagging_by_query: 0]
[feature_fraction: 1]
[feature_fraction_bynode: 1]
[feature_fraction_seed: 30056]
[extra_trees: 0]
[extra_seed: 12879]
[early_stopping_round: 0]
[early_stopping_min_delta: 0]
[first_metric_only: 0]
[max_delta_step: 0]
[lambda_l1: 0]
[lambda_l2: 1]
[linear_lambda: 0]
[min_gain_to_split: 0]
[drop_rate: 0.1]
[max_drop: 50]
[skip_drop: 0.5]
[xgboost_dart_mode: 0]
[uniform_drop: 0]
[drop_seed: 17869]
[top_rate: 0.2]
[other_rate: 0.1]
[min_data_per_group: 100]
[max_cat_threshold: 32]
[cat_l2: 10]
[cat_smooth: 10]
[max_cat_to_onehot: 4]
[top_k: 20]
[monotone_constraints: ]
[monotone_constraints_method: basic]
[monotone_penalty: 0]
[feature_contri: ]
[forcedsplits_filename: ]
[refit_decay_rate: 0.9]
[cegb_tradeoff: 1]
[cegb_penalty_split: 0]
[cegb_penalty_feature_lazy: ]
[cegb_penalty_feature_coupled: ]
[path_smooth: 0]
[interaction_constraints: ]
[verbosity: -1]
[saved_feature_importance_type: 0]
[use_quantized_grad: 0]
[num_grad_quant_bins: 4]
[quant_train_renew_leaf: 0]
[stochastic_rounding: 1]
[linear_tree: 0]
[max_bin: 255]
[max_bin_by_feature: ]
[min_data_in_bin: 3]
[bin_construct_sample_cnt: 200000]
[data_random_seed: 175]
[is_enable_sparse: 1]
[enable_bundle: 1]
[use_missing: 1]
[zero_as_missing: 0]
[feature_pre_filter: 1]
[pre_partition: 0]
[two_round: 0]
[header: 0]
[label_column: ]
[weight_column: ]
[group_column: ]
[ignore_column: ]
[categorical_feature: ]
[forcedbins_filename: ]
[precise_float_parser: 0]
[parser_config_file: ]
[objective_seed: 16083]
[num_class: 1]
[is_unbalance: 0]
[scale_pos_weight: 1]
[sigmoid: 1]
[boost_from_average: 1]
[reg_sqrt: 0]
[alpha: 0.9]
[fair_c: 1]
[poisson_max_delta_step: 0.7]
[tweedie_variance_power: 1.5]
[lambdarank_truncation_level: 30]
[lambdarank_norm: 1]
[label_gain: ]
[lambdarank_position_bias_regularization: 0]
[eval_at: ]
[multi_error_top_k: 1]
[auc_mu_weights: ]
[num_machines: 1]
[local_listen_port: 12400]
[time_out: 120]
[machine_list_filename: ]
[machines: ]
[gpu_platform_id: -1]
[gpu_device_id: -1]
[gpu_use_dp: 0]
[num_gpu: 1]

end of parameters

pandas_categorical:[]
