tree
version=v4
num_class=1
num_tree_per_iteration=1
label_index=0
max_feature_idx=9
objective=binary sigmoid:1
feature_names=season_lt=_1.5 hr_lt=_6.5 hr_lt=_21.5 temp_lt=_0.3100000023841858 temp_lt=_0.3700000047683716 temp_lt=_0.45000000298023224 temp_lt=_0.4699999988079071 temp_lt=_0.48999999463558197 atemp_lt=_0.3257499933242798 yr_lt=_0.5
feature_infos=[0:1] [0:1] [0:1] [0:1] [0:1] [0:1] [0:1] [0:1] [0:1] [0:1]
tree_sizes=898 906 902 904 903 904 907 904 910 903 904 909 910 906 911 910 912 911 910 912 909 907 910 911 908

Tree=0
num_leaves=7
num_cat=0
split_feature=1 4 2 9 9 6
split_gain=4990.34 1452.91 482.934 265.684 7.36656 7.83692
threshold=1.0000000180025095e-35 1.0000000180025095e-35 1.0000000180025095e-35 1.0000000180025095e-35 1.0000000180025095e-35 1.0000000180025095e-35
decision_type=2 2 2 2 2 2
left_child=1 2 -1 -3 5 -2
right_child=4 3 -4 -5 -6 -7
leaf_value=-0.030441187597176508 -0.16580082951614267 0.017288904963985791 0.13890333749976769 -0.1051940292676538 -0.20254844480759257 -0.19522264773541206
leaf_weight=188.24918089807034 238.74896116554737 329.24856738746166 1573.7431523948908 381.49834004044533 495.74784292280674 268.49883171916008
leaf_count=753 955 1317 6295 1526 1983 1074
internal_value=-0.00417176 0.0721425 0.120806 -0.0485042 -0.192202 -0.18172
internal_weight=3475.73 2472.74 1761.99 710.747 1003 507.248
internal_count=13903 9891 7048 2843 4012 2029
is_linear=0
shrinkage=1


Tree=1
num_leaves=7
num_cat=0
split_feature=1 5 9 2 9 6
split_gain=4077.34 1210.58 355.749 297.697 6.30044 6.68048
threshold=1.0000000180025095e-35 1.0000000180025095e-35 1.0000000180025095e-35 1.0000000180025095e-35 1.0000000180025095e-35 1.0000000180025095e-35
decision_type=2 2 2 2 2 2
left_child=1 3 -3 -1 5 -2
right_child=4 2 -4 -5 -6 -7
leaf_value=-0.0033052558926202828 -0.14656910127543921 0.045787135011275432 -0.07349207558297588 0.14241607936124334 -0.18048172681430438 -0.17371598984620687
leaf_weight=156.96363508701324 237.11668185889721 482.56503573060036 516.85076040029526 1307.6821982860565 490.69992770254612 265.9579009115696
leaf_count=628 955 1933 2074 5256 1983 1074
internal_value=-2.30853e-05 0.0689388 -0.0159103 0.126808 -0.170911 -0.161237
internal_weight=3457.84 2464.06 999.416 1464.65 993.775 503.075
internal_count=13903 9891 4007 5884 4012 2029
is_linear=0
shrinkage=0.1


Tree=2
num_leaves=7
num_cat=0
split_feature=1 8 2 2 9 6
split_gain=3376.15 1017.93 445.915 118.902 5.90216 6.1606
threshold=1.0000000180025095e-35 1.0000000180025095e-35 1.0000000180025095e-35 1.0000000180025095e-35 1.0000000180025095e-35 1.0000000180025095e-35
decision_type=2 2 2 2 2 2
left_child=1 2 -1 -3 5 -2
right_child=4 3 -4 -5 -6 -7
leaf_value=-0.039413898573031486 -0.13440005853851844 -0.17979341680850741 0.11382315756950356 -0.040940655133113936 -0.16699305191773231 -0.16043826650104528
leaf_weight=213.31361658871174 233.0194191634655 70.40566810965538 1697.1908552050591 461.45298334956169 478.00242577493191 259.56658852100372
leaf_count=854 955 283 6899 1855 1983 1074
internal_value=-5.0393e-05 0.0626494 0.0967021 -0.0596244 -0.157728 -0.148418
internal_weight=3412.95 2442.36 1910.5 531.859 970.588 492.586
internal_count=13903 9891 7753 2138 4012 2029
is_linear=0
shrinkage=0.1


Tree=3
num_leaves=7
num_cat=0
split_feature=1 6 9 2 9 6
split_gain=2822.38 910.081 294.835 174.052 5.86282 5.98021
threshold=1.0000000180025095e-35 1.0000000180025095e-35 1.0000000180025095e-35 1.0000000180025095e-35 1.0000000180025095e-35 1.0000000180025095e-35
decision_type=2 2 2 2 2 2
left_child=1 3 -3 -1 5 -2
right_child=4 2 -4 -5 -6 -7
leaf_value=0.0083405494962802747 -0.12425345230290648 0.04266104374883694 -0.062729202519223079 0.12398443438061042 -0.15648408108893469 -0.14991668331843278
leaf_weight=146.04948526620865 227.22158446907997 509.24247251451015 552.34728899598122 1205.640836596489 460.06827914714813 250.53385716676712
leaf_count=585 955 2056 2237 5013 1983 1074
internal_value=-9.80548e-05 0.0571133 -0.0121811 0.111505 -0.147223 -0.137996
internal_weight=3351.1 2413.28 1061.59 1351.69 937.824 477.755
internal_count=13903 9891 4293 5598 4012 2029
is_linear=0
shrinkage=0.1


Tree=4
num_leaves=7
num_cat=0
split_feature=1 0 2 9 9 5
split_gain=2378.65 772.359 343.226 210.299 6.0391 6.00684
threshold=1.0000000180025095e-35 1.0000000180025095e-35 1.0000000180025095e-35 1.0000000180025095e-35 1.0000000180025095e-35 1.0000000180025095e-35
decision_type=2 2 2 2 2 2
left_child=1 2 -1 -3 5 -2
right_child=4 3 -4 -5 -6 -7
leaf_value=-0.033804120657287558 -0.11658467887064478 0.013276094771368332 0.10189530836400043 -0.10423549466150571 -0.14808706540309041 -0.14237808644433411
leaf_weight=211.22081208229065 238.60441802442074 307.21604099869728 1557.7071754336357 300.60518950223923 438.69120092689991 221.45532464981079
leaf_count=849 1037 1248 6567 1227 1983 992
internal_value=-0.000126537 0.0522784 0.085682 -0.0449164 -0.138616 -0.129283
internal_weight=3275.5 2376.75 1768.93 607.821 898.751 460.06
internal_count=13903 9891 7416 2475 4012 2029
is_linear=0
shrinkage=0.1


Tree=5
num_leaves=7
num_cat=0
split_feature=1 6 2 9 9 6
split_gain=2015.81 697.801 274.703 126.254 6.35986 6.19245
threshold=1.0000000180025095e-35 1.0000000180025095e-35 1.0000000180025095e-35 1.0000000180025095e-35 1.0000000180025095e-35 1.0000000180025095e-35
decision_type=2 2 2 2 2 2
left_child=1 3 -3 -1 5 -2
right_child=4 2 -4 -5 -6 -7
leaf_value=0.12733463490248789 -0.10791008112497785 -0.14522162242064168 0.0071068100472536661 0.064467957013962227 -0.14124203489172352 -0.13425896689196642
leaf_weight=669.14694282412529 212.61296786367893 134.95014105737209 915.7563898563385 618.22566005587578 415.21174071729183 228.00526413321495
leaf_count=2908 955 552 3741 2690 1983 1074
internal_value=-0.000174701 0.047893 -0.0125774 0.0972181 -0.131395 -0.121818
internal_weight=3193.91 2338.08 1050.71 1287.37 855.83 440.618
internal_count=13903 9891 4293 5598 4012 2029
is_linear=0
shrinkage=0.1


Tree=6
num_leaves=7
num_cat=0
split_feature=1 3 2 2 9 6
split_gain=1716.11 634.178 289.901 50.4024 6.77897 6.38747
threshold=1.0000000180025095e-35 1.0000000180025095e-35 1.0000000180025095e-35 1.0000000180025095e-35 1.0000000180025095e-35 1.0000000180025095e-35
decision_type=2 2 2 2 2 2
left_child=1 2 -1 -3 5 -2
right_child=4 3 -4 -5 -6 -7
leaf_value=-0.038916639599933515 -0.10114751867749533 -0.15260455362142991 0.083054661666080054 -0.052723689172278369 -0.13557039034559273 -0.12818859428491652
leaf_weight=220.1949910223484 204.63104777038097 58.262466430664062 1658.7374392747879 363.24283462762833 390.63101872801781 215.61028796434402
leaf_count=889 955 248 7276 1478 1983 1074
internal_value=-0.000214243 0.0438825 0.0687476 -0.0668582 -0.125216 -0.115293
internal_weight=3111.31 2300.44 1878.93 421.505 810.872 420.241
internal_count=13903 9891 8165 1726 4012 2029
is_linear=0
shrinkage=0.1


Tree=7
num_leaves=7
num_cat=0
split_feature=1 7 9 9 9 5
split_gain=1466.8 548.344 220.168 110.404 7.27304 6.65459
threshold=1.0000000180025095e-35 1.0000000180025095e-35 1.0000000180025095e-35 1.0000000180025095e-35 1.0000000180025095e-35 1.0000000180025095e-35
decision_type=2 2 2 2 2 2
left_child=1 3 -3 -1 5 -2
right_child=4 2 -4 -5 -6 -7
leaf_value=0.11689624279358267 -0.096065892579583145 0.035532866236207002 -0.054932257507418203 0.055610187510211288 -0.13080640460321605 -0.12408347337885586
leaf_weight=609.00505337119102 212.21164599061012 517.77421015501022 557.88220785558224 573.90464022755623 365.6921628266573 187.34534978866577
leaf_count=2821 1037 2143 2318 2609 1983 992
internal_value=-0.00026708 0.040278 -0.0113937 0.0872346 -0.119829 -0.10948
internal_weight=3023.82 2258.57 1075.66 1182.91 765.249 399.557
internal_count=13903 9891 4461 5430 4012 2029
is_linear=0
shrinkage=0.1


Tree=8
num_leaves=7
num_cat=0
split_feature=1 0 2 9 9 6
split_gain=1258.02 494.058 233.333 141.384 7.82693 6.94184
threshold=1.0000000180025095e-35 1.0000000180025095e-35 1.0000000180025095e-35 1.0000000180025095e-35 1.0000000180025095e-35 1.0000000180025095e-35
decision_type=2 2 2 2 2 2
left_child=1 2 -1 -3 5 -2
right_child=4 3 -4 -5 -6 -7
leaf_value=-0.033238608957888292 -0.089340708379884656 0.0068646749502010345 0.079946722605493833 -0.090844842346954571 -0.12675768410777855 -0.11836623028520794
leaf_weight=208.38607941567898 188.39416489005089 300.58633901178837 1418.4841228872538 290.65232370793819 340.94076579809189 190.63697257637978
leaf_count=849 955 1248 6567 1227 1983 1074
internal_value=-0.000288863 0.0369962 0.0654373 -0.0412415 -0.11505 -0.104212
internal_weight=2938.08 2218.11 1626.87 591.239 719.972 379.031
internal_count=13903 9891 7416 2475 4012 2029
is_linear=0
shrinkage=0.1


Tree=9
num_leaves=7
num_cat=0
split_feature=1 3 9 2 9 5
split_gain=1081.79 436.019 227.43 44.04 8.4229 7.22653
threshold=1.0000000180025095e-35 1.0000000180025095e-35 1.0000000180025095e-35 1.0000000180025095e-35 1.0000000180025095e-35 1.0000000180025095e-35
decision_type=2 2 2 2 2 2
left_child=1 2 -1 -3 5 -2
right_child=4 3 -4 -5 -6 -7
leaf_value=0.091320332048608455 -0.085226098619132218 -0.14155116468574613 0.019488053754717391 -0.045558056818086272 -0.12328125662677872 -0.11549652504506024
leaf_weight=886.68336991965771 194.55550141632557 54.671498224139214 876.83799706399441 356.2493804693222 316.7705090045929 164.41592597961426
leaf_count=4195 1037 248 3970 1478 1983 992
internal_value=-0.000326743 0.0340229 0.055636 -0.0586422 -0.110746 -0.0993729
internal_weight=2850.18 2174.44 1763.52 410.921 675.742 358.971
internal_count=13903 9891 8165 1726 4012 2029
is_linear=0
shrinkage=0.1


Tree=10
num_leaves=7
num_cat=0
split_feature=1 7 2 9 9 6
split_gain=931.515 394.729 190.706 90.2861 9.05413 7.50833
threshold=1.0000000180025095e-35 1.0000000180025095e-35 1.0000000180025095e-35 1.0000000180025095e-35 1.0000000180025095e-35 1.0000000180025095e-35
decision_type=2 2 2 2 2 2
left_child=1 3 -3 -1 5 -2
right_child=4 2 -4 -5 -6 -7
leaf_value=0.10212411596131186 -0.079177696412265644 -0.12497688263116465 0.00357655641267241 0.044409543834895669 -0.12026840859940578 -0.11055426455074212
leaf_weight=544.63083612918854 172.86612287163734 130.98513731360435 917.8148618042469 544.02532470226288 293.45823705196381 166.76421129703522
leaf_count=2821 955 575 3886 2609 1983 1074
internal_value=-0.00036438 0.0311989 -0.0125823 0.0733501 -0.106811 -0.0948634
internal_weight=2770.54 2137.46 1048.8 1088.66 633.089 339.63
internal_count=13903 9891 4461 5430 4012 2029
is_linear=0
shrinkage=0.1


Tree=11
num_leaves=7
num_cat=0
split_feature=1 0 2 9 9 5
split_gain=803.874 348.368 188.149 107.163 9.70657 7.77734
threshold=1.0000000180025095e-35 1.0000000180025095e-35 1.0000000180025095e-35 1.0000000180025095e-35 1.0000000180025095e-35 1.0000000180025095e-35
decision_type=2 2 2 2 2 2
left_child=1 2 -1 -3 5 -2
right_child=4 3 -4 -5 -6 -7
leaf_value=-0.035391727529756042 -0.075711526221792974 0.0046466723987334821 0.067552106149614974 -0.081535604348796628 -0.11763489058457549 -0.10852504528779748
leaf_weight=204.51835672557354 178.11311596632004 294.68642310798168 1318.062686547637 281.497882142663 271.19090647995472 143.03177785873413
leaf_count=849 1037 1248 6567 1227 1983 992
internal_value=-0.000385942 0.0286566 0.0537102 -0.0375264 -0.103164 -0.0906176
internal_weight=2691.1 2098.77 1522.58 576.184 592.336 321.145
internal_count=13903 9891 7416 2475 4012 2029
is_linear=0
shrinkage=0.1


Tree=12
num_leaves=7
num_cat=0
split_feature=1 4 9 2 9 5
split_gain=694.754 308.609 145.456 89.6618 10.3742 7.99295
threshold=1.0000000180025095e-35 1.0000000180025095e-35 1.0000000180025095e-35 1.0000000180025095e-35 1.0000000180025095e-35 1.0000000180025095e-35
decision_type=2 2 2 2 2 2
left_child=1 2 -1 -3 5 -2
right_child=4 3 -4 -5 -6 -7
leaf_value=0.085931048189682863 -0.071345084692876828 -0.12826308215087331 0.021269613565316092 -0.015978018048515407 -0.11531415592871658 -0.10542369578434066
leaf_weight=684.72538679838181 170.5737032443285 80.029589846730232 707.91620442271233 584.92065633833408 250.08689059317112 133.06047916412354
leaf_count=3647 1037 384 3401 2459 1983 992
internal_value=-0.000413214 0.0263522 0.0531008 -0.0296643 -0.0997402 -0.0865763
internal_weight=2611.31 2057.59 1392.64 664.95 553.721 303.634
internal_count=13903 9891 7048 2843 4012 2029
is_linear=0
shrinkage=0.1


Tree=13
num_leaves=7
num_cat=0
split_feature=1 7 2 2 9 0
split_gain=600.816 275.033 137.686 83.9791 11.0454 8.39598
threshold=1.0000000180025095e-35 1.0000000180025095e-35 1.0000000180025095e-35 1.0000000180025095e-35 1.0000000180025095e-35 1.0000000180025095e-35
decision_type=2 2 2 2 2 2
left_child=1 3 -3 -1 5 -2
right_child=4 2 -4 -5 -6 -7
leaf_value=-0.010707168557805215 -0.073013094993945746 -0.11154388244169221 0.001280357252444774 0.073104212927679699 -0.11325287884763487 -0.11580936961395923
leaf_weight=138.54921962320805 224.62904009222984 121.91570350527763 901.1185557693243 860.30252107977867 230.2122018635273 62.514862880110741
leaf_count=562 1536 575 3886 4868 1983 493
internal_value=-0.000432925 0.0241809 -0.0122608 0.0614798 -0.0964876 -0.0827
internal_weight=2539.24 2021.89 1023.03 998.852 517.356 287.144
internal_count=13903 9891 4461 5430 4012 2029
is_linear=0
shrinkage=0.1


Tree=14
num_leaves=7
num_cat=0
split_feature=1 0 9 9 9 6
split_gain=520.087 245.794 141.819 85.7948 11.7356 8.71914
threshold=1.0000000180025095e-35 1.0000000180025095e-35 1.0000000180025095e-35 1.0000000180025095e-35 1.0000000180025095e-35 1.0000000180025095e-35
decision_type=2 2 2 2 2 2
left_child=1 2 -1 -3 5 -2
right_child=4 3 -4 -5 -6 -7
leaf_value=0.077953411853896815 -0.061406426110085358 0.0042007458714544898 0.014667110216051613 -0.07389927440929478 -0.11140763843997498 -0.098433098214258302
leaf_weight=666.06599980592728 145.37587854266167 289.47512648999691 755.93134757876396 272.41064248979092 211.59353781491518 126.43579971790314
leaf_count=3716 955 1248 3700 1227 1983 1074
internal_value=-0.000445424 0.0222267 0.0443445 -0.0337273 -0.0933451 -0.0789274
internal_weight=2467.29 1983.88 1422 561.886 483.405 271.812
internal_count=13903 9891 7416 2475 4012 2029
is_linear=0
shrinkage=0.1


Tree=15
num_leaves=7
num_cat=0
split_feature=1 3 2 9 9 0
split_gain=450.235 221.446 162.209 24.6761 12.3814 9.01225
threshold=1.0000000180025095e-35 1.0000000180025095e-35 1.0000000180025095e-35 1.0000000180025095e-35 1.0000000180025095e-35 1.0000000180025095e-35
decision_type=2 2 2 2 2 2
left_child=1 2 -1 -3 5 -2
right_child=4 3 -4 -5 -6 -7
leaf_value=-0.043989946389504188 -0.065085839085935362 -0.020627281424491255 0.049965459724403236 -0.071081971778281711 -0.10974264749792054 -0.11222418372180309
leaf_weight=211.88759395480156 203.80579868704081 187.16344785690308 1350.0009291172028 202.63959717750549 194.2282390370965 53.588269807398319
leaf_count=889 1536 769 7276 957 1983 493
internal_value=-0.000457046 0.0203729 0.0371994 -0.046971 -0.0903202 -0.0752962
internal_weight=2403.31 1951.69 1561.89 389.803 451.622 257.394
internal_count=13903 9891 8165 1726 4012 2029
is_linear=0
shrinkage=0.1


Tree=16
num_leaves=7
num_cat=0
split_feature=1 7 2 9 9 5
split_gain=389.795 198.962 109.413 74.0815 13.0234 9.25038
threshold=1.0000000180025095e-35 1.0000000180025095e-35 1.0000000180025095e-35 1.0000000180025095e-35 1.0000000180025095e-35 1.0000000180025095e-35
decision_type=2 2 2 2 2 2
left_child=1 3 -3 -1 5 -2
right_child=4 2 -4 -5 -6 -7
leaf_value=0.08208211313811388 -0.054719419412566861 -0.10340507033551738 -0.00024833737217748577 0.025242964137991528 -0.1082279913322815 -0.095164440994032581
leaf_weight=435.24678392708302 143.37151239067316 115.40600016713142 880.96887961030006 486.1447461694479 178.09219354391098 100.74144801497459
leaf_count=2821 1037 575 3886 2609 1983 992
internal_value=-0.000476658 0.0186834 -0.0122883 0.0521525 -0.0873451 -0.0717306
internal_weight=2339.97 1917.77 996.375 921.392 422.205 244.113
internal_count=13903 9891 4461 5430 4012 2029
is_linear=0
shrinkage=0.1


Tree=17
num_leaves=7
num_cat=0
split_feature=1 0 9 9 9 0
split_gain=337.53 173.46 117.44 67.3436 13.6052 9.54698
threshold=1.0000000180025095e-35 1.0000000180025095e-35 1.0000000180025095e-35 1.0000000180025095e-35 1.0000000180025095e-35 1.0000000180025095e-35
decision_type=2 2 2 2 2 2
left_child=1 2 -1 -3 5 -2
right_child=4 3 -4 -5 -6 -7
leaf_value=0.068888953500240255 -0.057622204121963477 0.0033665212529763234 0.0094523178337750507 -0.066790390004835692 -0.10683834633212562 -0.10933593732538854
leaf_weight=608.82551209628582 185.90197097510099 284.99187672138214 731.65904667973518 262.00246979296207 163.14596819132566 45.809752553701401
leaf_count=3716 1536 1248 3700 1227 1983 493
internal_value=-0.000478444 0.0171208 0.0364787 -0.0302982 -0.0844363 -0.068272
internal_weight=2282.34 1887.48 1340.48 546.994 394.858 231.712
internal_count=13903 9891 7416 2475 4012 2029
is_linear=0
shrinkage=0.1


Tree=18
num_leaves=7
num_cat=0
split_feature=1 5 2 2 9 0
split_gain=292.111 153.852 84.3097 83.0617 14.1578 9.59835
threshold=1.0000000180025095e-35 1.0000000180025095e-35 1.0000000180025095e-35 1.0000000180025095e-35 1.0000000180025095e-35 1.0000000180025095e-35
decision_type=2 2 2 2 2 2
left_child=1 3 -3 -1 5 -2
right_child=4 2 -4 -5 -6 -7
leaf_value=-0.024760243918065264 -0.054185860047851198 -0.10257823635634505 -0.0036394816455907839 0.055725977711164866 -0.10555202083623338 -0.10794051408608184
leaf_weight=151.36854587495327 178.38678423315287 95.634872019290924 792.94305817782879 819.62000723183155 149.3395956158638 41.971150882542133
leaf_count=628 1536 509 3498 5256 1983 493
internal_value=-0.000480755 0.01567 -0.0143913 0.0431663 -0.0815414 -0.0648658
internal_weight=2229.26 1859.57 888.578 970.989 369.698 220.358
internal_count=13903 9891 4007 5884 4012 2029
is_linear=0
shrinkage=0.1


Tree=19
num_leaves=7
num_cat=0
split_feature=1 9 3 0 9 5
split_gain=252.756 140.819 89.6781 85.377 14.6497 9.81809
threshold=1.0000000180025095e-35 1.0000000180025095e-35 1.0000000180025095e-35 1.0000000180025095e-35 1.0000000180025095e-35 1.0000000180025095e-35
decision_type=2 2 2 2 2 2
left_child=1 2 -1 -3 5 -2
right_child=4 3 -4 -5 -6 -7
leaf_value=0.060743867267978438 -0.043567166036977689 0.0060012966148543278 -0.017765678646233681 -0.061265959576043576 -0.10435026978080351 -0.088462717879043654
leaf_weight=673.82586966454983 127.46894772350788 715.09885102510452 184.98932604491711 255.24102704972029 136.61614966392517 82.425661489367485
leaf_count=4195 1037 3700 769 1227 1983 992
internal_value=-0.00048303 0.0143627 0.0438319 -0.0117377 -0.0786663 -0.0615335
internal_weight=2175.67 1829.16 858.815 970.34 346.511 209.895
internal_count=13903 9891 4964 4927 4012 2029
is_linear=0
shrinkage=0.1


Tree=20
num_leaves=7
num_cat=0
split_feature=1 2 9 7 9 0
split_gain=218.536 123.919 121.039 32.6641 15.0595 9.93416
threshold=1.0000000180025095e-35 1.0000000180025095e-35 1.0000000180025095e-35 1.0000000180025095e-35 1.0000000180025095e-35 1.0000000180025095e-35
decision_type=2 2 2 2 2 2
left_child=1 3 -3 -1 5 -2
right_child=4 2 -4 -5 -6 -7
leaf_value=-0.020482092011461419 -0.047363399809295832 0.05408915455504705 -0.001837594933925049 -0.094516395074816517 -0.10321664201910744 -0.10576364995207624
leaf_weight=135.43216235935688 164.36230785399675 705.71922446787357 855.18755450844765 106.45461396127939 124.91467074304819 35.826034590601921
leaf_count=562 1536 4379 4375 575 1983 493
internal_value=-0.000479866 0.01314 0.0234665 -0.0533197 -0.0758149 -0.0582886
internal_weight=2127.9 1802.79 1560.91 241.887 325.103 200.188
internal_count=13903 9891 8754 1137 4012 2029
is_linear=0
shrinkage=0.1


Tree=21
num_leaves=7
num_cat=0
split_feature=1 3 2 2 9 0
split_gain=188.673 121.698 98.9573 16.5607 15.4072 9.85286
threshold=1.0000000180025095e-35 1.0000000180025095e-35 1.0000000180025095e-35 1.0000000180025095e-35 1.0000000180025095e-35 1.0000000180025095e-35
decision_type=2 2 2 2 2 2
left_child=1 2 -1 -3 5 -2
right_child=4 3 -4 -5 -6 -7
leaf_value=-0.039036104031671466 -0.044277839867890155 -0.10408621053426906 0.036209085864703054 -0.032029487226659589 -0.10213654629748736 -0.10464896116550373
leaf_weight=203.45184047520161 158.61282420158386 34.5986348092556 1208.6896198987961 334.99670551717281 114.17230073735118 32.754603043198586
leaf_count=889 1536 248 7276 1478 1983 493
internal_value=-0.000483352 0.011978 0.0253483 -0.0390375 -0.072953 -0.0551013
internal_weight=2087.28 1781.74 1412.14 369.595 305.54 191.367
internal_count=13903 9891 8165 1726 4012 2029
is_linear=0
shrinkage=0.1


Tree=22
num_leaves=7
num_cat=0
split_feature=1 7 9 9 9 5
split_gain=162.769 111.492 63.9675 50.0924 15.6714 9.8643
threshold=1.0000000180025095e-35 1.0000000180025095e-35 1.0000000180025095e-35 1.0000000180025095e-35 1.0000000180025095e-35 1.0000000180025095e-35
decision_type=2 2 2 2 2 2
left_child=1 3 -3 -1 5 -2
right_child=4 2 -4 -5 -6 -7
leaf_value=0.066277192724501055 -0.033675079015937255 0.01468180327872861 -0.037328791092482487 0.016172385347970192 -0.10109694633386071 -0.082033595015594651
leaf_weight=354.33752317726612 115.18054202198982 453.57649080455303 492.09555857628584 457.07944311201572 104.32581216841936 68.104288585484028
leaf_count=2821 1037 2143 2318 2609 1983 992
internal_value=-0.00049031 0.0109359 -0.0123936 0.0381073 -0.0700923 -0.0519916
internal_weight=2044.7 1757.09 945.672 811.417 287.611 183.285
internal_count=13903 9891 4461 5430 4012 2029
is_linear=0
shrinkage=0.1


Tree=23
num_leaves=7
num_cat=0
split_feature=1 0 9 2 9 0
split_gain=140.354 100.01 73.6069 41.569 15.8402 9.94032
threshold=1.0000000180025095e-35 1.0000000180025095e-35 1.0000000180025095e-35 1.0000000180025095e-35 1.0000000180025095e-35 1.0000000180025095e-35
decision_type=2 2 2 2 2 2
left_child=1 2 -1 -3 5 -2
right_child=4 3 -4 -5 -6 -7
leaf_value=0.054146090493658809 -0.03813485470251126 -0.11839867704898094 0.0044483703781187369 -0.018010279014969124 -0.10008602879101752 -0.10290226971010968
leaf_weight=518.59752325713634 147.82049586623907 44.267781406641006 699.31877787411213 472.69747403264046 95.312886189669371 27.992331519722939
leaf_count=3716 1536 288 3700 2187 1983 493
internal_value=-0.000468268 0.00999975 0.0256371 -0.0268185 -0.0672417 -0.0489706
internal_weight=2006.01 1734.88 1217.92 516.965 271.126 175.813
internal_count=13903 9891 7416 2475 4012 2029
is_linear=0
shrinkage=0.1


Tree=24
num_leaves=7
num_cat=0
split_feature=1 2 8 0 9 0
split_gain=120.793 87.3857 90.366 22.2666 15.9254 9.7173
threshold=1.0000000180025095e-35 1.0000000180025095e-35 1.0000000180025095e-35 1.0000000180025095e-35 1.0000000180025095e-35 1.0000000180025095e-35
decision_type=2 2 2 2 2 2
left_child=1 3 -3 -1 5 -2
right_child=4 2 -4 -5 -6 -7
leaf_value=-0.033035481913889352 -0.035430924767485522 0.033349394318209304 -0.021605247217100623 -0.11326842662231534 -0.099093019787775669 -0.10194901698343886
leaf_weight=189.07158580422401 143.50091632455587 1070.7705150395632 414.32655679434538 41.818621963262558 87.072925183922052 25.562245901674032
leaf_count=849 1536 6899 1855 288 1983 493
internal_value=-0.000463553 0.0091093 0.0180134 -0.047993 -0.0643831 -0.0460288
internal_weight=1972.12 1715.99 1485.1 230.89 256.136 169.063
internal_count=13903 9891 8754 1137 4012 2029
is_linear=0
shrinkage=0.1


end of trees

feature_importances:
yr_lt=_0.5=48
hr_lt=_6.5=25
hr_lt=_21.5=25
season_lt=_1.5=16
temp_lt=_0.4699999988079071=11
temp_lt=_0.45000000298023224=10
temp_lt=_0.48999999463558197=6
temp_lt=_0.3100000023841858=5
temp_lt=_0.3700000047683716=2
atemp_lt=_0.3257499933242798=2

parameters:
[boosting: gbdt]
[objective: binary]
[metric: binary_logloss]
[tree_learner: serial]
[device_type: cpu]
[data_sample_strategy: bagging]
[data: ]
[valid: ]
[num_iterations: 25]
[learning_rate: 0.1]
[num_leaves: 31]
[num_threads: 8]
[seed: 42]
[deterministic: 0]
[force_col_wise: 0]
[force_row_wise: 0]
[histogram_pool_size: -1]
[max_depth: 3]
[min_data_in_leaf: 20]
[min_sum_hessian_in_leaf: 0.001]
[bagging_fraction: 1]
[pos_bagging_fraction: 1]
[neg_bagging_fraction: 1]
[bagging_freq: 0]
[bagging_seed: 400]
[bagging_by_query: 0]
[feature_fraction: 1]
[feature_fraction_bynode: 1]
[feature_fraction_seed: 30056]
[extra_trees: 0]
[extra_seed: 12879]
[early_stopping_round: 0]
[early_stopping_min_delta: 0]
[first_metric_only: 0]
[max_delta_step: 0]
[lambda_l1: 0]
[lambda_l2: 1]
[linear_lambda: 0]
[min_gain_to_split: 0]
[drop_rate: 0.1]
[max_drop: 50]
[skip_drop: 0.5]
[xgboost_dart_mode: 0]
[uniform_drop: 0]
[drop_seed: 17869]
[top_rate: 0.2]
[other_rate: 0.1]
[min_data_per_group: 100]
[max_cat_threshold: 32]
[cat_l2: 10]
[cat_smooth: 10]
[max_cat_to_onehot: 4]
[top_k: 20]
[monotone_constraints: ]
[monotone_constraints_method: basic]
[monotone_penalty: 0]
[feature_contri: ]
[forcedsplits_filename: ]
[refit_decay_rate: 0.9]
[cegb_tradeoff: 1]
[cegb_penalty_split: 0]
[cegb_penalty_feature_lazy: ]
[cegb_penalty_feature_coupled: ]
[path_smooth: 0]
[interaction_constraints: ]
[verbosity: -1]
[saved_feature_importance_type: 0]
[use_quantized_grad: 0]
[num_grad_quant_bins: 4]
[quant_train_renew_leaf: 0]
[stochastic_rounding: 1]
[linear_tree: 0]
[max_bin: 255]
[max_bin_by_feature: ]
[min_data_in_bin: 3]
[bin_construct_sample_cnt: 200000]
[data_random_seed: 175]
[is_enable_sparse: 1]
[enable_bundle: 1]
[use_missing: 1]
[zero_as_missing: 0]
[feature_pre_filter: 1]
[pre_partition: 0]
[two_round: 0]
[header: 0]
[label_column: ]
[weight_column: ]
[group_column: ]
[ignore_column: ]
[categorical_feature: ]
[forcedbins_filename: ]
[precise_float_parser: 0]
[parser_config_file: ]
[objective_seed: 16083]
[num_class: 1]
[is_unbalance: 0]
[scale_pos_weight: 1]
[sigmoid: 1]
[boost_from_average: 1]
[reg_sqrt: 0]
[alpha: 0.9]
[fair_c: 1]
[poisson_max_delta_step: 0.7]
[tweedie_variance_power: 1.5]
[lambdarank_truncation_level: 30]
[lambdarank_norm: 1]
[label_gain: ]
[lambdarank_position_bias_regularization: 0]
[eval_at: ]
[multi_error_top_k: 1]
[auc_mu_weights: ]
[num_machines: 1]
[local_listen_port: 12400]
[time_out: 120]
[machine_list_filename: ]
[machines: ]
[gpu_platform_id: -1]
[gpu_device_id: -1]
[gpu_use_dp: 0]
[num_gpu: 1]

end of parameters

pandas_categorical:[]
