tree
version=v4
num_class=1
num_tree_per_iteration=1
label_index=0
max_feature_idx=12
objective=binary sigmoid:1
feature_names=yr_lt=_0.5 hr_lt=_5.5 hr_lt=_6.5 hr_lt=_20.5 hr_lt=_21.5 hr_lt=_22.5 temp_lt=_0.3100000023841858 temp_lt=_0.3700000047683716 temp_lt=_0.45000000298023224 temp_lt=_0.4699999988079071 atemp_lt=_0.3409000039100647 hum_lt=_0.8050000071525574 hr_lt=_19.5
feature_infos=[0:1] [0:1] [0:1] [0:1] [0:1] [0:1] [0:1] [0:1] [0:1] [0:1] [0:1] [0:1] [0:1]
tree_sizes=893 900 901 904 897 903 901 907 906 1017 1013 1016 1016 1019 1013 1019 1017 1021 1019 1019 913 1018 913 911 916

Tree=0
num_leaves=7
num_cat=0
split_feature=2 7 5 0 1 0
split_gain=4990.34 1452.91 515.783 265.684 29.252 40.8909
threshold=1.0000000180025095e-35 1.0000000180025095e-35 1.0000000180025095e-35 1.0000000180025095e-35 1.0000000180025095e-35 1.0000000180025095e-35
decision_type=2 2 2 2 2 2
left_child=1 2 -1 -3 5 -2
right_child=4 3 -4 -5 -6 -7
leaf_value=-0.10720773748454829 -0.094061561585856407 0.017288904963985791 0.1336016562898662 -0.1051940292676538 -0.19955032351452004 -0.2011031766378146
leaf_weight=93.249594256281853 73.74967910349369 329.24856738746166 1668.7427390366793 381.49834004044533 854.99627977609634 74.249676927924156
leaf_count=373 295 1317 6675 1526 3420 297
internal_value=-0.00417176 0.0721425 0.120806 -0.0485042 -0.192202 -0.148724
internal_weight=3475.73 2472.74 1761.99 710.747 1003 147.999
internal_count=13903 9891 7048 2843 4012 592
is_linear=0
shrinkage=1


Tree=1
num_leaves=7
num_cat=0
split_feature=2 8 3 5 1 0
split_gain=4077.47 1210.41 372.227 356.469 24.4072 34.1902
threshold=1.0000000180025095e-35 1.0000000180025095e-35 1.0000000180025095e-35 1.0000000180025095e-35 1.0000000180025095e-35 1.0000000180025095e-35
decision_type=2 2 2 2 2 2
left_child=1 3 -3 -1 5 -2
right_child=4 2 -4 -5 -6 -7
leaf_value=-0.081376071797302468 -0.081204475046348118 -0.14123920081519384 0.013765072253086217 0.13845006899385709 -0.17768367280609054 -0.17934290771899247
leaf_weight=77.277739495038986 73.587112054228783 190.5906798094511 808.81145843863487 1387.30013859272 846.54459357261658 73.504318669438362
leaf_count=310 295 764 3243 5574 3420 297
internal_value=-2.49091e-05 0.0689366 -0.0159066 0.126803 -0.17093 -0.131126
internal_weight=3457.62 2463.98 999.402 1464.58 993.636 147.091
internal_count=13903 9891 4007 5884 4012 592
is_linear=0
shrinkage=0.1


Tree=2
num_leaves=7
num_cat=0
split_feature=2 10 4 0 1 0
split_gain=3376.54 1027.44 436.079 196.552 21.6239 29.9192
threshold=1.0000000180025095e-35 1.0000000180025095e-35 1.0000000180025095e-35 1.0000000180025095e-35 1.0000000180025095e-35 1.0000000180025095e-35
decision_type=2 2 2 2 2 2
left_child=1 2 -1 -3 5 -2
right_child=4 3 -4 -5 -6 -7
leaf_value=-0.038351358503289891 -0.073607870636330772 0.012535454779331524 0.11754106981309656 -0.10054397311332275 -0.16425675712759077 -0.16603754109824279
leaf_weight=201.2382745295763 73.186518922448158 283.18782709538937 1623.8159206211567 334.68433614075184 825.28937458992004 71.626787513494492
leaf_count=815 295 1134 6597 1345 3420 297
internal_value=-6.01115e-05 0.0626197 0.10034 -0.04878 -0.157803 -0.12015
internal_weight=3413.03 2442.93 1825.05 617.872 970.103 144.813
internal_count=13903 9891 7412 2479 4012 592
is_linear=0
shrinkage=0.1


Tree=3
num_leaves=7
num_cat=0
split_feature=2 9 0 5 1 0
split_gain=2824.58 896.816 322.907 228.623 19.996 27.0402
threshold=1.0000000180025095e-35 1.0000000180025095e-35 1.0000000180025095e-35 1.0000000180025095e-35 1.0000000180025095e-35 1.0000000180025095e-35
decision_type=2 2 2 2 2 2
left_child=1 3 -3 -1 5 -2
right_child=4 2 -4 -5 -6 -7
leaf_value=-0.063654876120594672 -0.066883869763558534 0.045622099895786049 -0.06468590492240188 0.12076940025427177 -0.15371942308383846 -0.15564159835773117
leaf_weight=70.341745883226395 72.619701400399208 510.01511600613594 551.12949754297733 1280.9027007818222 795.26614844799042 68.971104070544243
leaf_count=285 295 2056 2237 5313 3420 297
internal_value=-0.000102679 0.0571279 -0.0116758 0.111129 -0.147374 -0.110907
internal_weight=3349.25 2412.39 1061.14 1351.24 936.857 141.591
internal_count=13903 9891 4293 5598 4012 592
is_linear=0
shrinkage=0.1


Tree=4
num_leaves=7
num_cat=0
split_feature=2 6 11 12 1 0
split_gain=2381.73 781.647 385.68 96.2768 19.0649 25
threshold=1.0000000180025095e-35 1.0000000180025095e-35 1.0000000180025095e-35 1.0000000180025095e-35 1.0000000180025095e-35 1.0000000180025095e-35
decision_type=2 2 2 2 2 2
left_child=1 2 -1 -3 5 -2
right_child=4 3 -4 -5 -6 -7
leaf_value=-0.019610211213876627 -0.060876488708894394 -0.1497431613147549 0.099116150156220162 -0.04173755296504493 -0.14522896752875236 -0.14731434607518878
leaf_weight=328.77400924265385 71.941849291324615 111.5631350427866 1620.9659720808268 314.3912493288517 759.4768300652504 65.801598832011223
leaf_count=1368 295 456 6797 1270 3420 297
internal_value=-0.00013674 0.0522898 0.0790962 -0.0703101 -0.138857 -0.102933
internal_weight=3272.91 2375.69 1949.74 425.954 897.22 137.743
internal_count=13903 9891 8165 1726 4012 592
is_linear=0
shrinkage=0.1


Tree=5
num_leaves=7
num_cat=0
split_feature=2 9 3 11 1 0
split_gain=2018.39 685.362 284.096 193.347 18.5766 23.4817
threshold=1.0000000180025095e-35 1.0000000180025095e-35 1.0000000180025095e-35 1.0000000180025095e-35 1.0000000180025095e-35 1.0000000180025095e-35
decision_type=2 2 2 2 2 2
left_child=1 3 -3 -1 5 -2
right_child=4 2 -4 -5 -6 -7
leaf_value=0.0029742465558706601 -0.055470431041288959 -0.11908292867227724 0.013086358615328537 0.11258552844807634 -0.13823900978739831 -0.14051066799378928
leaf_weight=188.47966368496418 71.195193454623222 199.98159976303577 851.52900837361813 1102.0111346840858 720.16593754291534 62.316531836986542
leaf_count=795 295 823 3470 4803 3420 297
internal_value=-0.000195496 0.047789 -0.0121395 0.0965912 -0.131739 -0.0959124
internal_weight=3195.68 2342 1051.51 1290.49 853.678 133.512
internal_count=13903 9891 4293 5598 4012 592
is_linear=0
shrinkage=0.1


Tree=6
num_leaves=7
num_cat=0
split_feature=2 6 4 12 1 8
split_gain=1720.34 586.441 362.062 68.9157 18.3796 22.869
threshold=1.0000000180025095e-35 1.0000000180025095e-35 1.0000000180025095e-35 1.0000000180025095e-35 1.0000000180025095e-35 1.0000000180025095e-35
decision_type=2 2 2 2 2 2
left_child=1 2 -1 -3 5 -2
right_child=4 3 -4 -5 -6 -7
leaf_value=-0.0541621377822602 -0.04435874871398976 -0.13184569829698395 0.08346999034752918 -0.038945674577035044 -0.13237850415608524 -0.12944003291619485
leaf_weight=215.19883480668068 61.390033394098282 106.80081990361214 1665.9982590377331 313.88939192891121 679.01006877422333 67.686178103089333
leaf_count=889 281 456 7276 1270 3420 311
internal_value=-0.000231155 0.0438397 0.0677052 -0.062787 -0.125669 -0.0896266
internal_weight=3109.97 2301.89 1881.2 420.69 808.086 129.076
internal_count=13903 9891 8165 1726 4012 592
is_linear=0
shrinkage=0.1


Tree=7
num_leaves=7
num_cat=0
split_feature=2 9 0 5 1 0
split_gain=1470.84 536.088 259.823 173.196 18.8607 24.1307
threshold=1.0000000180025095e-35 1.0000000180025095e-35 1.0000000180025095e-35 1.0000000180025095e-35 1.0000000180025095e-35 1.0000000180025095e-35
decision_type=2 2 2 2 2 2
left_child=1 3 -3 -1 5 -2
right_child=4 2 -4 -5 -6 -7
leaf_value=-0.066469215158950296 -0.042868102041098227 0.039290509225433944 -0.06077613027240665 0.09439108662787303 -0.12738579391140517 -0.13168221079040038
leaf_weight=70.373091474175453 68.950427621603012 499.26672753691673 538.15916369855404 1152.0183575004339 637.25396990776062 56.201514601707458
leaf_count=285 295 2056 2237 5313 3420 297
internal_value=-0.000283566 0.0402413 -0.0126271 0.0850836 -0.120297 -0.0834792
internal_weight=3022.22 2259.82 1037.43 1222.39 762.406 125.152
internal_count=13903 9891 4293 5598 4012 592
is_linear=0
shrinkage=0.1


Tree=8
num_leaves=7
num_cat=0
split_feature=2 8 0 11 1 0
split_gain=1263.41 454.873 206.172 204.375 18.9688 22.917
threshold=1.0000000180025095e-35 1.0000000180025095e-35 1.0000000180025095e-35 1.0000000180025095e-35 1.0000000180025095e-35 1.0000000180025095e-35
decision_type=2 2 2 2 2 2
left_child=1 3 -3 -1 5 -2
right_child=4 2 -4 -5 -6 -7
leaf_value=-0.015341713479738893 -0.039099968586067846 0.033024313591432368 -0.059309476453339463 0.094602383321920058 -0.12307046510515177 -0.12740325599550034
leaf_weight=201.28621116280556 68.174238875508308 469.28387062251568 496.9194857776165 1047.2788255363703 595.81149101257324 52.504049688577652
leaf_count=882 295 1933 2074 5002 3420 297
internal_value=-0.00030879 0.0370371 -0.0144753 0.0768798 -0.115641 -0.0782498
internal_weight=2931.26 2214.77 966.203 1248.57 716.49 120.678
internal_count=13903 9891 4007 5884 4012 592
is_linear=0
shrinkage=0.1


Tree=9
num_leaves=8
num_cat=0
split_feature=2 6 4 12 1 8 9
split_gain=1088.02 401.098 288.657 61.4061 19.1533 22.4179 0.0449088
threshold=1.0000000180025095e-35 1.0000000180025095e-35 1.0000000180025095e-35 1.0000000180025095e-35 1.0000000180025095e-35 1.0000000180025095e-35 1.0000000180025095e-35
decision_type=2 2 2 2 2 2 2
left_child=1 2 -1 -3 5 -2 -6
right_child=4 3 -4 -5 6 -7 -8
leaf_value=-0.054639002165326224 -0.027428059232379967 -0.12210541949311604 0.069755879047792915 -0.032525940446174045 -0.11358294609210547 -0.11556207507226729 -0.12386243630916766
leaf_weight=211.29142270982265 56.414458855986595 101.27628181874752 1550.2448854148388 308.90443599224091 258.51016187667847 59.881749242544174 296.83202004432678
leaf_count=889 281 456 7276 1270 1592 311 1828
internal_value=-0.00032903 0.0340774 0.0548125 -0.0548869 -0.111466 -0.0734072 -0.11929
internal_weight=2843.36 2171.72 1761.54 410.181 671.638 116.296 555.342
internal_count=13903 9891 8165 1726 4012 592 3420
is_linear=0
shrinkage=0.1


Tree=10
num_leaves=8
num_cat=0
split_feature=2 9 3 11 1 0 9
split_gain=937.881 360.976 182.379 151.001 19.8161 23.4263 0.154307
threshold=1.0000000180025095e-35 1.0000000180025095e-35 1.0000000180025095e-35 1.0000000180025095e-35 1.0000000180025095e-35 1.0000000180025095e-35 1.0000000180025095e-35
decision_type=2 2 2 2 2 2 2
left_child=1 3 -3 -1 5 -2 -6
right_child=4 2 -4 -5 6 -7 -8
leaf_value=-0.013829196813130549 -0.029313512146491125 -0.10076743538922897 0.008359542798096229 0.08665169215684973 -0.10998211701642829 -0.12192236108890531 -0.12074930948396936
leaf_weight=177.67128781974316 65.86160147190094 186.78495422005653 829.62806907296181 935.79813845455647 241.20439481735229 46.752816125750542 275.17520588636398
leaf_count=795 295 823 3470 4803 1592 297 1828
internal_value=-0.00037787 0.0313135 -0.0117739 0.0706204 -0.10757 -0.0684956 -0.115942
internal_weight=2758.88 2129.88 1016.41 1113.47 628.994 112.614 516.38
internal_count=13903 9891 4293 5598 4012 592 3420
is_linear=0
shrinkage=0.1


Tree=11
num_leaves=8
num_cat=0
split_feature=2 0 8 6 1 0 9
split_gain=810.916 341.622 166.132 165.025 20.0418 22.2018 0.274283
threshold=1.0000000180025095e-35 1.0000000180025095e-35 1.0000000180025095e-35 1.0000000180025095e-35 1.0000000180025095e-35 1.0000000180025095e-35 1.0000000180025095e-35
decision_type=2 2 2 2 2 2 2
left_child=1 3 -3 -1 5 -2 -6
right_child=4 2 -4 -5 6 -7 -8
leaf_value=0.087771367441380269 -0.026693092743748544 0.025549881758906663 -0.054373319009734883 -0.015486787806616796 -0.10666810704386372 -0.11897424361667581 -0.11803049468356273
leaf_weight=857.23789761960506 65.227237522602081 557.43044573068619 485.87307539582253 188.49668276309967 224.71264672279358 43.321299031376839 254.44992208480835
leaf_count=4195 295 2853 2074 769 1592 297 1828
internal_value=-0.000403017 0.028798 -0.0116873 0.0691618 -0.104072 -0.064272 -0.112935
internal_weight=2676.75 2089.04 1043.3 1045.73 587.711 108.549 479.163
internal_count=13903 9891 4927 4964 4012 592 3420
is_linear=0
shrinkage=0.1


Tree=12
num_leaves=8
num_cat=0
split_feature=2 0 4 8 1 8 9
split_gain=702.042 286.483 155.699 135.806 20.2572 22.0875 0.403685
threshold=1.0000000180025095e-35 1.0000000180025095e-35 1.0000000180025095e-35 1.0000000180025095e-35 1.0000000180025095e-35 1.0000000180025095e-35 1.0000000180025095e-35
decision_type=2 2 2 2 2 2 2
left_child=1 2 -1 -3 5 -2 -6
right_child=4 3 -4 -5 6 -7 -8
leaf_value=-0.034675871407149769 -0.013636529314419174 0.023264724162032045 0.079546898186966628 -0.049318874644765615 -0.10357805546783115 -0.10538014529442959 -0.11563608280531311
leaf_weight=137.45616248250008 52.086541250348091 551.39427037537098 880.05440486967564 482.39004573225975 209.11187386512756 52.594695210456848 234.77722018957138
leaf_count=585 281 2853 4379 2074 1592 311 1828
internal_value=-0.00042446 0.0264558 0.0640976 -0.0106196 -0.100804 -0.060292 -0.110201
internal_weight=2599.87 2051.29 1017.51 1033.78 548.57 104.681 443.889
internal_count=13903 9891 4964 4927 4012 592 3420
is_linear=0
shrinkage=0.1


Tree=13
num_leaves=8
num_cat=0
split_feature=2 10 11 12 1 0 9
split_gain=607.776 255.666 216.804 78.3013 20.8186 22.3492 0.541768
threshold=1.0000000180025095e-35 1.0000000180025095e-35 1.0000000180025095e-35 1.0000000180025095e-35 1.0000000180025095e-35 1.0000000180025095e-35 1.0000000180025095e-35
decision_type=2 2 2 2 2 2 2
left_child=1 2 -1 -3 5 -2 -6
right_child=4 3 -4 -5 6 -7 -8
leaf_value=-0.032166917578340344 -0.018975394134941231 -0.10001320185941927 0.065736824854972439 -0.012045971032193445 -0.1006609621607104 -0.11533234977864476 -0.11351020194602113
leaf_weight=280.11663827300072 63.133765563368797 130.28455598652363 1162.5593512952328 442.93763764202595 194.44274872541428 38.404317274689674 216.22709164023399
leaf_count=1250 295 622 6162 1857 1592 297 1828
internal_value=-0.000444548 0.024279 0.0467183 -0.0321789 -0.0976066 -0.0561894 -0.107686
internal_weight=2528.11 2015.9 1442.68 573.222 512.208 101.538 410.67
internal_count=13903 9891 7412 2479 4012 592 3420
is_linear=0
shrinkage=0.1


Tree=14
num_leaves=8
num_cat=0
split_feature=2 4 0 9 1 0 9
split_gain=527.18 241.741 219.824 41.3703 20.9374 21.0351 0.687934
threshold=1.0000000180025095e-35 1.0000000180025095e-35 1.0000000180025095e-35 1.0000000180025095e-35 1.0000000180025095e-35 1.0000000180025095e-35 1.0000000180025095e-35
decision_type=2 2 2 2 2 2 2
left_child=1 3 -3 -1 5 -2 -6
right_child=4 2 -4 -5 6 -7 -8
leaf_value=-0.03108241472500671 -0.017234804142311651 0.072397810397479709 0.0010560094369517332 -0.11249578143358818 -0.097875054958786359 -0.11315035766443518 -0.11160743570267749
leaf_weight=135.35300803184509 62.68453261256218 837.09158301353455 891.21645480394363 116.56728658080101 180.7186034321785 35.403660111129284 198.8310387134552
leaf_count=585 295 4379 4375 552 1592 297 1828
internal_value=-0.000468039 0.0222863 0.0356317 -0.0690494 -0.0946541 -0.0526468 -0.105343
internal_weight=2457.87 1980.23 1728.31 251.92 477.638 98.0882 379.55
internal_count=13903 9891 8754 1137 4012 592 3420
is_linear=0
shrinkage=0.1


Tree=15
num_leaves=8
num_cat=0
split_feature=2 9 5 12 1 8 9
split_gain=457.258 219.878 122.127 117.723 21.0003 21.5108 0.841656
threshold=1.0000000180025095e-35 1.0000000180025095e-35 1.0000000180025095e-35 1.0000000180025095e-35 1.0000000180025095e-35 1.0000000180025095e-35 1.0000000180025095e-35
decision_type=2 2 2 2 2 2 2
left_child=1 2 -1 -3 5 -2 -6
right_child=4 3 -4 -5 6 -7 -8
leaf_value=-0.072850671095862671 -0.0024690706732756287 -0.07650490868165491 0.063564679520970127 0.0058242669331325927 -0.095185749175227 -0.097271711790789986 -0.10989046391727997
leaf_weight=69.900425180792809 48.545456975698471 225.32898910343647 910.29445074498653 746.12815198302269 167.93255841732025 46.31217173486948 182.59167638421059
leaf_count=285 281 1065 5313 3228 1592 311 1828
internal_value=-0.000492997 0.0203811 0.0537722 -0.013331 -0.0918035 -0.0492863 -0.103136
internal_weight=2397.03 1951.65 980.195 971.457 445.382 94.8576 350.524
internal_count=13903 9891 5598 4293 4012 592 3420
is_linear=0
shrinkage=0.1


Tree=16
num_leaves=8
num_cat=0
split_feature=2 0 6 4 1 0 9
split_gain=396.73 213.003 127.218 106.811 21.3053 20.8038 1.00234
threshold=1.0000000180025095e-35 1.0000000180025095e-35 1.0000000180025095e-35 1.0000000180025095e-35 1.0000000180025095e-35 1.0000000180025095e-35 1.0000000180025095e-35
decision_type=2 2 2 2 2 2 2
left_child=1 2 -1 -3 5 -2 -6
right_child=4 3 -4 -5 6 -7 -8
leaf_value=0.071440314379717915 -0.011181035107145439 -0.10564795528981404 -0.021273788015083801 -0.0018733009779177815 -0.092564382520087585 -0.11058403100172194 -0.10832813300281308
leaf_weight=744.95505867898464 60.899520307779312 110.85566152632236 184.13930676877499 875.69553546607494 156.06297862529755 31.392702162265778 167.49052277207375
leaf_count=4195 295 552 769 4375 1592 297 1828
internal_value=-0.000502426 0.018727 0.053062 -0.0136293 -0.0889176 -0.0458154 -0.101033
internal_weight=2331.49 1915.65 929.094 986.551 415.846 92.2922 323.554
internal_count=13903 9891 4964 4927 4012 592 3420
is_linear=0
shrinkage=0.1


Tree=17
num_leaves=8
num_cat=0
split_feature=2 11 10 0 1 8 0
split_gain=344.403 193.882 179.605 22.2519 21.1995 19.8691 1.17752
threshold=1.0000000180025095e-35 1.0000000180025095e-35 1.0000000180025095e-35 1.0000000180025095e-35 1.0000000180025095e-35 1.0000000180025095e-35 1.0000000180025095e-35
decision_type=2 2 2 2 2 2 2
left_child=1 3 -3 -1 5 -2 -6
right_child=4 2 -4 -5 6 -7 -8
leaf_value=-0.019339501007973464 0.0021383378111614845 0.055477191199968516 -0.019242272516186883 -0.069191240887496758 -0.090333666131597018 -0.091623055306781054 -0.10726823681138231
leaf_weight=157.1686739474535 47.072015836834908 1061.4149553477764 460.81519523262978 210.32430298626423 151.48010648787022 42.396617271006107 147.09157924354076
leaf_count=730 281 6162 2053 946 1734 311 1686
internal_value=-0.000509143 0.0171219 0.0328601 -0.0479811 -0.086194 -0.0428141 -0.0990067
internal_weight=2277.76 1889.72 1522.23 367.493 388.04 89.4686 298.572
internal_count=13903 9891 8215 1676 4012 592 3420
is_linear=0
shrinkage=0.1


Tree=18
num_leaves=8
num_cat=0
split_feature=2 0 5 4 1 0 9
split_gain=298.711 173.105 98.2116 88.0242 21.2667 20.291 1.4282
threshold=1.0000000180025095e-35 1.0000000180025095e-35 1.0000000180025095e-35 1.0000000180025095e-35 1.0000000180025095e-35 1.0000000180025095e-35 1.0000000180025095e-35
decision_type=2 2 2 2 2 2 2
left_child=1 2 -1 -3 5 -2 -6
right_child=4 3 -4 -5 6 -7 -8
leaf_value=-0.067914217858824746 -0.0061559596040868594 -0.098308363124963799 0.057012661688773919 -0.0028302134572564955 -0.087190014735715804 -0.10845244782320261 -0.1056646270060539
leaf_weight=67.300973862409592 59.336623817682266 107.71799965202808 823.09511445462704 863.99461311101913 134.00492988526821 27.897471494972706 141.5081590116024
leaf_count=287 295 552 4677 4375 1592 297 1828
internal_value=-0.000505578 0.0156777 0.0475044 -0.0135045 -0.0833947 -0.0397288 -0.0970267
internal_weight=2224.86 1862.11 890.396 971.713 362.747 87.2341 275.513
internal_count=13903 9891 4964 4927 4012 592 3420
is_linear=0
shrinkage=0.1


Tree=19
num_leaves=8
num_cat=0
split_feature=2 9 11 12 1 0 9
split_gain=259.162 165.93 94.7126 88.5431 20.9703 18.8104 1.6027
threshold=1.0000000180025095e-35 1.0000000180025095e-35 1.0000000180025095e-35 1.0000000180025095e-35 1.0000000180025095e-35 1.0000000180025095e-35 1.0000000180025095e-35
decision_type=2 2 2 2 2 2 2
left_child=1 2 -1 -3 5 -2 -6
right_child=4 3 -4 -5 6 -7 -8
leaf_value=-0.022528157581572339 -0.0055656462829885428 -0.071413684900108007 0.060671994373754735 0.0016380275102868506 -0.084645564482931979 -0.10690670576140007 -0.10441675902577581
leaf_weight=167.85274986922741 59.18170727789402 213.72562897205353 728.52514930069447 729.76023070514202 124.74130056798458 25.602778472006321 129.50569496303797
leaf_count=795 295 1065 4803 3228 1592 297 1828
internal_value=-0.000517882 0.0142979 0.0450845 -0.0149683 -0.080726 -0.0370576 -0.095086
internal_weight=2178.9 1839.86 896.378 943.486 339.031 84.7845 254.247
internal_count=13903 9891 5598 4293 4012 592 3420
is_linear=0
shrinkage=0.1


Tree=20
num_leaves=7
num_cat=0
split_feature=1 6 0 12 0 9
split_gain=227.476 167.732 145.167 18.3872 1.78247 3.71016
threshold=1.0000000180025095e-35 1.0000000180025095e-35 1.0000000180025095e-35 1.0000000180025095e-35 1.0000000180025095e-35 1.0000000180025095e-35
decision_type=2 2 2 2 2 2
left_child=1 2 -1 -3 5 -2
right_child=4 3 -4 -5 -6 -7
leaf_value=0.058766493076285911 -0.062904077411640419 -0.090515097386313401 -0.0035554743004595313 -0.035934091791596616 -0.10357721312615056 -0.10082504974684287
leaf_weight=717.67648643255234 60.352926135063171 76.452247351408005 778.5303843319416 321.38166048377752 114.73908331990242 59.597332112491131
leaf_count=4407 821 456 4180 1440 1686 913
internal_value=-0.000511616 0.0110116 0.0263574 -0.0466236 -0.0931608 -0.082423
internal_weight=2128.73 1894.04 1496.21 397.834 234.689 119.95
internal_count=13903 10483 8587 1896 3420 1734
is_linear=0
shrinkage=0.1


Tree=21
num_leaves=8
num_cat=0
split_feature=2 11 5 1 8 10 9
split_gain=201.63 142.734 133.716 17.5975 17.3683 15.725 1.96533
threshold=1.0000000180025095e-35 1.0000000180025095e-35 1.0000000180025095e-35 1.0000000180025095e-35 1.0000000180025095e-35 1.0000000180025095e-35 1.0000000180025095e-35
decision_type=2 2 2 2 2 2 2
left_child=1 5 -3 4 -2 -1 -5
right_child=3 2 -4 6 -6 -7 -8
leaf_value=-0.031310183080029912 0.0054986659117127398 -0.09336942057858251 0.034266528001775973 -0.079528422422257883 -0.085592688940751657 -0.079092479494028547 -0.10212887146775347
leaf_weight=269.16675463318825 45.224972829222679 86.48259074985981 1339.4648637324572 108.39618836343288 37.786559969186783 92.953358203172684 108.41542737185955
leaf_count=1250 281 408 7807 1592 311 426 1828
internal_value=-0.000510006 0.012227 0.0264655 -0.0762583 -0.0364911 -0.0437596 -0.0912467
internal_weight=2087.89 1788.07 1425.95 299.823 83.0115 362.12 216.812
internal_count=13903 9891 8215 4012 592 1676 3420
is_linear=0
shrinkage=0.1


Tree=22
num_leaves=7
num_cat=0
split_feature=1 9 0 4 0 9
split_gain=175.971 137.306 88.8567 64.4571 2.18702 4.0986
threshold=1.0000000180025095e-35 1.0000000180025095e-35 1.0000000180025095e-35 1.0000000180025095e-35 1.0000000180025095e-35 1.0000000180025095e-35
decision_type=2 2 2 2 2 2
left_child=1 2 -1 -3 5 -2
right_child=4 3 -4 -5 -6 -7
leaf_value=0.07079919395419336 -0.055986876720308845 -0.093803274265383582 0.0074752349140226014 -0.0082953617749029537 -0.10139685491413253 -0.098188690119296873
leaf_weight=420.09324429929256 53.469040848314762 97.172780424356461 468.28166916966438 866.9330673366785 96.950506065040827 49.929684098809958
leaf_count=3042 821 552 2822 4067 1686 913
internal_value=-0.000520899 0.00912462 0.0374657 -0.017002 -0.0893082 -0.0771108
internal_weight=2052.83 1852.48 888.375 964.106 200.349 103.399
internal_count=13903 10483 5864 4619 3420 1734
is_linear=0
shrinkage=0.1


Tree=23
num_leaves=7
num_cat=0
split_feature=2 0 4 4 0 8
split_gain=157.17 117.69 69.9837 61.1387 17.5819 18.5122
threshold=1.0000000180025095e-35 1.0000000180025095e-35 1.0000000180025095e-35 1.0000000180025095e-35 1.0000000180025095e-35 1.0000000180025095e-35
decision_type=2 2 2 2 2 2
left_child=1 2 -1 -3 5 -2
right_child=4 3 -4 -5 -6 -7
leaf_value=-0.030948999703477344 -0.018771321024546803 -0.087776628197977311 0.050798408949136092 -0.0048707953335007754 -0.1022054930463074 -0.088238911293883004
leaf_weight=122.86546975374222 87.460774198174477 98.471938759088516 686.01850436627865 842.33805619180202 111.23518616706133 68.330684825778008
leaf_count=585 1037 552 4379 4375 1983 992
internal_value=-0.000506684 0.0104112 0.0383585 -0.0136323 -0.0718184 -0.0496085
internal_weight=2016.72 1749.69 808.884 940.81 267.027 155.791
internal_count=13903 9891 4964 4927 4012 2029
is_linear=0
shrinkage=0.1


Tree=24
num_leaves=7
num_cat=0
split_feature=1 6 11 12 9 0
split_gain=138.876 127.648 120.516 13.555 2.39638 3.8456
threshold=1.0000000180025095e-35 1.0000000180025095e-35 1.0000000180025095e-35 1.0000000180025095e-35 1.0000000180025095e-35 1.0000000180025095e-35
decision_type=2 2 2 2 2 2
left_child=1 2 -1 -3 5 -2
right_child=4 3 -4 -5 -6 -7
leaf_value=-0.032170906268466692 -0.052080355438614293 -0.083179019790940334 0.037257834976674911 -0.034287418515756611 -0.099060554621357141 -0.095888661171125544
leaf_weight=322.44935534149408 50.121956445276737 69.198111198842525 1102.1002751588821 316.46823701262474 83.458057783544064 39.945564642548561
leaf_count=1589 821 456 6998 1440 1828 771
internal_value=-0.000496707 0.00771266 0.021531 -0.0432522 -0.0856902 -0.0723492
internal_weight=1983.74 1810.22 1424.55 385.666 173.526 90.0675
internal_count=13903 10483 8587 1896 3420 1592
is_linear=0
shrinkage=0.1


end of trees

feature_importances:
yr_lt=_0.5=34
hr_lt=_5.5=24
hr_lt=_6.5=22
temp_lt=_0.4699999988079071=22
temp_lt=_0.45000000298023224=11
hr_lt=_21.5=10
hum_lt=_0.8050000071525574=9
hr_lt=_19.5=8
hr_lt=_22.5=7
temp_lt=_0.3100000023841858=7
atemp_lt=_0.3409000039100647=4
hr_lt=_20.5=3
temp_lt=_0.3700000047683716=1

parameters:
[boosting: gbdt]
[objective: binary]
[metric: binary_logloss]
[tree_learner: serial]
[device_type: cpu]
[data_sample_strategy: bagging]
[data: ]
[valid: ]
[num_iterations: 25]
[learning_rate: 0.1]
[num_leaves: 31]
[num_threads: 8]
[seed: 42]
[deterministic: 0]
[force_col_wise: 0]
[force_row_wise: 0]
[histogram_pool_size: -1]
[max_depth: 3]
[min_data_in_leaf: 20]
[min_sum_hessian_in_leaf: 0.001]
[bagging_fraction: 1]
[pos_bagging_fraction: 1]
[neg_bagging_fraction: 1]
[bagging_freq: 0]
[bagging_seed: 400]
[bagging_by_query: 0]
[feature_fraction: 1]
[feature_fraction_bynode: 1]
[feature_fraction_seed: 30056]
[extra_trees: 0]
[extra_seed: 12879]
[early_stopping_round: 0]
[early_stopping_min_delta: 0]
[first_metric_only: 0]
[max_delta_step: 0]
[lambda_l1: 0]
[lambda_l2: 1]
[linear_lambda: 0]
[min_gain_to_split: 0]
[drop_rate: 0.1]
[max_drop: 50]
[skip_drop: 0.5]
[xgboost_dart_mode: 0]
[uniform_drop: 0]
[drop_seed: 17869]
[top_rate: 0.2]
[other_rate: 0.1]
[min_data_per_group: 100]
[max_cat_threshold: 32]
[cat_l2: 10]
[cat_smooth: 10]
[max_cat_to_onehot: 4]
[top_k: 20]
[monotone_constraints: ]
[monotone_constraints_method: basic]
[monotone_penalty: 0]
[feature_contri: ]
[forcedsplits_filename: ]
[refit_decay_rate: 0.9]
[cegb_tradeoff: 1]
[cegb_penalty_split: 0]
[cegb_penalty_feature_lazy: ]
[cegb_penalty_feature_coupled: ]
[path_smooth: 0]
[interaction_constraints: ]
[verbosity: -1]
[saved_feature_importance_type: 0]
[use_quantized_grad: 0]
[num_grad_quant_bins: 4]
[quant_train_renew_leaf: 0]
[stochastic_rounding: 1]
[linear_tree: 0]
[max_bin: 255]
[max_bin_by_feature: ]
[min_data_in_bin: 3]
[bin_construct_sample_cnt: 200000]
[data_random_seed: 175]
[is_enable_sparse: 1]
[enable_bundle: 1]
[use_missing: 1]
[zero_as_missing: 0]
[feature_pre_filter: 1]
[pre_partition: 0]
[two_round: 0]
[header: 0]
[label_column: ]
[weight_column: ]
[group_column: ]
[ignore_column: ]
[categorical_feature: ]
[forcedbins_filename: ]
[precise_float_parser: 0]
[parser_config_file: ]
[objective_seed: 16083]
[num_class: 1]
[is_unbalance: 0]
[scale_pos_weight: 1]
[sigmoid: 1]
[boost_from_average: 1]
[reg_sqrt: 0]
[alpha: 0.9]
[fair_c: 1]
[poisson_max_delta_step: 0.7]
[tweedie_variance_power: 1.5]
[lambdarank_truncation_level: 30]
[lambdarank_norm: 1]
[label_gain: ]
[lambdarank_position_bias_regularization: 0]
[eval_at: ]
[multi_error_top_k: 1]
[auc_mu_weights: ]
[num_machines: 1]
[local_listen_port: 12400]
[time_out: 120]
[machine_list_filename: ]
[machines: ]
[gpu_platform_id: -1]
[gpu_device_id: -1]
[gpu_use_dp: 0]
[num_gpu: 1]

end of parameters

pandas_categorical:[]
