tree
version=v4
num_class=1
num_tree_per_iteration=1
label_index=0
max_feature_idx=15
objective=binary sigmoid:1
feature_names=season_lt=_1.5 yr_lt=_0.5 hr_lt=_5.5 hr_lt=_6.5 hr_lt=_7.5 hr_lt=_21.5 hr_lt=_22.5 temp_lt=_0.3100000023841858 temp_lt=_0.3500000089406967 temp_lt=_0.3700000047683716 temp_lt=_0.45000000298023224 temp_lt=_0.4699999988079071 atemp_lt=_0.3257499933242798 atemp_lt=_0.5985000133514404 atemp_lt=_0.6136500239372253 hum_lt=_0.7950000166893005
feature_infos=[0:1] [0:1] [0:1] [0:1] [0:1] [0:1] [0:1] [0:1] [0:1] [0:1] [0:1] [0:1] [0:1] [0:1] [0:1] [0:1]
tree_sizes=893 904 901 904 897 903 907 909 1011 1018 1016 1019 1024 1018 1016 1022 1017 1024 1019 1021 910 1024 1026 1019 1024

Tree=0
num_leaves=7
num_cat=0
split_feature=3 9 6 1 2 1
split_gain=4990.34 1452.91 515.783 265.684 29.252 40.8909
threshold=1.0000000180025095e-35 1.0000000180025095e-35 1.0000000180025095e-35 1.0000000180025095e-35 1.0000000180025095e-35 1.0000000180025095e-35
decision_type=2 2 2 2 2 2
left_child=1 2 -1 -3 5 -2
right_child=4 3 -4 -5 -6 -7
leaf_value=-0.10720773748454829 -0.094061561585856407 0.017288904963985791 0.1336016562898662 -0.1051940292676538 -0.19955032351452004 -0.2011031766378146
leaf_weight=93.249594256281853 73.74967910349369 329.24856738746166 1668.7427390366793 381.49834004044533 854.99627977609634 74.249676927924156
leaf_count=373 295 1317 6675 1526 3420 297
internal_value=-0.00417176 0.0721425 0.120806 -0.0485042 -0.192202 -0.148724
internal_weight=3475.73 2472.74 1761.99 710.747 1003 147.999
internal_count=13903 9891 7048 2843 4012 592
is_linear=0
shrinkage=1


Tree=1
num_leaves=7
num_cat=0
split_feature=3 10 6 1 2 1
split_gain=4077.47 1210.41 356.469 355.463 24.4072 34.1902
threshold=1.0000000180025095e-35 1.0000000180025095e-35 1.0000000180025095e-35 1.0000000180025095e-35 1.0000000180025095e-35 1.0000000180025095e-35
decision_type=2 2 2 2 2 2
left_child=1 2 -1 -3 5 -2
right_child=4 3 -4 -5 -6 -7
leaf_value=-0.081376071797302468 -0.081204475046348118 0.045766997219827354 0.13845006899385709 -0.073465120583501825 -0.17768367280609054 -0.17934290771899247
leaf_weight=77.277739495038986 73.587112054228783 482.55366522073746 1387.30013859272 516.84847302734852 846.54459357261658 73.504318669438362
leaf_count=310 295 1933 5574 2074 3420 297
internal_value=-2.49091e-05 0.0689366 0.126803 -0.0159066 -0.17093 -0.131126
internal_weight=3457.62 2463.98 1464.58 999.402 993.636 147.091
internal_count=13903 9891 5884 4007 4012 592
is_linear=0
shrinkage=0.1


Tree=2
num_leaves=7
num_cat=0
split_feature=3 8 5 5 2 1
split_gain=3377.11 1021.96 430.026 159.694 21.6239 29.9192
threshold=1.0000000180025095e-35 1.0000000180025095e-35 1.0000000180025095e-35 1.0000000180025095e-35 1.0000000180025095e-35 1.0000000180025095e-35
decision_type=2 2 2 2 2 2
left_child=1 2 -1 -3 5 -2
right_child=4 3 -4 -5 -6 -7
leaf_value=-0.03879155674054266 -0.073607870636330772 -0.17762839519757256 0.11685171672921109 -0.028960803357624149 -0.16425675712759077 -0.16603754109824279
leaf_weight=198.66291102766991 73.186518922448158 82.856552496552467 1633.3988417088985 526.97410351037979 825.28937458992004 71.626787513494492
leaf_count=804 295 333 6636 2118 3420 297
internal_value=-5.62209e-05 0.0626516 0.0999623 -0.0494177 -0.157803 -0.12015
internal_weight=3412 2441.89 1832.06 609.831 970.103 144.813
internal_count=13903 9891 7440 2451 4012 592
is_linear=0
shrinkage=0.1


Tree=3
num_leaves=7
num_cat=0
split_feature=3 11 1 6 2 1
split_gain=2824.38 898.439 296.688 228.556 19.996 27.0402
threshold=1.0000000180025095e-35 1.0000000180025095e-35 1.0000000180025095e-35 1.0000000180025095e-35 1.0000000180025095e-35 1.0000000180025095e-35
decision_type=2 2 2 2 2 2
left_child=1 3 -3 -1 5 -2
right_child=4 2 -4 -5 -6 -7
leaf_value=-0.063598067247047141 -0.066883869763558534 0.043268654636285819 -0.062446391185787944 0.12080476110948656 -0.15371942308383846 -0.15564159835773117
leaf_weight=70.336978062987328 72.619701400399208 509.41693432629108 552.26513394713402 1281.0211971402168 795.26614844799042 68.971104070544243
leaf_count=285 295 2056 2237 5313 3420 297
internal_value=-0.000102344 0.057113 -0.0117291 0.111167 -0.147374 -0.110907
internal_weight=3349.9 2413.04 1061.68 1351.36 936.857 141.591
internal_count=13903 9891 4293 5598 4012 592
is_linear=0
shrinkage=0.1


Tree=4
num_leaves=7
num_cat=0
split_feature=3 7 5 5 2 1
split_gain=2381.67 779.759 397.971 64.7481 19.0649 25
threshold=1.0000000180025095e-35 1.0000000180025095e-35 1.0000000180025095e-35 1.0000000180025095e-35 1.0000000180025095e-35 1.0000000180025095e-35
decision_type=2 2 2 2 2 2
left_child=1 2 -1 -3 5 -2
right_child=4 3 -4 -5 -6 -7
leaf_value=-0.0482522277930304 -0.060876488708894394 -0.16531917998040419 0.095065099510030393 -0.054000021779787612 -0.14522896752875236 -0.14731434607518878
leaf_weight=217.52511058747768 71.941849291324615 60.475247085094452 1732.3339983969927 365.57350830733776 759.4768300652504 65.801598832011223
leaf_count=889 295 248 7276 1478 3420 297
internal_value=-0.00013662 0.0522853 0.0790602 -0.0701513 -0.138857 -0.102933
internal_weight=3273.13 2375.91 1949.86 426.049 897.22 137.743
internal_count=13903 9891 8165 1726 4012 592
is_linear=0
shrinkage=0.1


Tree=5
num_leaves=7
num_cat=0
split_feature=3 0 15 1 2 1
split_gain=2019.28 706.151 408.353 209.159 18.5766 23.4817
threshold=1.0000000180025095e-35 1.0000000180025095e-35 1.0000000180025095e-35 1.0000000180025095e-35 1.0000000180025095e-35 1.0000000180025095e-35
decision_type=2 2 2 2 2 2
left_child=1 2 -1 -3 5 -2
right_child=4 3 -4 -5 -6 -7
leaf_value=-0.024281264595590546 -0.055470431041288959 0.012952102071335347 0.1027390900676458 -0.10469625396080273 -0.13823900978739831 -0.14051066799378928
leaf_weight=307.16220289468765 71.195193454623222 304.9376088231802 1428.0334488302469 298.18546392023563 720.16593754291534 62.316531836986542
leaf_count=1299 295 1248 6117 1227 3420 297
internal_value=-0.000194377 0.0478661 0.0802531 -0.0452905 -0.131739 -0.0959124
internal_weight=3192 2338.32 1735.2 603.123 853.678 133.512
internal_count=13903 9891 7416 2475 4012 592
is_linear=0
shrinkage=0.1


Tree=6
num_leaves=7
num_cat=0
split_feature=3 11 5 15 2 10
split_gain=1720.09 627.062 255.554 193.38 18.3796 22.869
threshold=1.0000000180025095e-35 1.0000000180025095e-35 1.0000000180025095e-35 1.0000000180025095e-35 1.0000000180025095e-35 1.0000000180025095e-35
decision_type=2 2 2 2 2 2
left_child=1 3 -3 -1 5 -2
right_child=4 2 -4 -5 -6 -7
leaf_value=-0.003100686532600361 -0.04435874871398976 -0.14234905404165146 0.0054967158152547354 0.10759083375645251 -0.13237850415608524 -0.12944003291619485
leaf_weight=184.94169047474861 61.390033394098282 133.12759591639042 910.46248097717762 1073.3290819227695 679.01006877422333 67.686178103089333
leaf_count=795 281 552 3741 4803 3420 311
internal_value=-0.000240593 0.0438275 -0.0134817 0.0913318 -0.125669 -0.0896266
internal_weight=3109.95 2301.86 1043.59 1258.27 808.086 129.076
internal_count=13903 9891 4293 5598 4012 592
is_linear=0
shrinkage=0.1


Tree=7
num_leaves=7
num_cat=0
split_feature=3 0 15 1 2 1
split_gain=1470.89 536.232 307.48 170.953 18.8607 24.1307
threshold=1.0000000180025095e-35 1.0000000180025095e-35 1.0000000180025095e-35 1.0000000180025095e-35 1.0000000180025095e-35 1.0000000180025095e-35
decision_type=2 2 2 2 2 2
left_child=1 2 -1 -3 5 -2
right_child=4 3 -4 -5 -6 -7
leaf_value=-0.020814685255664593 -0.042868102041098227 0.011591867269247477 0.089809230378588581 -0.095409790255414101 -0.12738579391140517 -0.13168221079040038
leaf_weight=307.87558108568192 68.950427621603012 302.80725014209747 1357.2973597347736 293.18728548288345 637.25396990776062 56.201514601707458
leaf_count=1299 295 1248 6117 1227 3420 297
internal_value=-0.000272341 0.0402321 0.0693556 -0.041117 -0.120297 -0.0834792
internal_weight=3023.57 2261.17 1665.17 595.995 762.406 125.152
internal_count=13903 9891 7416 2475 4012 592
is_linear=0
shrinkage=0.1


Tree=8
num_leaves=8
num_cat=0
split_feature=3 13 5 6 2 1 14
split_gain=1262.5 481.862 279.475 72.2468 18.9688 22.917 0.163077
threshold=1.0000000180025095e-35 1.0000000180025095e-35 1.0000000180025095e-35 1.0000000180025095e-35 1.0000000180025095e-35 1.0000000180025095e-35 1.0000000180025095e-35
decision_type=2 2 2 2 2 2 2
left_child=1 3 -3 -1 5 -2 -6
right_child=4 2 -4 -5 6 -7 -8
leaf_value=-0.043606515362335327 -0.039099968586067846 -0.10455812539347353 0.021421943709212105 0.10971328472573148 -0.10989078591213704 -0.12740325599550034 -0.12502447318414681
leaf_weight=31.629207819700241 68.174238875508308 203.10413332283497 1282.1044151932001 703.82860289514065 84.319520950317383 52.504049688577652 511.49197006225586
leaf_count=127 295 857 5511 3396 484 297 2936
internal_value=-0.000312818 0.0369327 0.00413525 0.103069 -0.115641 -0.0782498 -0.12307
internal_weight=2937.16 2220.67 1485.21 735.458 716.49 120.678 595.811
internal_count=13903 9891 6368 3523 4012 592 3420
is_linear=0
shrinkage=0.1


Tree=9
num_leaves=8
num_cat=0
split_feature=3 12 5 1 2 10 14
split_gain=1086.86 456.514 255.326 64.488 19.1592 22.4179 0.258507
threshold=1.0000000180025095e-35 1.0000000180025095e-35 1.0000000180025095e-35 1.0000000180025095e-35 1.0000000180025095e-35 1.0000000180025095e-35 1.0000000180025095e-35
decision_type=2 2 2 2 2 2 2
left_child=1 2 -1 -3 5 -2 -6
right_child=4 3 -4 -5 6 -7 -8
leaf_value=-0.045395884966169746 -0.027428059232379967 -0.0097539763940506403 0.073881611636114564 -0.080880550894968636 -0.10569479735366223 -0.11556207507226729 -0.12133252255461356
leaf_weight=203.83558537065983 56.414458855986595 234.64091755449772 1464.1753382831812 278.90101070702076 79.205665349960327 59.881749242544174 476.19843018054962
leaf_count=854 281 952 6899 1186 484 311 2936
internal_value=-0.000341091 0.0339116 0.0592871 -0.0484644 -0.111472 -0.0734072 -0.119296
internal_weight=2853.25 2181.55 1668.01 513.542 671.7 116.296 555.404
internal_count=13903 9891 7753 2138 4012 592 3420
is_linear=0
shrinkage=0.1


Tree=10
num_leaves=8
num_cat=0
split_feature=3 11 1 1 2 1 14
split_gain=937.248 401.57 173.445 138.672 19.8219 23.4263 0.365257
threshold=1.0000000180025095e-35 1.0000000180025095e-35 1.0000000180025095e-35 1.0000000180025095e-35 1.0000000180025095e-35 1.0000000180025095e-35 1.0000000180025095e-35
decision_type=2 2 2 2 2 2 2
left_child=1 3 -3 -1 5 -2 -6
right_child=4 2 -4 -5 6 -7 -8
leaf_value=0.10630759335713913 -0.029313512146491125 0.028472358027370543 -0.054113981634649602 0.035856223052462811 -0.10180472570060815 -0.12192236108890531 -0.11809027519730264
leaf_weight=581.23100316524506 65.86160147190094 490.05012933909893 526.5777191221714 540.06373064219952 74.302094757556915 46.752816125750542 442.12686622142792
leaf_count=2908 295 2056 2237 2690 484 297 2936
internal_value=-0.000379002 0.0311971 -0.0143156 0.0724374 -0.107575 -0.0684956 -0.115948
internal_weight=2766.97 2137.92 1016.63 1121.29 629.043 112.614 516.429
internal_count=13903 9891 4293 5598 4012 592 3420
is_linear=0
shrinkage=0.1


Tree=11
num_leaves=8
num_cat=0
split_feature=3 13 1 6 2 1 14
split_gain=810.318 361.183 219.238 58.5911 20.0475 22.2018 0.480867
threshold=1.0000000180025095e-35 1.0000000180025095e-35 1.0000000180025095e-35 1.0000000180025095e-35 1.0000000180025095e-35 1.0000000180025095e-35 1.0000000180025095e-35
decision_type=2 2 2 2 2 2 2
left_child=1 3 -3 -1 5 -2 -6
right_child=4 2 -4 -5 6 -7 -8
leaf_value=-0.041792202511064781 -0.026693092743748544 0.040444947577146499 -0.037529866695394792 0.096672682026290535 -0.098152533901306849 -0.11897424361667581 -0.11521095814247771
leaf_weight=31.590041369199753 65.227237522602081 704.95872233808041 736.04878111183643 626.7280847132206 69.639835894107819 43.321299031376839 409.55937695503235
leaf_count=127 295 3121 3247 3396 484 297 2936
internal_value=-0.000395098 0.0286685 0.000617973 0.089975 -0.104077 -0.064272 -0.112941
internal_weight=2687.07 2099.33 1441.01 658.318 587.748 108.549 479.199
internal_count=13903 9891 6368 3523 4012 592 3420
is_linear=0
shrinkage=0.1


Tree=12
num_leaves=8
num_cat=0
split_feature=3 0 15 1 2 10 14
split_gain=701.715 338.976 229.767 90.4821 20.2629 22.0875 0.603588
threshold=1.0000000180025095e-35 1.0000000180025095e-35 1.0000000180025095e-35 1.0000000180025095e-35 1.0000000180025095e-35 1.0000000180025095e-35 1.0000000180025095e-35
decision_type=2 2 2 2 2 2 2
left_child=1 2 -1 -3 5 -2 -6
right_child=4 3 -4 -5 6 -7 -8
leaf_value=-0.027112053589316322 -0.013636529314419174 -0.00032120757137001738 0.071079180509019416 -0.079769055308694131 -0.094684273741292319 -0.10538014529442959 -0.11262574968340913
leaf_weight=297.21210639178753 52.086541250348091 294.60529248416424 1192.2340121418238 278.22366833686829 65.237387955188751 52.594695210456848 378.67559909820557
leaf_count=1299 281 1248 6117 1227 484 311 2936
internal_value=-0.000399724 0.0263468 0.0514805 -0.0389809 -0.10081 -0.060292 -0.110208
internal_weight=2610.87 2062.28 1489.45 572.829 548.594 104.681 443.913
internal_count=13903 9891 7416 2475 4012 592 3420
is_linear=0
shrinkage=0.1


Tree=13
num_leaves=8
num_cat=0
split_feature=3 7 5 5 2 1 14
split_gain=607.574 305.23 231.277 42.7333 20.8243 22.3492 0.732017
threshold=1.0000000180025095e-35 1.0000000180025095e-35 1.0000000180025095e-35 1.0000000180025095e-35 1.0000000180025095e-35 1.0000000180025095e-35 1.0000000180025095e-35
decision_type=2 2 2 2 2 2 2
left_child=1 2 -1 -3 5 -2 -6
right_child=4 3 -4 -5 6 -7 -8
leaf_value=-0.054935030994820527 -0.018975394134941231 -0.13824876508215109 0.057850307598585407 -0.041245773915489101 -0.091356993770433367 -0.11533234977864476 -0.11027910129394286
leaf_weight=207.71767251193523 63.133765563368797 51.642028570175171 1418.4819583892822 347.00514255464077 61.103730082511902 38.404317274689674 349.57733845710754
leaf_count=889 295 248 7276 1478 484 297 2936
internal_value=-0.000424103 0.0241973 0.0434191 -0.0541263 -0.0976123 -0.0561894 -0.107693
internal_weight=2537.07 2024.85 1626.2 398.647 512.219 101.538 410.681
internal_count=13903 9891 8165 1726 4012 592 3420
is_linear=0
shrinkage=0.1


Tree=14
num_leaves=8
num_cat=0
split_feature=3 13 5 1 2 1 14
split_gain=526.916 273.664 178.218 59.7542 20.9432 21.0351 0.8649
threshold=1.0000000180025095e-35 1.0000000180025095e-35 1.0000000180025095e-35 1.0000000180025095e-35 1.0000000180025095e-35 1.0000000180025095e-35 1.0000000180025095e-35
decision_type=2 2 2 2 2 2 2
left_child=1 3 -3 -1 5 -2 -6
right_child=4 2 -4 -5 6 -7 -8
leaf_value=0.11041517965890375 -0.017234804142311651 -0.090818661120187522 0.012432393177792614 0.046431138978236981 -0.088136451524304882 -0.11315035766443518 -0.10812548287030313
leaf_weight=301.67072005569935 62.68453261256218 193.02482172846794 1206.8753959536552 286.68240094184875 57.240723013877869 35.403660111129284 322.30757921934128
leaf_count=1843 295 857 5511 1680 484 297 2936
internal_value=-0.000460104 0.0222056 -0.00185901 0.0793698 -0.0946597 -0.0526468 -0.10535
internal_weight=2465.89 1988.25 1399.9 588.353 477.636 98.0882 379.548
internal_count=13903 9891 6368 3523 4012 592 3420
is_linear=0
shrinkage=0.1


Tree=15
num_leaves=8
num_cat=0
split_feature=3 0 15 1 2 10 11
split_gain=457.383 247.418 184.428 76.7713 21.0061 21.5108 1.0184
threshold=1.0000000180025095e-35 1.0000000180025095e-35 1.0000000180025095e-35 1.0000000180025095e-35 1.0000000180025095e-35 1.0000000180025095e-35 1.0000000180025095e-35
decision_type=2 2 2 2 2 2 2
left_child=1 2 -1 -3 5 -2 -6
right_child=4 3 -4 -5 6 -7 -8
leaf_value=-0.027746621024687515 -0.0024690706732756287 -5.201478427447866e-05 0.061528405188778085 -0.074105214828905627 -0.094741821108460952 -0.097271711790789986 -0.1101247687866741
leaf_weight=291.98908843100071 48.545456975698471 290.23180550336838 1105.0912674367428 269.44757404923439 165.67731419205666 46.31217173486948 184.83314576745033
leaf_count=1299 281 1248 6117 1227 1592 311 1828
internal_value=-0.000462215 0.020365 0.0428635 -0.0357722 -0.091809 -0.0492863 -0.103144
internal_weight=2402.13 1956.76 1397.08 559.679 445.368 94.8576 350.51
internal_count=13903 9891 7416 2475 4012 592 3420
is_linear=0
shrinkage=0.1


Tree=16
num_leaves=8
num_cat=0
split_feature=3 1 7 13 2 1 14
split_gain=396.711 221.335 158.255 107.035 21.309 20.8038 1.20189
threshold=1.0000000180025095e-35 1.0000000180025095e-35 1.0000000180025095e-35 1.0000000180025095e-35 1.0000000180025095e-35 1.0000000180025095e-35 1.0000000180025095e-35
decision_type=2 2 2 2 2 2 2
left_child=1 2 -1 -3 5 -2 -6
right_child=4 3 -4 -5 6 -7 -8
leaf_value=0.073496800677947186 -0.011181035107145439 0.038650059202160275 -0.028723034665764098 -0.035198651168987766 -0.081555040022626257 -0.11058403100172194 -0.10428387989158452
leaf_weight=757.93906360864639 60.899520307779312 270.76387944817543 188.63793011009693 705.97144131362438 49.935387074947357 31.392702162265778 273.6130285859108
leaf_count=4195 295 1680 769 3247 484 297 2936
internal_value=-0.00047608 0.018683 0.0531172 -0.0147082 -0.0889212 -0.0458154 -0.101038
internal_weight=2339.15 1923.31 946.577 976.735 415.841 92.2922 323.548
internal_count=13903 9891 4964 4927 4012 592 3420
is_linear=0
shrinkage=0.1


Tree=17
num_leaves=8
num_cat=0
split_feature=3 5 0 10 2 10 11
split_gain=344.625 204.745 182.631 50.9142 21.2029 19.8691 1.37663
threshold=1.0000000180025095e-35 1.0000000180025095e-35 1.0000000180025095e-35 1.0000000180025095e-35 1.0000000180025095e-35 1.0000000180025095e-35 1.0000000180025095e-35
decision_type=2 2 2 2 2 2 2
left_child=1 3 -3 -1 5 -2 -6
right_child=4 2 -4 -5 6 -7 -8
leaf_value=-0.028123207347879282 0.0021383378111614845 0.051746534663287581 -0.020943314620113729 -0.11965230184512957 -0.089430032393491149 -0.091623055306781054 -0.10714637828606194
leaf_weight=143.67163293063641 47.072015836834908 1150.9986969083548 493.14537292718887 105.40452483296394 142.59486624598503 42.396617271006107 155.95870104432106
leaf_count=628 281 6567 2187 509 1592 311 1828
internal_value=-0.000468778 0.0171378 0.0299444 -0.0671802 -0.0861971 -0.0428141 -0.0990115
internal_weight=2281.24 1893.22 1644.14 249.076 388.022 89.4686 298.554
internal_count=13903 9891 8754 1137 4012 592 3420
is_linear=0
shrinkage=0.1


Tree=18
num_leaves=8
num_cat=0
split_feature=3 1 7 5 2 1 14
split_gain=298.868 191.529 124.761 84.8864 21.2729 20.291 1.5463
threshold=1.0000000180025095e-35 1.0000000180025095e-35 1.0000000180025095e-35 1.0000000180025095e-35 1.0000000180025095e-35 1.0000000180025095e-35 1.0000000180025095e-35
decision_type=2 2 2 2 2 2 2
left_child=1 2 -1 -3 5 -2 -6
right_child=4 3 -4 -5 6 -7 -8
leaf_value=0.067495190931776181 -0.0061559596040868594 -0.097605554812779702 -0.023935632736491283 -0.0047272422454285165 -0.075085532640632779 -0.10845244782320261 -0.10083096178472191
leaf_weight=719.59707325696945 59.336623817682266 110.40502461791039 187.67553551495075 844.22336122393608 43.676319479942322 27.897471494972706 231.80929893255234
leaf_count=4195 295 552 769 4375 484 297 2936
internal_value=-0.000486569 0.0157021 0.0485766 -0.0155597 -0.0834004 -0.0397288 -0.0970355
internal_weight=2224.62 1861.9 907.273 954.628 362.72 87.2341 275.486
internal_count=13903 9891 4964 4927 4012 592 3420
is_linear=0
shrinkage=0.1


Tree=19
num_leaves=8
num_cat=0
split_feature=4 10 6 5 2 1 11
split_gain=261.207 177.89 118.286 105.209 43.3887 13.8621 1.76767
threshold=1.0000000180025095e-35 1.0000000180025095e-35 1.0000000180025095e-35 1.0000000180025095e-35 1.0000000180025095e-35 1.0000000180025095e-35 1.0000000180025095e-35
decision_type=2 2 2 2 2 2 2
left_child=1 2 -1 -3 5 -2 -6
right_child=4 3 -4 -5 6 -7 -8
leaf_value=-0.072679618396784357 -0.010098834264692443 -0.1123722149712077 0.058774471494854569 -0.0030103438223774482 -0.084179982392585784 -0.062937759613550762 -0.10460183420626722
leaf_weight=73.766444519162178 115.99249596893787 99.244901016354561 828.53819563984871 718.75031079351902 122.92965364456177 86.423940606415272 131.27608844637871
leaf_count=310 584 509 5292 3199 1592 589 1828
internal_value=-0.00048773 0.0173649 0.0479591 -0.0163999 -0.0676376 -0.0328575 -0.0950947
internal_weight=2176.92 1720.3 902.305 817.995 456.622 202.416 254.206
internal_count=13903 9310 5602 3708 4593 1173 3420
is_linear=0
shrinkage=0.1


Tree=20
num_leaves=7
num_cat=0
split_feature=2 13 1 1 11 1
split_gain=227.641 174.874 109.805 59.913 1.94358 3.9179
threshold=1.0000000180025095e-35 1.0000000180025095e-35 1.0000000180025095e-35 1.0000000180025095e-35 1.0000000180025095e-35 1.0000000180025095e-35
decision_type=2 2 2 2 2 2
left_child=1 3 -3 -1 5 -2
right_child=4 2 -4 -5 -6 -7
leaf_value=0.09752566334747681 -0.061670831161249856 0.02136130210988748 -0.03474685012576495 0.027947997082366696 -0.10341483592714538 -0.10132423420384676
leaf_weight=241.77557488530874 58.971810057759285 686.66037280857563 706.86996141821146 254.76930166780949 120.08866709470749 55.59634755551815
leaf_count=1877 821 3382 3501 1723 1828 771
internal_value=-0.000487973 0.0110615 -0.00710413 0.0619544 -0.0931671 -0.0816236
internal_weight=2124.73 1890.08 1393.53 496.545 234.657 114.568
internal_count=13903 10483 6883 3600 3420 1592
is_linear=0
shrinkage=0.1


Tree=21
num_leaves=8
num_cat=0
split_feature=3 15 6 12 2 12 11
split_gain=202.099 153.585 145.147 19.7993 17.6311 18.4173 2.11589
threshold=1.0000000180025095e-35 1.0000000180025095e-35 1.0000000180025095e-35 1.0000000180025095e-35 1.0000000180025095e-35 1.0000000180025095e-35 1.0000000180025095e-35
decision_type=2 2 2 2 2 2 2
left_child=1 3 -3 -1 5 -2 -6
right_child=4 2 -4 -5 6 -7 -8
leaf_value=-0.031804116318565716 -0.0072598669357374513 -0.095941198501270711 0.035697446383281331 -0.086301057774265208 -0.07908056474320109 -0.1112610114776908 -0.10228539727591011
leaf_weight=284.84341610968113 60.770924896001816 88.464216478168964 1323.5790082886815 87.091666221618652 106.97744692862034 22.740731298923492 109.81031046807766
leaf_count=1319 406 406 7770 396 1592 186 1828
internal_value=-0.000458298 0.0123292 0.0273883 -0.0447622 -0.0762134 -0.0365614 -0.0912503
internal_weight=2084.28 1783.98 1412.04 371.935 300.299 83.5117 216.788
internal_count=13903 9891 8176 1715 4012 592 3420
is_linear=0
shrinkage=0.1


Tree=22
num_leaves=8
num_cat=0
split_feature=2 7 1 5 14 1 11
split_gain=176.175 145.72 145.316 21.1361 2.31799 2.95972 0.452085
threshold=1.0000000180025095e-35 1.0000000180025095e-35 1.0000000180025095e-35 1.0000000180025095e-35 1.0000000180025095e-35 1.0000000180025095e-35 1.0000000180025095e-35
decision_type=2 2 2 2 2 2 2
left_child=1 2 -1 -3 5 -2 -6
right_child=4 3 -4 -5 6 -7 -8
leaf_value=0.056636605804272155 -0.029327351436386862 -0.11379561499050549 -0.0066152047432348204 -0.036729600282946563 -0.083009735115275207 -0.090532162355490706 -0.10119968984358606
leaf_weight=699.23687756061554 16.841569125652313 38.940183326601982 754.27969422191381 356.02552292495966 66.414306595921516 16.69204019010067 100.38278089463711
leaf_count=4407 239 248 4180 1648 1108 245 1828
internal_value=-0.000476437 0.00919408 0.0238311 -0.0445958 -0.0893102 -0.0615327 -0.0944948
internal_weight=2048.81 1848.48 1453.52 394.966 200.331 33.5336 166.797
internal_count=13903 10483 8587 1896 3420 484 2936
is_linear=0
shrinkage=0.1


Tree=23
num_leaves=8
num_cat=0
split_feature=4 15 5 2 12 0 1
split_gain=158.349 141.267 135.663 30.6538 15.1771 11.5492 2.526
threshold=1.0000000180025095e-35 1.0000000180025095e-35 1.0000000180025095e-35 1.0000000180025095e-35 1.0000000180025095e-35 1.0000000180025095e-35 1.0000000180025095e-35
decision_type=2 2 2 2 2 2 2
left_child=1 4 -3 5 -1 -2 -5
right_child=3 2 -4 6 -6 -7 -8
leaf_value=-0.034289535306814133 -0.0170337733512895 -0.055259571146678954 0.040113804057168953 -0.074017030337451398 -0.086221149511828549 -0.073814186400136081 -0.1005096649799407
leaf_weight=245.83456429839134 151.64750228077173 170.68268739432096 1139.9778093844652 95.225706040859222 73.239343635737896 46.301952309906483 90.145457342267036
leaf_count=1139 896 846 6980 1734 345 277 1686
internal_value=-0.000475684 0.0131333 0.027661 -0.0582198 -0.0464419 -0.0306194 -0.0873705
internal_weight=2013.06 1629.73 1310.66 383.321 319.074 197.949 185.371
internal_count=13903 9310 7826 4593 1484 1173 3420
is_linear=0
shrinkage=0.1


Tree=24
num_leaves=8
num_cat=0
split_feature=13 2 1 4 1 1 11
split_gain=138.576 86.0899 79.3185 53.7819 48.3369 8.01614 0.836514
threshold=1.0000000180025095e-35 1.0000000180025095e-35 1.0000000180025095e-35 1.0000000180025095e-35 1.0000000180025095e-35 1.0000000180025095e-35 1.0000000180025095e-35
decision_type=2 2 2 2 2 2 2
left_child=3 2 -2 4 -1 -5 -3
right_child=1 6 -4 5 -6 -7 -8
leaf_value=0.09487091545549256 0.016804559175140076 -0.076482430148095304 -0.031523363189091859 -0.0049912731256743061 0.027114290753950061 -0.075820272730492647 -0.099245195383200424
leaf_weight=196.02604183554649 661.20760598778725 50.390853755176067 696.2367195636034 32.727262891829014 228.58676916360855 30.507602922618389 84.835335332900286
leaf_count=1795 3382 976 3501 390 1622 409 1828
internal_value=-0.000474644 -0.0155994 -0.00798792 0.0457399 0.0585441 -0.039811 -0.0913866
internal_weight=1980.52 1492.67 1357.44 487.848 424.613 63.2349 135.226
internal_count=13903 9687 6883 4216 3417 799 2804
is_linear=0
shrinkage=0.1


end of trees

feature_importances:
yr_lt=_0.5=38
hr_lt=_5.5=25
hr_lt=_6.5=20
hr_lt=_21.5=15
temp_lt=_0.4699999988079071=10
atemp_lt=_0.6136500239372253=10
temp_lt=_0.45000000298023224=8
hr_lt=_22.5=7
hum_lt=_0.7950000166893005=7
season_lt=_1.5=6
atemp_lt=_0.5985000133514404=6
temp_lt=_0.3100000023841858=5
atemp_lt=_0.3257499933242798=4
hr_lt=_7.5=3
temp_lt=_0.3500000089406967=1
temp_lt=_0.3700000047683716=1

parameters:
[boosting: gbdt]
[objective: binary]
[metric: binary_logloss]
[tree_learner: serial]
[device_type: cpu]
[data_sample_strategy: bagging]
[data: ]
[valid: ]
[num_iterations: 25]
[learning_rate: 0.1]
[num_leaves: 31]
[num_threads: 8]
[seed: 42]
[deterministic: 0]
[force_col_wise: 0]
[force_row_wise: 0]
[histogram_pool_size: -1]
[max_depth: 3]
[min_data_in_leaf: 20]
[min_sum_hessian_in_leaf: 0.001]
[bagging_fraction: 1]
[pos_bagging_fraction: 1]
[neg_bagging_fraction: 1]
[bagging_freq: 0]
[bagging_seed: 400]
[bagging_by_query: 0]
[feature_fraction: 1]
[feature_fraction_bynode: 1]
[feature_fraction_seed: 30056]
[extra_trees: 0]
[extra_seed: 12879]
[early_stopping_round: 0]
[early_stopping_min_delta: 0]
[first_metric_only: 0]
[max_delta_step: 0]
[lambda_l1: 0]
[lambda_l2: 1]
[linear_lambda: 0]
[min_gain_to_split: 0]
[drop_rate: 0.1]
[max_drop: 50]
[skip_drop: 0.5]
[xgboost_dart_mode: 0]
[uniform_drop: 0]
[drop_seed: 17869]
[top_rate: 0.2]
[other_rate: 0.1]
[min_data_per_group: 100]
[max_cat_threshold: 32]
[cat_l2: 10]
[cat_smooth: 10]
[max_cat_to_onehot: 4]
[top_k: 20]
[monotone_constraints: ]
[monotone_constraints_method: basic]
[monotone_penalty: 0]
[feature_contri: ]
[forcedsplits_filename: ]
[refit_decay_rate: 0.9]
[cegb_tradeoff: 1]
[cegb_penalty_split: 0]
[cegb_penalty_feature_lazy: ]
[cegb_penalty_feature_coupled: ]
[path_smooth: 0]
[interaction_constraints: ]
[verbosity: -1]
[saved_feature_importance_type: 0]
[use_quantized_grad: 0]
[num_grad_quant_bins: 4]
[quant_train_renew_leaf: 0]
[stochastic_rounding: 1]
[linear_tree: 0]
[max_bin: 255]
[max_bin_by_feature: ]
[min_data_in_bin: 3]
[bin_construct_sample_cnt: 200000]
[data_random_seed: 175]
[is_enable_sparse: 1]
[enable_bundle: 1]
[use_missing: 1]
[zero_as_missing: 0]
[feature_pre_filter: 1]
[pre_partition: 0]
[two_round: 0]
[header: 0]
[label_column: ]
[weight_column: ]
[group_column: ]
[ignore_column: ]
[categorical_feature: ]
[forcedbins_filename: ]
[precise_float_parser: 0]
[parser_config_file: ]
[objective_seed: 16083]
[num_class: 1]
[is_unbalance: 0]
[scale_pos_weight: 1]
[sigmoid: 1]
[boost_from_average: 1]
[reg_sqrt: 0]
[alpha: 0.9]
[fair_c: 1]
[poisson_max_delta_step: 0.7]
[tweedie_variance_power: 1.5]
[lambdarank_truncation_level: 30]
[lambdarank_norm: 1]
[label_gain: ]
[lambdarank_position_bias_regularization: 0]
[eval_at: ]
[multi_error_top_k: 1]
[auc_mu_weights: ]
[num_machines: 1]
[local_listen_port: 12400]
[time_out: 120]
[machine_list_filename: ]
[machines: ]
[gpu_platform_id: -1]
[gpu_device_id: -1]
[gpu_use_dp: 0]
[num_gpu: 1]

end of parameters

pandas_categorical:[]
