tree
version=v4
num_class=1
num_tree_per_iteration=1
label_index=0
max_feature_idx=34
objective=binary sigmoid:1
feature_names=gender_lt=_0.5 age_lt=_5.5 age_lt=_6.5 admission_type_id_lt=_1.5 discharge_disposition_id_lt=_1.5 discharge_disposition_id_lt=_2.5 discharge_disposition_id_lt=_10.0 discharge_disposition_id_lt=_10.5 discharge_disposition_id_lt=_14.5 admission_source_id_lt=_4.5 admission_source_id_lt=_6.5 time_in_hospital_lt=_3.5 num_lab_procedures_lt=_30.5 num_lab_procedures_lt=_35.5 num_procedures_lt=_0.5 num_procedures_lt=_1.5 num_medications_lt=_6.5 num_medications_lt=_11.5 number_outpatient_lt=_0.5 number_emergency_lt=_0.5 number_emergency_lt=_1.5 number_emergency_lt=_2.5 number_inpatient_lt=_0.5 number_inpatient_lt=_1.5 number_inpatient_lt=_2.5 number_inpatient_lt=_3.5 diag_1_lt=_96.5 diag_1_lt=_98.5 diag_1_lt=_103.5 number_diagnoses_lt=_5.5 number_diagnoses_lt=_6.5 metformin_lt=_1.5 change_lt=_0.5 diabetesMed_lt=_0.5 diag_1_lt=_403.5
feature_infos=[0:1] [0:1] [0:1] [0:1] [0:1] [0:1] [0:1] [0:1] [0:1] [0:1] [0:1] [0:1] [0:1] [0:1] [0:1] [0:1] [0:1] [0:1] [0:1] [0:1] [0:1] [0:1] [0:1] [0:1] [0:1] [0:1] [0:1] [0:1] [0:1] [0:1] [0:1] [0:1] [0:1] [0:1] [0:1]
tree_sizes=931 1033 1027 1030 1030 1034 1029 1035 1032 1025 1029 1033 1032 1028 1030 1029 1026 1035 1032 1028 1032 1037 1031 1026 1040

Tree=0
num_leaves=8
num_cat=0
split_feature=22 29 23 6 32 6 32
split_gain=2703.35 449.525 436.493 249.83 206.386 161.593 89.1599
threshold=1.0000000180025095e-35 1.0000000180025095e-35 1.0000000180025095e-35 1.0000000180025095e-35 1.0000000180025095e-35 1.0000000180025095e-35 1.0000000180025095e-35
decision_type=2 2 2 2 2 2 2
left_child=2 4 3 -1 -2 -4 -3
right_child=1 6 5 -5 -6 -7 -8
leaf_value=-0.0067903208200472357 -0.031589779627434963 -0.078945420166812941 -0.038116972920918445 0.097475180455137256 -0.0011277382212417117 0.038616431224966934 -0.042642130962216244
leaf_weight=255.75 4617 1554 300.5 2253.5 4290.75 3078.75 1206
leaf_count=1023 18468 6216 1202 9014 17163 12315 4824
internal_value=2.84847e-05 -0.027848 0.0552595 0.0868497 -0.0169184 0.0317836 -0.0631037
internal_weight=17556.2 11667.8 5888.5 2509.25 8907.75 3379.25 2760
internal_count=70225 46671 23554 10037 35631 13517 11040
is_linear=0
shrinkage=1


Tree=1
num_leaves=8
num_cat=0
split_feature=22 29 23 6 32 6 32
split_gain=2192 364.955 355.446 203.274 167.25 130.996 72.5876
threshold=1.0000000180025095e-35 1.0000000180025095e-35 1.0000000180025095e-35 1.0000000180025095e-35 1.0000000180025095e-35 1.0000000180025095e-35 1.0000000180025095e-35
decision_type=2 2 2 2 2 2 2
left_child=2 4 3 -1 -2 -4 -3
right_child=1 6 5 -5 -6 -7 -8
leaf_value=-0.0061396501316405751 -0.028464488342076485 -0.071196439165208167 -0.034356454811795119 0.087922486536759922 -0.0010406302612110125 0.034743828480188324 -0.038425182705248077
leaf_weight=255.74705792963505 4615.8483104109764 1551.5812672376633 300.39088499546051 2248.1555786430836 4290.7487212568521 3077.6025257259607 1205.4519624710083
leaf_count=1023 18468 6216 1202 9014 17163 12315 4824
internal_value=2.27192e-07 -0.0250997 0.0497685 0.0783164 -0.0152547 0.0285907 -0.0568871
internal_weight=17545.5 11663.6 5881.9 2503.9 8906.6 3377.99 2757.03
internal_count=70225 46671 23554 10037 35631 13517 11040
is_linear=0
shrinkage=0.1


Tree=2
num_leaves=8
num_cat=0
split_feature=22 24 29 6 6 6 32
split_gain=1780.32 298.971 297.336 173.025 156.589 91.9499 59.583
threshold=1.0000000180025095e-35 1.0000000180025095e-35 1.0000000180025095e-35 1.0000000180025095e-35 1.0000000180025095e-35 1.0000000180025095e-35 1.0000000180025095e-35
decision_type=2 2 2 2 2 2 2
left_child=1 5 4 -3 -2 -1 -4
right_child=2 3 6 -5 -6 -7 -8
leaf_value=0.0066434099295217298 -0.054924328191637312 -0.026449667939476798 -0.064355746101262046 0.039687304921161598 -0.009463860607134212 0.09891806435008621 -0.034628970706957238
leaf_weight=120.2449756115675 835.32379579544067 435.60009509325027 1545.2750372886658 4237.0935896039009 8068.2606965899467 1071.763841509819 1204.0207679271698
leaf_count=481 3343 1744 6216 17005 32288 4324 4824
internal_value=1.74638e-06 0.0449344 -0.022614 0.0335175 -0.0137346 0.0896231 -0.0513546
internal_weight=17517.6 5864.7 11652.9 4672.69 8903.58 1192.01 2749.3
internal_count=70225 23554 46671 18749 35631 4805 11040
is_linear=0
shrinkage=0.1


Tree=3
num_leaves=8
num_cat=0
split_feature=22 23 30 18 6 32 6
split_gain=1447.34 263.129 247.44 140.347 139.109 85.6838 85.0861
threshold=1.0000000180025095e-35 1.0000000180025095e-35 1.0000000180025095e-35 1.0000000180025095e-35 1.0000000180025095e-35 1.0000000180025095e-35 1.0000000180025095e-35
decision_type=2 2 2 2 2 2 2
left_child=1 4 3 -2 -1 -4 -3
right_child=2 6 5 -5 -6 -7 -8
leaf_value=-0.0044444677752930178 0.022938450470131683 -0.028360188266399002 -0.053636246425223667 -0.015458975102758574 0.073433007086456115 -0.024022785781749493 0.02738901638662454
leaf_weight=255.69628918170929 1112.7303248047829 299.76603502035141 2227.0223599523306 6554.0769786089659 2217.219034075737 1745.1648499965668 3068.9345347881317
leaf_count=1023 4454 1202 8983 26237 9014 6997 12315
internal_value=3.67799e-06 0.0406158 -0.0203813 -0.00988386 0.065382 -0.040635 0.0224212
internal_weight=17480.6 5841.62 11639 7666.81 2472.92 3972.19 3368.7
internal_count=70225 23554 46671 30691 10037 15980 13517
is_linear=0
shrinkage=0.1


Tree=4
num_leaves=8
num_cat=0
split_feature=22 24 29 32 6 6 0
split_gain=1177.66 223.357 208.318 129.369 113.875 64.4887 52.107
threshold=1.0000000180025095e-35 1.0000000180025095e-35 1.0000000180025095e-35 1.0000000180025095e-35 1.0000000180025095e-35 1.0000000180025095e-35 1.0000000180025095e-35
decision_type=2 2 2 2 2 2 2
left_child=1 5 3 -2 -3 -1 -4
right_child=2 4 6 -5 -6 -7 -8
leaf_value=0.0064252560820491971 -0.022592605019067399 -0.021772120928049078 -0.05793341916584184 0.0015389974125750452 0.031946853488827719 0.083800702826479986 -0.030089878237362689
leaf_weight=120.24653811752796 4606.8044581264257 434.7211366891861 1218.5238392651081 4289.5859393924475 4210.3814686089754 1047.1369205713272 1508.0093458592892
leaf_count=481 18468 1744 4934 17163 17005 4324 6106
internal_value=6.38121e-06 0.0367538 -0.0183721 -0.0109582 0.0269159 0.075843 -0.0425502
internal_weight=17435.4 5812.49 11622.9 8896.39 4645.1 1167.38 2726.53
internal_count=70225 23554 46671 35631 18749 4805 11040
is_linear=0
shrinkage=0.1


Tree=5
num_leaves=8
num_cat=0
split_feature=22 23 18 29 2 29 13
split_gain=958.649 197.502 189.489 143.691 108.63 75.3076 41.1718
threshold=1.0000000180025095e-35 1.0000000180025095e-35 1.0000000180025095e-35 1.0000000180025095e-35 1.0000000180025095e-35 1.0000000180025095e-35 1.0000000180025095e-35
decision_type=2 2 2 2 2 2 2
left_child=1 4 6 -4 -1 -3 -2
right_child=2 5 3 -5 -6 -7 -8
leaf_value=0.030491253982223299 0.030183887323588093 0.024006345134445523 -0.014631036303843853 -0.042267153476479268 0.073295256252379926 -0.017168619099205192 -0.0039839747484715898
leaf_weight=1038.3118616193533 902.08215415477753 2828.6668417006731 7626.3640304207802 2497.4565211385489 1388.3307935744524 526.16104125976562 578.28387889266014
leaf_count=4287 3617 11397 30567 10164 5750 2120 2323
internal_value=8.76549e-06 0.0332731 -0.0165657 -0.0214521 0.0550004 0.0175454 0.016843
internal_weight=17385.7 5781.47 11604.2 10123.8 2426.64 3354.83 1480.37
internal_count=70225 23554 46671 40731 10037 13517 5940
is_linear=0
shrinkage=0.1


Tree=6
num_leaves=8
num_cat=0
split_feature=22 25 19 32 6 4 6
split_gain=780.222 177.708 159.067 159.136 113.442 38.0617 24.2852
threshold=1.0000000180025095e-35 1.0000000180025095e-35 1.0000000180025095e-35 1.0000000180025095e-35 1.0000000180025095e-35 1.0000000180025095e-35 1.0000000180025095e-35
decision_type=2 2 2 2 2 2 2
left_child=1 5 6 -4 -3 -1 -2
right_child=2 4 3 -5 -6 -7 -8
leaf_value=0.055600872519906669 -0.048179440567149096 -0.020921168532310519 -0.029442484438078412 -0.0051166911755742145 0.029058130007003576 0.10707039721393381 0.032642465345004548
leaf_weight=281.57043638825417 38.27328197658062 502.38533145189285 5760.2359551638365 5044.4542658627033 4666.3084614127874 302.08690325915813 742.59510760009289
leaf_count=1184 154 2015 23293 20241 19068 1287 2983
internal_value=1.1196e-05 0.0301137 -0.0149363 -0.0180869 0.0241971 0.0823778 0.0286245
internal_weight=17337.9 5752.35 11585.6 10804.7 5168.69 583.657 780.868
internal_count=70225 23554 46671 43534 21083 2471 3137
is_linear=0
shrinkage=0.1


Tree=7
num_leaves=8
num_cat=0
split_feature=22 23 18 0 2 29 13
split_gain=635.224 154.345 149.125 128.126 88.3756 61.4826 32.8049
threshold=1.0000000180025095e-35 1.0000000180025095e-35 1.0000000180025095e-35 1.0000000180025095e-35 1.0000000180025095e-35 1.0000000180025095e-35 1.0000000180025095e-35
decision_type=2 2 2 2 2 2 2
left_child=1 4 6 -4 -1 -3 -2
right_child=2 5 3 -5 -6 -7 -8
leaf_value=0.024539198865364861 0.028074985675816868 0.019258492334157513 -0.030244934773525946 -0.0075968954441894155 0.063482947601572637 -0.017976542103278322 -0.0024357706680168362
leaf_weight=1025.3819243311882 902.18911658227444 2815.2312443554401 4550.0839019417763 5538.8612993061543 1354.7852630615234 525.51489129662514 577.61792024970055
leaf_count=4287 3617 11397 18381 22350 5750 2120 2323
internal_value=1.39927e-05 0.0272684 -0.0134649 -0.0178131 0.0467232 0.0133976 0.016172
internal_weight=17289.7 5720.91 11568.8 10088.9 2380.17 3340.75 1479.81
internal_count=70225 23554 46671 40731 10037 13517 5940
is_linear=0
shrinkage=0.1


Tree=8
num_leaves=8
num_cat=0
split_feature=22 30 25 6 18 14 4
split_gain=517.053 142.685 139.46 108.086 100.925 79.279 33.391
threshold=1.0000000180025095e-35 1.0000000180025095e-35 1.0000000180025095e-35 1.0000000180025095e-35 1.0000000180025095e-35 1.0000000180025095e-35 1.0000000180025095e-35
decision_type=2 2 2 2 2 2 2
left_child=2 3 6 -2 -4 -3 -1
right_child=1 5 4 -5 -6 -7 -8
leaf_value=0.046664969930997981 -0.041445732926641159 -0.041247395604602388 0.045904385171793391 -0.0003902507027377505 0.012033448751653457 -0.012733589464251835 0.095646506662977443
leaf_weight=275.11039093136787 705.5623210221529 2047.5316722691059 1127.2283577919006 6937.2235835045576 3999.8366315364838 1863.2965012788773 288.50576275587082
leaf_count=1184 2843 8370 4653 27848 16430 7610 1287
internal_value=1.63504e-05 -0.0121361 0.0246868 -0.00418531 0.0194878 -0.0276688 0.0718628
internal_weight=17244.3 11553.6 5690.68 7642.79 5127.06 3910.83 563.616
internal_count=70225 46671 23554 30691 21083 15980 2471
is_linear=0
shrinkage=0.1


Tree=9
num_leaves=8
num_cat=0
split_feature=23 19 32 6 8 19 6
split_gain=423.789 197.206 172.491 83.992 330.018 55.6814 49.4665
threshold=1.0000000180025095e-35 1.0000000180025095e-35 1.0000000180025095e-35 1.0000000180025095e-35 1.0000000180025095e-35 1.0000000180025095e-35 1.0000000180025095e-35
decision_type=2 2 2 2 2 2 2
left_child=3 6 -3 4 -1 -5 -2
right_child=1 2 -4 5 -6 -7 -8
leaf_value=0.065786686211661144 -0.051305451282679784 -0.020356468193617926 0.0022027771634860003 0.073194554083056848 -0.17452900195216395 0.036277371938936258 0.036245412131617513
leaf_weight=170.18926423788071 67.351183697581291 7184.9395226985216 6414.803305581212 560.83186134696007 84.785604983568192 1517.8957953155041 1197.6933140307665
leaf_count=683 272 29233 25848 2459 340 6555 4835
internal_value=1.78528e-05 -0.00620266 -0.00971622 0.0396258 -0.014494 0.0462679 0.0315473
internal_weight=17198.5 14864.8 13599.7 2333.7 254.975 2078.73 1265.04
internal_count=70225 60188 55081 10037 1023 9014 5107
is_linear=0
shrinkage=0.1


Tree=10
num_leaves=8
num_cat=0
split_feature=22 16 14 20 18 6 27
split_gain=370.697 125.077 147.659 105.729 72.8593 39.7474 26.47
threshold=1.0000000180025095e-35 1.0000000180025095e-35 1.0000000180025095e-35 1.0000000180025095e-35 1.0000000180025095e-35 1.0000000180025095e-35 1.0000000180025095e-35
decision_type=2 2 2 2 2 2 2
left_child=3 2 -2 5 -5 -1 -3
right_child=1 6 -4 4 -6 -7 -8
leaf_value=-0.056950936683993841 -0.017309300675174964 -0.039263031528608799 0.0066124518908454513 0.039788015004952049 0.01098316287105891 0.076866056841092961 -0.09796071854628069
leaf_weight=22.818714499473572 6030.0381558090448 899.50869145989418 4509.0884100645781 1116.8888798952103 4100.8308758586645 394.31743611395359 83.674734443426132
leaf_count=92 24423 3684 18220 4706 17031 1725 344
internal_value=1.96898e-05 -0.0102594 -0.0070749 0.0210367 0.0171555 0.0694271 -0.044353
internal_weight=17157.2 11522.3 10539.1 5634.86 5217.72 417.136 983.183
internal_count=70225 46671 42643 23554 21737 1817 4028
is_linear=0
shrinkage=0.1


Tree=11
num_leaves=8
num_cat=0
split_feature=23 29 6 2 10 6 25
split_gain=304.749 171.052 147.427 69.6384 55.6636 50.9688 37.7872
threshold=1.0000000180025095e-35 1.0000000180025095e-35 1.0000000180025095e-35 1.0000000180025095e-35 1.0000000180025095e-35 1.0000000180025095e-35 1.0000000180025095e-35
decision_type=2 2 2 2 2 2 2
left_child=3 2 -2 5 -3 -1 -5
right_child=1 4 -4 6 -6 -7 -8
leaf_value=-0.043644149412898417 -0.034763863626677056 -0.011933576266514145 0.0039922624246664963 0.077456909402527543 -0.038413396396070547 0.022930664617774797 0.038831251826839566
leaf_weight=131.64211079478264 1081.0205563753843 1521.8644749969244 10565.569584488869 348.22115767002106 1661.4578285962343 865.97422012686729 942.8015772998333
leaf_count=529 4375 6281 42653 1633 6879 3758 4117
internal_value=1.89996e-05 -0.00522318 0.000392296 0.0339747 -0.0257618 0.0141108 0.0493014
internal_weight=17118.6 14829.9 11646.6 2288.64 3183.32 997.616 1291.02
internal_count=70225 60188 47028 10037 13160 4287 5750
is_linear=0
shrinkage=0.1


Tree=12
num_leaves=8
num_cat=0
split_feature=22 0 32 19 1 6 26
split_gain=267.061 117.546 116.123 86.1466 63.4146 62.3926 59.3561
threshold=1.0000000180025095e-35 1.0000000180025095e-35 1.0000000180025095e-35 1.0000000180025095e-35 1.0000000180025095e-35 1.0000000180025095e-35 1.0000000180025095e-35
decision_type=2 2 2 2 2 2 2
left_child=3 4 -3 5 -2 -1 -5
right_child=1 2 -4 6 -6 -7 -8
leaf_value=-0.046713498068758075 -0.011789745623376244 -0.012505372292288151 0.01455050443973189 0.013981203176384769 -0.03509027718112432 0.050274642044603239 -0.053169241668962287
leaf_weight=70.36792565882206 3340.0037984848022 3326.0657505989075 3030.9603435099125 4397.0344343185425 1796.634054556489 980.65984387695789 134.72896620631218
leaf_count=284 13567 13581 12189 18401 7334 4311 558
internal_value=1.95142e-05 -0.0086961 0.000394833 0.0179613 -0.0199448 0.0437429 0.0119735
internal_weight=17076.5 11493.7 6357.03 5582.79 5136.64 1051.03 4531.76
internal_count=70225 46671 25770 23554 20901 4595 18959
is_linear=0
shrinkage=0.1


Tree=13
num_leaves=8
num_cat=0
split_feature=18 19 31 6 8 12 2
split_gain=238.149 150.09 146.007 68.4661 159.22 59.9105 37.1758
threshold=1.0000000180025095e-35 1.0000000180025095e-35 1.0000000180025095e-35 1.0000000180025095e-35 1.0000000180025095e-35 1.0000000180025095e-35 1.0000000180025095e-35
decision_type=2 2 2 2 2 2 2
left_child=3 6 -3 4 -1 -5 -2
right_child=1 2 -4 5 -6 -7 -8
leaf_value=0.035632357853472019 0.0068799955838479603 -0.030550122159850895 -0.0032644470417908869 0.04089314889650833 -0.16186093430234097 0.0070691540005694987 0.042746170341276861
leaf_weight=117.41583141684532 478.90992671251297 2400.8850774914026 10688.390873849392 1826.5896729379892 61.361789628863335 734.64400619268417 729.46913994848728
leaf_count=475 1992 9788 43909 7646 247 3050 3118
internal_value=1.85155e-05 -0.00515757 -0.00827124 0.0270199 -0.0326765 0.0311979 0.028549
internal_weight=17037.7 14297.7 13089.3 2740.01 178.778 2561.23 1208.38
internal_count=70225 58807 53697 11418 722 10696 5110
is_linear=0
shrinkage=0.1


Tree=14
num_leaves=8
num_cat=0
split_feature=23 31 32 2 2 5 25
split_gain=208.738 139.184 276.54 59.9116 55.0575 40.994 31.4369
threshold=1.0000000180025095e-35 1.0000000180025095e-35 1.0000000180025095e-35 1.0000000180025095e-35 1.0000000180025095e-35 1.0000000180025095e-35 1.0000000180025095e-35
decision_type=2 2 2 2 2 2 2
left_child=4 3 -3 -2 5 -1 -6
right_child=1 2 -4 -5 6 -7 -8
leaf_value=-0.0055833424763655146 -0.0052673845342347822 -0.012168761598009559 0.018787741811774797 -0.035433506209567055 0.068812397177085066 0.036196630379719846 0.032821570644955618
leaf_weight=599.95515856146812 1046.1977096199989 7093.4577708095312 4863.3156110644341 1776.855262607336 330.74319408833981 384.6715812087059 922.62316571176052
leaf_count=2590 4240 29061 19661 7226 1633 1697 4117
internal_value=1.73092e-05 -0.00429292 0.00042305 -0.02426 0.0284715 0.0107593 0.0423663
internal_weight=17017.8 14779.8 11956.8 2823.05 2237.99 984.627 1253.37
internal_count=70225 60188 48722 11466 10037 4287 5750
is_linear=0
shrinkage=0.1


Tree=15
num_leaves=8
num_cat=0
split_feature=18 29 6 10 6 8 12
split_gain=188.202 122.328 98.5305 66.1254 56.4113 131.226 48.2045
threshold=1.0000000180025095e-35 1.0000000180025095e-35 1.0000000180025095e-35 1.0000000180025095e-35 1.0000000180025095e-35 1.0000000180025095e-35 1.0000000180025095e-35
decision_type=2 2 2 2 2 2 2
left_child=4 2 -2 -3 5 -1 -6
right_child=1 3 -4 -5 6 -7 -8
leaf_value=0.031514153293754579 -0.027669053848284272 -0.0070760923018551849 0.0034648992940877507 -0.036268132345155163 0.03666782310730804 -0.14879721043553856 0.0062601890616005747
leaf_weight=117.22468990087509 1130.1749700605869 1506.0615894347429 10024.808893829584 1600.9720448702574 1811.3710007965565 60.349430561065674 732.53009621798992
leaf_count=475 4602 6315 41149 6741 7646 247 3050
internal_value=1.88466e-05 -0.00458001 0.000308344 -0.0221248 0.0241122 -0.0302556 0.0279177
internal_weight=16983.5 14262 11155 3107.03 2721.48 177.574 2543.9
internal_count=70225 58807 45751 13056 11418 722 10696
is_linear=0
shrinkage=0.1


Tree=16
num_leaves=8
num_cat=0
split_feature=19 27 15 6 8 21 6
split_gain=177.889 122.919 121.595 50.4498 93.2253 45.6166 20.9029
threshold=1.0000000180025095e-35 1.0000000180025095e-35 1.0000000180025095e-35 1.0000000180025095e-35 1.0000000180025095e-35 1.0000000180025095e-35 1.0000000180025095e-35
decision_type=2 2 2 2 2 2 2
left_child=3 2 -2 4 -1 -5 -3
right_child=1 6 -4 5 -6 -7 -8
leaf_value=0.040793696031545014 -0.014506732976001949 -0.090112635617853501 0.0049690944726760687 0.075116311740651476 -0.14751032468984834 0.027400049970043156 -0.037502880383682477
leaf_weight=63.348257884383202 4800.0830912441015 85.67521145939827 9646.2346342951059 231.97701738774776 43.561900913715363 1455.9117819219828 630.72416892647743
leaf_count=258 19764 354 39776 1081 180 6213 2599
internal_value=1.53006e-05 -0.00350917 -0.0015027 0.0297759 -0.0365891 0.0339986 -0.0439114
internal_weight=16957.5 15162.7 14446.3 1794.8 106.91 1687.89 716.399
internal_count=70225 62493 59540 7732 438 7294 2953
is_linear=0
shrinkage=0.1


Tree=17
num_leaves=8
num_cat=0
split_feature=22 1 4 6 25 32 4
split_gain=166.635 96.889 68.2056 67.3393 62.3674 43.3286 24.913
threshold=1.0000000180025095e-35 1.0000000180025095e-35 1.0000000180025095e-35 1.0000000180025095e-35 1.0000000180025095e-35 1.0000000180025095e-35 1.0000000180025095e-35
decision_type=2 2 2 2 2 2 2
left_child=4 3 -3 -2 6 -6 -1
right_child=1 2 -4 -5 5 -7 -8
leaf_value=0.025724568311453179 -0.028200248495395444 0.0046028471648291271 -0.027166821457830909 0.0028210964780116575 0.0017830383125271257 0.020396955167975267 0.070559549592982329
leaf_weight=251.66919791698456 778.45579567551613 877.0254575163126 2939.8889367133379 6842.6976152509451 2540.3090252578259 2462.4652191102505 246.6967721581459
leaf_count=1184 3221 3592 12055 27803 10669 10414 1287
internal_value=1.34778e-05 -0.00686483 -0.0198677 -0.000350835 0.0143136 0.0109474 0.0480152
internal_weight=16939.2 11438.1 3816.91 7621.15 5501.14 5002.77 498.366
internal_count=70225 46671 15647 31024 23554 21083 2471
is_linear=0
shrinkage=0.1


Tree=18
num_leaves=8
num_cat=0
split_feature=18 0 32 22 6 8 12
split_gain=141.408 102.69 112.169 47.9389 41.9538 105.075 38.2069
threshold=1.0000000180025095e-35 1.0000000180025095e-35 1.0000000180025095e-35 1.0000000180025095e-35 1.0000000180025095e-35 1.0000000180025095e-35 1.0000000180025095e-35
decision_type=2 2 2 2 2 2 2
left_child=4 3 -3 -2 5 -1 -6
right_child=1 2 -4 -5 6 -7 -8
leaf_value=0.02845094394889652 4.9483009556853437e-05 -0.0078038756474954514 0.016080248667978789 -0.019057244928403216 0.032138381930186165 -0.13496261642720525 0.0049867033475470939
leaf_weight=117.00488421320915 1858.4777625948191 4098.8405207544565 3777.6106654107571 4474.2141333818436 1792.4167347699404 58.089784249663353 729.47989782691002
leaf_count=475 7889 17024 15513 18381 7646 247 3050
internal_value=1.39439e-05 -0.00397089 0.00365173 -0.0134508 0.0210018 -0.026222 0.0242896
internal_weight=16906.1 14209.1 7876.45 6332.69 2696.99 175.095 2521.9
internal_count=70225 58807 32537 26270 11418 722 10696
is_linear=0
shrinkage=0.1


Tree=19
num_leaves=8
num_cat=0
split_feature=19 31 32 2 6 8 21
split_gain=131.436 116.37 209.125 44.1497 38.8669 74.6751 36.8766
threshold=1.0000000180025095e-35 1.0000000180025095e-35 1.0000000180025095e-35 1.0000000180025095e-35 1.0000000180025095e-35 1.0000000180025095e-35 1.0000000180025095e-35
decision_type=2 2 2 2 2 2 2
left_child=4 3 -3 -2 5 -1 -6
right_child=1 2 -4 -5 6 -7 -8
leaf_value=0.03548243355163299 -0.0054996731949074852 -0.0095730215918930286 0.016952137069896952 -0.03147308967921128 0.06729829987869948 -0.13510147061659392 0.023633394466701624
leaf_weight=63.357411131262779 1061.1174266338348 7351.6361917704344 4988.1433543115854 1708.6745191663504 222.98389345407486 41.784344077110291 1440.9802542328835
leaf_count=258 4337 30589 20520 7047 1081 180 6213
internal_value=1.15886e-05 -0.00300851 0.00114982 -0.0215282 0.0257928 -0.0329434 0.0295217
internal_weight=16878.7 15109.6 12339.8 2769.79 1769.11 105.142 1663.96
internal_count=70225 62493 51109 11384 7732 438 7294
is_linear=0
shrinkage=0.1


Tree=20
num_leaves=8
num_cat=0
split_feature=23 31 32 2 2 5 25
split_gain=121.209 98.262 156.24 42.4855 37.3159 30.6761 20.2789
threshold=1.0000000180025095e-35 1.0000000180025095e-35 1.0000000180025095e-35 1.0000000180025095e-35 1.0000000180025095e-35 1.0000000180025095e-35 1.0000000180025095e-35
decision_type=2 2 2 2 2 2 2
left_child=3 4 -3 5 -2 -1 -5
right_child=1 2 -4 6 -6 -7 -8
leaf_value=-0.0077246237447103228 -0.0050891268693189868 -0.0087829450523737272 0.014549858710977935 0.056943807861591693 -0.028968299369197609 0.028835306834525006 0.027011000116140046
leaf_weight=591.58147798478603 1042.3681234717369 7042.0360299348831 4842.377314761281 303.81571628153324 1759.5997859537601 373.6570798009634 898.56146857142448
leaf_count=2590 4240 29061 19661 1633 7226 1697 4117
internal_value=1.0783e-05 -0.00324766 0.000724574 0.0220792 -0.0200899 0.00644342 0.0346154
internal_weight=16854 14686.4 11884.4 2167.62 2801.97 965.239 1202.38
internal_count=70225 60188 48722 10037 11466 4287 5750
is_linear=0
shrinkage=0.1


Tree=21
num_leaves=8
num_cat=0
split_feature=17 14 9 31 32 0 2
split_gain=108.376 165.595 91.5373 45.4058 59.633 31.2794 21.2147
threshold=1.0000000180025095e-35 1.0000000180025095e-35 1.0000000180025095e-35 1.0000000180025095e-35 1.0000000180025095e-35 1.0000000180025095e-35 1.0000000180025095e-35
decision_type=2 2 2 2 2 2 2
left_child=1 2 -1 6 -5 -3 -2
right_child=3 5 -4 4 -6 -7 -8
leaf_value=0.0059064646356885384 -0.012536446702051127 0.010099069781412701 -0.016944576465426197 -0.015061207335322485 0.011174439851184766 0.027143282390458025 -0.046343910686873789
leaf_weight=3997.3500526994467 294.92192259430885 1785.9187976121902 3120.7674845159054 3217.0882752388716 1184.7112939655781 2717.2108484059572 504.24093747138977
leaf_count=16718 1211 7479 12980 13484 4905 11335 2113
internal_value=1.20775e-05 0.00538162 -0.004113 -0.0119846 -0.00799915 0.0203874 -0.0338989
internal_weight=16822.2 11621.2 7118.12 5200.96 4401.8 4503.13 799.163
internal_count=70225 48512 29698 21713 18389 18814 3324
is_linear=0
shrinkage=0.1


Tree=22
num_leaves=8
num_cat=0
split_feature=18 27 0 6 8 12 16
split_gain=105.165 86.4595 75.1307 33.4248 85.7962 28.972 17.3459
threshold=1.0000000180025095e-35 1.0000000180025095e-35 1.0000000180025095e-35 1.0000000180025095e-35 1.0000000180025095e-35 1.0000000180025095e-35 1.0000000180025095e-35
decision_type=2 2 2 2 2 2 2
left_child=3 2 -2 4 -1 -5 -3
right_child=1 6 -4 5 -6 -7 -8
leaf_value=0.024524393885547863 -0.010050148539599004 -0.032442783713525179 0.0049735279873826792 0.028043930664791768 -0.12543180605604753 0.0043153405527843669 -0.080730593378603485
leaf_weight=116.58150146901608 5987.6369372010231 571.23135855793953 7492.9990633875132 1771.1765915751457 55.538869649171829 725.67062175273895 85.361919060349464
leaf_count=475 24974 2378 31085 7646 247 3050 370
internal_value=1.03865e-05 -0.00342701 -0.00169973 0.0182124 -0.0243077 0.0211521 -0.0388338
internal_weight=16806.2 14137.2 13480.6 2668.97 172.12 2496.85 656.593
internal_count=70225 58807 56059 11418 722 10696 2748
is_linear=0
shrinkage=0.1


Tree=23
num_leaves=8
num_cat=0
split_feature=19 15 17 11 6 8 21
split_gain=94.744 84.5082 112.604 64.0354 30.356 60.5094 29.5394
threshold=1.0000000180025095e-35 1.0000000180025095e-35 1.0000000180025095e-35 1.0000000180025095e-35 1.0000000180025095e-35 1.0000000180025095e-35 1.0000000180025095e-35
decision_type=2 2 2 2 2 2 2
left_child=4 3 -3 -2 5 -1 -6
right_child=1 2 -4 -5 6 -7 -8
leaf_value=0.030398003816500121 -0.0039973994195674723 0.011087883509212332 -0.010817290045798461 -0.026990994874054621 0.059951717105191385 -0.12555314557086486 0.020152864856421555
leaf_weight=63.230558231472969 3074.5792645365 6197.6317836642265 3775.4721008092165 1997.8629476875067 214.06563846766949 39.710402742028236 1426.0327151119709
leaf_count=258 12729 25718 15728 8318 1081 180 6213
internal_value=7.52896e-06 -0.00254989 0.00279509 -0.0130573 0.0220715 -0.0303907 0.0253808
internal_weight=16788.6 15045.5 9973.1 5072.44 1743.04 102.941 1640.1
internal_count=70225 62493 41446 21047 7732 438 7294
is_linear=0
shrinkage=0.1


Tree=24
num_leaves=8
num_cat=0
split_feature=22 1 4 6 2 6 31
split_gain=88.1828 67.5549 54.2143 48.0215 46.2087 42.649 38.6953
threshold=1.0000000180025095e-35 1.0000000180025095e-35 1.0000000180025095e-35 1.0000000180025095e-35 1.0000000180025095e-35 1.0000000180025095e-35 1.0000000180025095e-35
decision_type=2 2 2 2 2 2 2
left_child=4 3 -3 -2 5 -1 -6
right_child=1 2 -4 -5 6 -7 -8
leaf_value=-0.035146740184968432 -0.023250518859259203 0.0059517280592209839 -0.022478374299587905 0.0031199689658974461 -0.0069317363398973611 0.0053346411012890702 0.024242664122127167
leaf_weight=293.82158747315407 767.44836677610874 871.4216236025095 2906.3982387334108 6811.8331733345985 476.04414351284504 2218.7141775488853 2420.7978434860706
leaf_count=1205 3221 3592 12055 27803 2053 9500 10796
internal_value=6.63686e-06 -0.00499839 -0.0159206 0.000447082 0.0105138 0.000588558 0.0191191
internal_weight=16766.5 11357.1 3777.82 7579.28 5409.38 2512.54 2896.84
internal_count=70225 46671 15647 31024 23554 10705 12849
is_linear=0
shrinkage=0.1


end of trees

feature_importances:
discharge_disposition_id_lt=_10.0=32
change_lt=_0.5=16
number_inpatient_lt=_0.5=14
age_lt=_6.5=11
number_outpatient_lt=_0.5=9
number_inpatient_lt=_1.5=9
number_diagnoses_lt=_5.5=9
discharge_disposition_id_lt=_14.5=8
number_emergency_lt=_0.5=8
gender_lt=_0.5=6
number_inpatient_lt=_3.5=6
metformin_lt=_1.5=6
discharge_disposition_id_lt=_1.5=5
num_lab_procedures_lt=_30.5=4
age_lt=_5.5=3
num_procedures_lt=_0.5=3
number_emergency_lt=_2.5=3
diag_1_lt=_98.5=3
discharge_disposition_id_lt=_2.5=2
admission_source_id_lt=_6.5=2
num_lab_procedures_lt=_35.5=2
num_procedures_lt=_1.5=2
num_medications_lt=_6.5=2
num_medications_lt=_11.5=2
number_inpatient_lt=_2.5=2
number_diagnoses_lt=_6.5=2
admission_source_id_lt=_4.5=1
time_in_hospital_lt=_3.5=1
number_emergency_lt=_1.5=1
diag_1_lt=_96.5=1

parameters:
[boosting: gbdt]
[objective: binary]
[metric: binary_logloss]
[tree_learner: serial]
[device_type: cpu]
[data_sample_strategy: bagging]
[data: ]
[valid: ]
[num_iterations: 25]
[learning_rate: 0.1]
[num_leaves: 31]
[num_threads: 8]
[seed: 42]
[deterministic: 0]
[force_col_wise: 0]
[force_row_wise: 0]
[histogram_pool_size: -1]
[max_depth: 3]
[min_data_in_leaf: 20]
[min_sum_hessian_in_leaf: 0.001]
[bagging_fraction: 1]
[pos_bagging_fraction: 1]
[neg_bagging_fraction: 1]
[bagging_freq: 0]
[bagging_seed: 400]
[bagging_by_query: 0]
[feature_fraction: 1]
[feature_fraction_bynode: 1]
[feature_fraction_seed: 30056]
[extra_trees: 0]
[extra_seed: 12879]
[early_stopping_round: 0]
[early_stopping_min_delta: 0]
[first_metric_only: 0]
[max_delta_step: 0]
[lambda_l1: 0]
[lambda_l2: 1]
[linear_lambda: 0]
[min_gain_to_split: 0]
[drop_rate: 0.1]
[max_drop: 50]
[skip_drop: 0.5]
[xgboost_dart_mode: 0]
[uniform_drop: 0]
[drop_seed: 17869]
[top_rate: 0.2]
[other_rate: 0.1]
[min_data_per_group: 100]
[max_cat_threshold: 32]
[cat_l2: 10]
[cat_smooth: 10]
[max_cat_to_onehot: 4]
[top_k: 20]
[monotone_constraints: ]
[monotone_constraints_method: basic]
[monotone_penalty: 0]
[feature_contri: ]
[forcedsplits_filename: ]
[refit_decay_rate: 0.9]
[cegb_tradeoff: 1]
[cegb_penalty_split: 0]
[cegb_penalty_feature_lazy: ]
[cegb_penalty_feature_coupled: ]
[path_smooth: 0]
[interaction_constraints: ]
[verbosity: -1]
[saved_feature_importance_type: 0]
[use_quantized_grad: 0]
[num_grad_quant_bins: 4]
[quant_train_renew_leaf: 0]
[stochastic_rounding: 1]
[linear_tree: 0]
[max_bin: 255]
[max_bin_by_feature: ]
[min_data_in_bin: 3]
[bin_construct_sample_cnt: 200000]
[data_random_seed: 175]
[is_enable_sparse: 1]
[enable_bundle: 1]
[use_missing: 1]
[zero_as_missing: 0]
[feature_pre_filter: 1]
[pre_partition: 0]
[two_round: 0]
[header: 0]
[label_column: ]
[weight_column: ]
[group_column: ]
[ignore_column: ]
[categorical_feature: ]
[forcedbins_filename: ]
[precise_float_parser: 0]
[parser_config_file: ]
[objective_seed: 16083]
[num_class: 1]
[is_unbalance: 0]
[scale_pos_weight: 1]
[sigmoid: 1]
[boost_from_average: 1]
[reg_sqrt: 0]
[alpha: 0.9]
[fair_c: 1]
[poisson_max_delta_step: 0.7]
[tweedie_variance_power: 1.5]
[lambdarank_truncation_level: 30]
[lambdarank_norm: 1]
[label_gain: ]
[lambdarank_position_bias_regularization: 0]
[eval_at: ]
[multi_error_top_k: 1]
[auc_mu_weights: ]
[num_machines: 1]
[local_listen_port: 12400]
[time_out: 120]
[machine_list_filename: ]
[machines: ]
[gpu_platform_id: -1]
[gpu_device_id: -1]
[gpu_use_dp: 0]
[num_gpu: 1]

end of parameters

pandas_categorical:[]
