tree
version=v4
num_class=1
num_tree_per_iteration=1
label_index=0
max_feature_idx=57
objective=binary sigmoid:1
feature_names=ExternalRiskEstimate_lt=_62.5 ExternalRiskEstimate_lt=_63.5 ExternalRiskEstimate_lt=_64.5 ExternalRiskEstimate_lt=_66.5 ExternalRiskEstimate_lt=_67.5 ExternalRiskEstimate_lt=_70.5 ExternalRiskEstimate_lt=_73.5 ExternalRiskEstimate_lt=_74.5 ExternalRiskEstimate_lt=_75.5 ExternalRiskEstimate_lt=_78.5 ExternalRiskEstimate_lt=_80.5 ExternalRiskEstimate_lt=_81.5 ExternalRiskEstimate_lt=_84.5 ExternalRiskEstimate_lt=_86.5 MSinceOldestTradeOpen_lt=_29.0 MSinceOldestTradeOpen_lt=_138.5 MSinceOldestTradeOpen_lt=_213.5 MSinceOldestTradeOpen_lt=_392.0 MSinceMostRecentTradeOpen_lt=_59.5 AverageMInFile_lt=_42.5 AverageMInFile_lt=_49.5 AverageMInFile_lt=_57.5 AverageMInFile_lt=_59.5 AverageMInFile_lt=_60.5 AverageMInFile_lt=_63.5 AverageMInFile_lt=_64.5 AverageMInFile_lt=_69.5 AverageMInFile_lt=_80.5 AverageMInFile_lt=_88.5 NumSatisfactoryTrades_lt=_6.5 NumSatisfactoryTrades_lt=_9.5 NumSatisfactoryTrades_lt=_13.5 NumSatisfactoryTrades_lt=_15.5 NumSatisfactoryTrades_lt=_18.5 NumSatisfactoryTrades_lt=_19.5 NumSatisfactoryTrades_lt=_26.5 NumSatisfactoryTrades_lt=_27.5 PercentTradesNeverDelq_lt=_78.5 PercentTradesNeverDelq_lt=_91.5 PercentTradesNeverDelq_lt=_95.5 PercentInstallTrades_lt=_43.5 PercentInstallTrades_lt=_45.5 PercentInstallTrades_lt=_53.5 MSinceMostRecentInqexcl7days_lt=_-7.5 MSinceMostRecentInqexcl7days_lt=_0.5 MSinceMostRecentInqexcl7days_lt=_1.5 NetFractionRevolvingBurden_lt=_37.5 NetFractionRevolvingBurden_lt=_47.5 NetFractionRevolvingBurden_lt=_48.5 NetFractionRevolvingBurden_lt=_57.5 NetFractionRevolvingBurden_lt=_59.5 PercentTradesWBalance_lt=_2.0 PercentTradesWBalance_lt=_24.0 PercentTradesWBalance_lt=_43.5 PercentTradesWBalance_lt=_47.5 PercentTradesWBalance_lt=_73.5 PercentTradesWBalance_lt=_81.5 NumSatisfactoryTrades_lt=_14.5
feature_infos=[0:1] [0:1] [0:1] [0:1] [0:1] [0:1] [0:1] [0:1] [0:1] [0:1] [0:1] [0:1] [0:1] [0:1] [0:1] [0:1] [0:1] [0:1] [0:1] [0:1] [0:1] [0:1] [0:1] [0:1] [0:1] [0:1] [0:1] [0:1] [0:1] [0:1] [0:1] [0:1] [0:1] [0:1] [0:1] [0:1] [0:1] [0:1] [0:1] [0:1] [0:1] [0:1] [0:1] [0:1] [0:1] [0:1] [0:1] [0:1] [0:1] [0:1] [0:1] [0:1] [0:1] [0:1] [0:1] [0:1] [0:1] [0:1]
tree_sizes=1013 1017 1017 1019 1020 1010 1018 1016 1014 1023 1022 1010 1019 1020 1016 1020 1016 909 1025 1017 1019 1019 1026 1021 1022

Tree=0
num_leaves=8
num_cat=0
split_feature=7 4 54 11 44 32 15
split_gain=1324.43 138.635 106.371 86.442 70.4804 56.6493 20.5613
threshold=1.0000000180025095e-35 1.0000000180025095e-35 1.0000000180025095e-35 1.0000000180025095e-35 1.0000000180025095e-35 1.0000000180025095e-35 1.0000000180025095e-35
decision_type=2 2 2 2 2 2 2
left_child=3 4 -3 6 -2 -5 -1
right_child=1 2 -4 5 -6 -7 -8
leaf_value=0.054572522073450369 -0.046806475511535738 -0.19338017742234548 -0.10412911302370191 0.0037864437556493352 -0.13167318015720481 -0.080851891287570407 -0.013555608992751392
leaf_weight=355.31508493423462 136.98594215512276 651.24464303255081 168.42533871531487 273.72236528992653 336.10212036967278 111.2854830622673 54.644665449857712
leaf_count=1424 549 2610 675 1097 1347 446 219
internal_value=-0.0877819 -0.150226 -0.175083 0.0137139 -0.107065 -0.0205967 0.0456942
internal_weight=2087.73 1292.76 819.67 794.968 473.088 385.008 409.96
internal_count=8367 5181 3285 3186 1896 1543 1643
is_linear=0
shrinkage=1


Tree=1
num_leaves=8
num_cat=0
split_feature=6 9 55 1 44 5 20
split_gain=1075.46 98.0491 97.2529 46.2107 44.4692 34.9852 33.352
threshold=1.0000000180025095e-35 1.0000000180025095e-35 1.0000000180025095e-35 1.0000000180025095e-35 1.0000000180025095e-35 1.0000000180025095e-35 1.0000000180025095e-35
decision_type=2 2 2 2 2 2 2
left_child=1 6 3 -2 -3 -4 -1
right_child=2 4 5 -5 -6 -7 -8
leaf_value=0.11518177541296289 -0.063078504073155336 0.095180038648766813 0.013912408491801118 -0.11935153117247772 0.009659539265643044 -0.044379595921486013 0.0053598476998478455
leaf_weight=546.92586743831635 325.00818286836147 88.714237421751022 128.84425356984138 271.45426785945892 189.49341037869453 503.58148224651814 29.228322550654411
leaf_count=2189 1308 355 517 1096 759 2026 117
internal_value=-7.88867e-06 0.0861065 -0.0598986 -0.0888457 0.0371733 -0.0325005 0.109629
internal_weight=2083.25 854.362 1228.89 596.462 278.208 632.426 576.154
internal_count=8367 3420 4947 2404 1114 2543 2306
is_linear=0
shrinkage=0.1


Tree=2
num_leaves=8
num_cat=0
split_feature=7 4 54 10 36 32 30
split_gain=878.299 98.63 81.4453 60.7387 57.9828 38.3037 19.7723
threshold=1.0000000180025095e-35 1.0000000180025095e-35 1.0000000180025095e-35 1.0000000180025095e-35 1.0000000180025095e-35 1.0000000180025095e-35 1.0000000180025095e-35
decision_type=2 2 2 2 2 2 2
left_child=3 4 -3 6 -2 -5 -1
right_child=1 2 -4 5 -6 -7 -8
leaf_value=0.11418794571727019 0.040122898184685118 -0.088674316476962584 -0.010357072560176877 0.071504846022582766 -0.037124084617466739 -0.0029919553745399292 0.050306672153902832
leaf_weight=400.50287142395973 135.6376835256815 640.26565144956112 167.82296821475029 238.08784960210323 335.85813981294632 96.918208837509155 57.700607553124428
leaf_count=1612 545 2610 675 954 1351 388 232
internal_value=-1.57981e-05 -0.0512544 -0.0724424 0.0826014 -0.0148642 0.0500079 0.106271
internal_weight=2072.79 1279.58 808.089 793.21 471.496 335.006 458.203
internal_count=8367 5181 3285 3186 1896 1342 1844
is_linear=0
shrinkage=0.1


Tree=3
num_leaves=8
num_cat=0
split_feature=6 49 9 40 44 30 44
split_gain=719.652 77.8462 68.4491 44.6551 35.6769 25.7851 25.6706
threshold=1.0000000180025095e-35 1.0000000180025095e-35 1.0000000180025095e-35 1.0000000180025095e-35 1.0000000180025095e-35 1.0000000180025095e-35 1.0000000180025095e-35
decision_type=2 2 2 2 2 2 2
left_child=2 6 5 -3 -4 -1 -2
right_child=1 3 4 -5 -6 -7 -8
leaf_value=0.098531834856575726 -0.038187301924828165 -0.069959683966227301 0.081984778726580831 -0.016605787774660773 0.0052844655710504417 0.032695303637003938 -0.097978958325138907
leaf_weight=499.0363142490387 94.764402538537979 214.26880395412445 88.336608126759529 581.86508558690548 189.30178551375866 68.968227088451385 320.68881097435951
leaf_count=2028 389 876 355 2361 759 278 1321
internal_value=-1.34955e-05 -0.0494107 0.0707347 -0.031035 0.029895 0.0906093 -0.084465
internal_weight=2057.23 1211.59 845.643 796.134 277.638 568.005 415.453
internal_count=8367 4947 3420 3237 1114 2306 1710
is_linear=0
shrinkage=0.1


Tree=4
num_leaves=8
num_cat=0
split_feature=7 4 54 22 44 47 44
split_gain=590.011 77.7264 62.0466 51.9467 51.378 43.427 21.4762
threshold=1.0000000180025095e-35 1.0000000180025095e-35 1.0000000180025095e-35 1.0000000180025095e-35 1.0000000180025095e-35 1.0000000180025095e-35 1.0000000180025095e-35
decision_type=2 2 2 2 2 2 2
left_child=3 4 -3 5 -2 -1 -5
right_child=1 2 -4 6 -6 -7 -8
leaf_value=-0.014017410009919724 0.041408936969832118 -0.075899826814519511 -0.0072970889697210606 0.069573810230060457 -0.031224517857733204 0.086052188033477639 -0.022640216923221799
leaf_weight=46.355991676449776 136.63096210360527 623.72362259030342 167.38749119639397 35.792570352554321 332.28406392037868 617.85484544932842 79.593223974108696
leaf_count=187 549 2610 675 145 1347 2533 321
internal_value=-1.34661e-05 -0.0423089 -0.061412 0.0683133 -0.0100177 0.0790576 0.0063165
internal_weight=2039.62 1260.03 791.111 779.597 468.915 664.211 115.386
internal_count=8367 5181 3285 3186 1896 2720 466
is_linear=0
shrinkage=0.1


Tree=5
num_leaves=8
num_cat=0
split_feature=5 9 43 44 44 45 0
split_gain=490.383 94.6637 52.8941 58.7234 43.1444 25.177 18.5802
threshold=1.0000000180025095e-35 1.0000000180025095e-35 1.0000000180025095e-35 1.0000000180025095e-35 1.0000000180025095e-35 1.0000000180025095e-35 1.0000000180025095e-35
decision_type=2 2 2 2 2 2 2
left_child=1 5 3 -2 -3 -1 -4
right_child=2 4 6 -5 -6 -7 -8
leaf_value=0.10796205859640517 -0.013589812145743863 0.060139044552994729 0.13843385188801191 -0.074322119101165332 -0.0046210871380004976 0.061591378056861171 -0.0019706222593693034
leaf_weight=173.94660978019238 211.89855542778969 148.459044739604 9.2170851379632932 645.61681778728962 329.65457612276077 379.00368812680244 121.26733477413654
leaf_count=727 881 601 38 2720 1331 1579 490
internal_value=-1.23008e-05 0.0482072 -0.0503314 -0.059348 0.0155711 0.0763472 0.00892461
internal_weight=2019.06 1031.06 988 857.515 478.114 552.95 130.484
internal_count=8367 4238 4129 3601 1932 2306 528
is_linear=0
shrinkage=0.1


Tree=6
num_leaves=8
num_cat=0
split_feature=6 56 11 45 44 21 15
split_gain=402.317 58.6952 48.8424 37.128 30.9026 28.4084 15.543
threshold=1.0000000180025095e-35 1.0000000180025095e-35 1.0000000180025095e-35 1.0000000180025095e-35 1.0000000180025095e-35 1.0000000180025095e-35 1.0000000180025095e-35
decision_type=2 2 2 2 2 2 2
left_child=2 5 6 -4 -3 -2 -1
right_child=1 4 3 -5 -6 -7 -8
leaf_value=0.087719943641385856 -0.046046827945849106 0.014411885935890415 0.077521069560716832 0.012453256728514051 -0.032396366763966213 -0.10037042111078287 0.028498037528016947
leaf_weight=332.06714242696762 239.89946633577347 184.56004671752453 121.02746713161469 313.50542622804642 590.49108281731606 163.7570053935051 52.538696497678757
leaf_count=1424 1027 757 502 1275 2458 705 219
internal_value=7.09013e-07 -0.0373968 0.0537942 0.0307125 -0.0212459 -0.0682786 0.0797249
internal_weight=1997.85 1178.71 819.139 434.533 775.051 403.656 384.606
internal_count=8367 4947 3420 1777 3215 1732 1643
is_linear=0
shrinkage=0.1


Tree=7
num_leaves=8
num_cat=0
split_feature=5 25 43 33 46 19 0
split_gain=340.85 78.6304 43.7682 47.2902 41.023 23.4316 15.2873
threshold=1.0000000180025095e-35 1.0000000180025095e-35 1.0000000180025095e-35 1.0000000180025095e-35 1.0000000180025095e-35 1.0000000180025095e-35 1.0000000180025095e-35
decision_type=2 2 2 2 2 2 2
left_child=1 4 3 -2 -1 -3 -4
right_child=2 5 6 -5 -6 -7 -8
leaf_value=0.0084283421413836445 -0.027839498956009491 0.010718894243027835 0.12814703160642293 -0.07549738189084082 0.067835652277795422 -0.057728197903871285 0.0014551435108630718
leaf_weight=143.61324314773083 434.75522856414318 182.91584432125092 9.3416338115930539 401.91020350158215 615.74339592456818 67.719983607530594 120.82625615596771
leaf_count=587 1856 753 38 1745 2623 275 490
internal_value=6.56567e-06 0.0406139 -0.0424116 -0.0507958 0.0566261 -0.00793093 0.011455
internal_weight=1976.83 1009.99 966.833 836.665 759.357 250.636 130.168
internal_count=8367 4238 4129 3601 3210 1028 528
is_linear=0
shrinkage=0.1


Tree=8
num_leaves=8
num_cat=0
split_feature=8 56 44 45 43 21 47
split_gain=281.888 59.2278 35.4009 31.6083 39.0298 25.5289 11.403
threshold=1.0000000180025095e-35 1.0000000180025095e-35 1.0000000180025095e-35 1.0000000180025095e-35 1.0000000180025095e-35 1.0000000180025095e-35 1.0000000180025095e-35
decision_type=2 2 2 2 2 2 2
left_child=3 5 -3 6 -5 -2 -1
right_child=1 2 -4 4 -6 -7 -8
leaf_value=-0.016932022804161347 -0.038174405230908585 0.022597204181150212 -0.024271903752542345 0.026386129212879118 0.11017923175520677 -0.089047031980863833 0.090441456067086728
leaf_weight=10.116574436426161 249.07081133127213 213.2440155595541 650.52626647055149 410.75764095783234 63.535316914319992 165.54750160872936 193.29973275959492
leaf_count=42 1087 880 2731 1752 277 743 855
internal_value=5.28045e-06 -0.0276299 -0.0126883 0.0520984 0.0378191 -0.058652 0.0850447
internal_weight=1956.1 1278.39 863.77 677.709 474.293 414.618 203.416
internal_count=8367 5441 3611 2926 2029 1830 897
is_linear=0
shrinkage=0.1


Tree=9
num_leaves=8
num_cat=0
split_feature=5 25 50 46 41 35 28
split_gain=240.578 60.6586 39.6605 30.4713 28.4663 20.076 18.5695
threshold=1.0000000180025095e-35 1.0000000180025095e-35 1.0000000180025095e-35 1.0000000180025095e-35 1.0000000180025095e-35 1.0000000180025095e-35 1.0000000180025095e-35
decision_type=2 2 2 2 2 2 2
left_child=1 3 6 -1 -4 -3 -2
right_child=2 5 4 -5 -6 -7 -8
leaf_value=0.007262560579962208 -0.022145959610391858 0.048463402454190528 -0.060042059473955633 0.058693814994327125 -0.0094276705416563786 -0.022344980638574239 -0.078040309360299959
leaf_weight=143.0022224932909 79.815265014767647 49.044516041874886 143.89405019581318 598.04307980835438 478.90943939983845 199.65800200402737 243.84072484076023
leaf_count=587 355 203 639 2623 2025 825 1110
internal_value=1.35423e-05 0.0344665 -0.0360135 0.0487921 -0.0211992 -0.0082433 -0.0643671
internal_weight=1936.21 989.748 946.459 741.045 622.803 248.703 323.656
internal_count=8367 4238 4129 3210 2664 1028 1465
is_linear=0
shrinkage=0.1


Tree=10
num_leaves=8
num_cat=0
split_feature=5 20 39 50 41 28 57
split_gain=197.494 50.8788 47.2806 33.7228 23.8304 16.0285 7.6897
threshold=1.0000000180025095e-35 1.0000000180025095e-35 1.0000000180025095e-35 1.0000000180025095e-35 1.0000000180025095e-35 1.0000000180025095e-35 1.0000000180025095e-35
decision_type=2 2 2 2 2 2 2
left_child=1 2 -1 5 -5 -2 -3
right_child=3 6 -4 4 -6 -7 -8
leaf_value=0.052459699246886815 -0.020101709196379804 -0.0012215269964809179 -0.0014297654307436946 -0.055160387467281115 -0.0085046539565854021 -0.072333886192621724 -0.05654809853854631
leaf_weight=660.55551111698151 79.270486533641815 41.773065388202667 215.88452681899071 141.19932059943676 477.95830503106117 237.20257098972797 62.19047275185585
leaf_count=2907 355 171 905 639 2025 1110 255
internal_value=4.4463e-06 0.0313524 0.0391992 -0.032842 -0.0192163 -0.0593552 -0.034541
internal_weight=1916.03 980.404 876.44 935.631 619.158 316.473 103.964
internal_count=8367 4238 3812 4129 2664 1465 426
is_linear=0
shrinkage=0.1


Tree=11
num_leaves=8
num_cat=0
split_feature=8 44 43 1 45 43 49
split_gain=166.924 47.3062 48.652 30.5985 28.0872 33.6517 10.6573
threshold=1.0000000180025095e-35 1.0000000180025095e-35 1.0000000180025095e-35 1.0000000180025095e-35 1.0000000180025095e-35 1.0000000180025095e-35 1.0000000180025095e-35
decision_type=2 2 2 2 2 2 2
left_child=4 3 -3 -2 6 -6 -1
right_child=1 2 -4 -5 5 -7 -8
leaf_value=-0.070373704474366736 0.03277586926491035 -0.041823630430406121 0.022216665586256387 -0.038008640530024874 0.016897562787500191 0.097005813774904734 0.07675234893104789
leaf_weight=4.3147439360618582 217.5604895055294 806.55521050095558 138.40949109196663 83.81484180688858 399.08005404472351 59.504276037216187 187.4494017213583
leaf_count=18 908 3596 564 373 1752 277 879
internal_value=-9.64492e-06 -0.0214359 -0.03243 0.0130295 0.0410219 0.0274806 0.0730941
internal_weight=1896.69 1246.34 944.965 301.375 650.348 458.584 191.764
internal_count=8367 5441 4160 1281 2926 2029 897
is_linear=0
shrinkage=0.1


Tree=12
num_leaves=8
num_cat=0
split_feature=5 29 45 50 16 27 13
split_gain=140.022 44.3058 38.2092 27.2255 21.6768 14.4856 11.0502
threshold=1.0000000180025095e-35 1.0000000180025095e-35 1.0000000180025095e-35 1.0000000180025095e-35 1.0000000180025095e-35 1.0000000180025095e-35 1.0000000180025095e-35
decision_type=2 2 2 2 2 2 2
left_child=1 2 -1 5 -5 -2 -3
right_child=3 6 -4 4 -6 -7 -8
leaf_value=0.064596928392170294 -0.022039732071637137 0.027881330298252467 0.018950397497316002 0.017077401168925838 -0.026494378001341891 -0.068089806568629882 -0.085714205743479766
leaf_weight=254.40286111831665 105.52736546099186 10.231958732008932 655.42154009640217 150.9648297727108 460.29920837283134 199.73221072554588 41.063233733177185
leaf_count=1176 486 47 2844 657 2007 979 171
internal_value=1.65624e-06 0.0266551 0.0317709 -0.0279473 -0.0157231 -0.0522944 -0.0629552
internal_weight=1877.64 961.12 909.824 916.524 611.264 305.26 51.2952
internal_count=8367 4238 4020 4129 2664 1465 218
is_linear=0
shrinkage=0.1


Tree=13
num_leaves=8
num_cat=0
split_feature=9 1 35 52 31 13 12
split_gain=122.864 48.2253 48.2338 38.1544 19.4586 13.7068 10.0634
threshold=1.0000000180025095e-35 1.0000000180025095e-35 1.0000000180025095e-35 1.0000000180025095e-35 1.0000000180025095e-35 1.0000000180025095e-35 1.0000000180025095e-35
decision_type=2 2 2 2 2 2 2
left_child=4 2 -2 -3 6 -6 -1
right_child=1 3 -4 -5 5 -7 -8
leaf_value=0.076276018334468884 0.032623863605045433 -0.057388710415558444 -0.017301261071597459 0.0075890376783785173 0.050486173323061281 -0.01495029635095447 0.041371074137546926
leaf_weight=139.62868629395962 281.02160216867924 356.27762858569622 615.6297857016325 120.67593249678612 51.186328381299973 81.967492610216141 214.53264386951923
leaf_count=691 1193 1711 2665 492 245 363 1007
internal_value=-5.59911e-06 -0.0153121 -0.0016352 -0.0409669 0.0430822 0.0103933 0.0553084
internal_weight=1860.92 1373.6 896.651 476.954 487.315 133.154 354.161
internal_count=8367 6061 3858 2203 2306 608 1698
is_linear=0
shrinkage=0.1


Tree=14
num_leaves=8
num_cat=0
split_feature=9 44 43 37 30 12 41
split_gain=101.452 42.8413 43.8422 25.1195 17.3293 13.4404 5.59746
threshold=1.0000000180025095e-35 1.0000000180025095e-35 1.0000000180025095e-35 1.0000000180025095e-35 1.0000000180025095e-35 1.0000000180025095e-35 1.0000000180025095e-35
decision_type=2 2 2 2 2 2 2
left_child=4 3 -3 -2 5 -1 -6
right_child=1 2 -4 -5 6 -7 -8
leaf_value=0.068498624106739597 0.026595114176952692 -0.032531273877983186 0.026658432177466475 -0.05754668029252058 -0.058260302171011115 0.031747480227771706 0.0084821167244073948
leaf_weight=170.43128062784672 301.68569968640804 878.2158165872097 145.13405510783195 39.242359071969986 16.13901099562645 245.65443898737431 46.366931334137917
leaf_count=867 1306 3987 592 176 70 1161 208
internal_value=2.46899e-06 -0.0138962 -0.024119 0.01677 0.0395685 0.0469291 -0.00939679
internal_weight=1842.87 1364.28 1023.35 340.928 478.592 416.086 62.5059
internal_count=8367 6061 4579 1482 2306 2028 278
is_linear=0
shrinkage=0.1


Tree=15
num_leaves=8
num_cat=0
split_feature=4 24 43 44 54 27 2
split_gain=86.7432 51.2154 26.3034 22.8918 21.6772 18.7992 7.61824
threshold=1.0000000180025095e-35 1.0000000180025095e-35 1.0000000180025095e-35 1.0000000180025095e-35 1.0000000180025095e-35 1.0000000180025095e-35 1.0000000180025095e-35
decision_type=2 2 2 2 2 2 2
left_child=1 2 -1 -3 5 -2 -6
right_child=4 3 -4 -5 6 -7 -8
leaf_value=0.024904631692954374 -0.0099164950672550045 0.025534174572692421 0.091325033285334936 -0.034617283446159962 0.064415814854017331 -0.05027063264124302 -0.003569515295608948
leaf_weight=756.44577375054359 169.80877123773098 87.599984675645828 63.959746450185776 221.32869511842728 17.554078459739685 363.45955519378185 146.90911459922791
leaf_count=3447 799 375 313 947 73 1811 602
internal_value=7.68382e-06 0.0171297 0.0301877 -0.0175333 -0.0276905 -0.0374633 0.00403239
internal_weight=1827.07 1129.33 820.406 308.929 697.732 533.268 164.463
internal_count=8367 5082 3760 1322 3285 2610 675
is_linear=0
shrinkage=0.1


Tree=16
num_leaves=8
num_cat=0
split_feature=9 35 43 1 31 13 48
split_gain=73.6319 37.8152 28.2669 23.9246 15.3195 10.217 7.94011
threshold=1.0000000180025095e-35 1.0000000180025095e-35 1.0000000180025095e-35 1.0000000180025095e-35 1.0000000180025095e-35 1.0000000180025095e-35 1.0000000180025095e-35
decision_type=2 2 2 2 2 2 2
left_child=4 3 -3 -2 6 -6 -1
right_child=1 2 -4 -5 5 -7 -8
leaf_value=-0.047501359787771452 0.029858930158623231 -0.029212437911275743 0.019373780451347248 -0.027825570493138177 0.040905223498694798 -0.016616793441568124 0.048014286465547604
leaf_weight=8.1798630207777006 279.46759997308254 832.50950333476067 139.11781369149685 95.808855295181274 48.487502694129944 81.170058235526085 326.95410339534283
leaf_count=36 1193 3840 566 462 245 363 1662
internal_value=8.7101e-06 -0.0118358 -0.0222431 0.0150971 0.0342843 0.00504291 0.0455486
internal_weight=1811.7 1346.9 971.627 375.276 464.792 129.658 335.134
internal_count=8367 6061 4406 1655 2306 608 1698
is_linear=0
shrinkage=0.1


Tree=17
num_leaves=7
num_cat=0
split_feature=1 43 44 52 27 39
split_gain=67.2609 44.8087 58.5451 21.5469 16.3746 2.45138
threshold=1.0000000180025095e-35 1.0000000180025095e-35 1.0000000180025095e-35 1.0000000180025095e-35 1.0000000180025095e-35 1.0000000180025095e-35
decision_type=2 2 2 2 2 2
left_child=1 2 -1 4 -2 -3
right_child=3 5 -4 -5 -6 -7
leaf_value=0.037476752076434305 -0.01389359249532719 0.075009479154352965 -0.0080991581011993687 0.0029726837029714907 -0.061368906033989916 0.12351475657756786
leaf_weight=420.11977411806583 107.67680305242538 52.347457766532898 851.472985714674 121.30056923627853 226.96629601716995 17.466479852795601
leaf_count=1968 520 274 3846 492 1191 76
internal_value=1.3314e-05 0.0112934 0.00697622 -0.0331253 -0.0461799 0.0887177
internal_weight=1797.35 1341.41 1271.59 455.944 334.643 69.8139
internal_count=8367 6164 5814 2203 1711 350
is_linear=0
shrinkage=0.1


Tree=18
num_leaves=8
num_cat=0
split_feature=2 23 39 44 52 16 43
split_gain=55.6014 45.8048 29.5433 16.7037 15.712 12.8274 0.00543472
threshold=1.0000000180025095e-35 1.0000000180025095e-35 1.0000000180025095e-35 1.0000000180025095e-35 1.0000000180025095e-35 1.0000000180025095e-35 1.0000000180025095e-35
decision_type=2 2 2 2 2 2 2
left_child=1 2 -1 -3 5 -2 -6
right_child=4 3 -4 -5 6 -7 -8
leaf_value=0.035027190980063898 -0.0094796399968083023 0.014540981411838056 -0.001696076618503651 -0.035229854847948348 0.0060075729517850528 -0.050257329500317464 0.0026624715155989347
leaf_weight=618.96296460926533 109.20956081151962 93.558648705482483 338.63712881505489 236.24591828882694 4.8500328212976447 266.22934922575951 116.96634465456009
leaf_count=2976 532 406 1490 1059 21 1410 473
internal_value=1.71326e-05 0.0109875 0.0220525 -0.0211096 -0.0283504 -0.0384524 0.00284349
internal_weight=1784.66 1287.4 957.6 329.805 497.255 375.439 121.816
internal_count=8367 5931 4466 1465 2436 1942 494
is_linear=0
shrinkage=0.1


Tree=19
num_leaves=8
num_cat=0
split_feature=46 39 19 45 43 29 43
split_gain=49.771 47.0722 43.4391 20.7619 19.1055 9.57643 8.65177
threshold=1.0000000180025095e-35 1.0000000180025095e-35 1.0000000180025095e-35 1.0000000180025095e-35 1.0000000180025095e-35 1.0000000180025095e-35 1.0000000180025095e-35
decision_type=2 2 2 2 2 2 2
left_child=3 2 -2 5 -5 -1 -3
right_child=1 6 -4 4 -6 -7 -8
leaf_value=0.019009405275571923 0.041402954253113827 -0.017531446213437 -0.042172533869241073 -0.034045115570764221 0.072145239397603131 -0.098984736830883158 0.01232723992950906
leaf_weight=131.29460115730762 535.73846755921841 368.45929186046124 69.524909019470215 511.47779630124569 16.610772579908371 6.2688792794942847 130.80622211098671
leaf_count=590 2653 1666 307 2513 72 30 536
internal_value=8.18466e-06 0.0130218 0.0317491 -0.0215727 -0.0305749 0.0129568 -0.00969955
internal_weight=1770.18 1104.53 605.263 665.652 528.089 137.563 499.266
internal_count=8367 5162 2960 3205 2585 620 2202
is_linear=0
shrinkage=0.1


Tree=20
num_leaves=8
num_cat=0
split_feature=26 38 41 50 45 43 31
split_gain=43.9782 41.2067 26.5865 23.4903 13.722 12.8627 11.0356
threshold=1.0000000180025095e-35 1.0000000180025095e-35 1.0000000180025095e-35 1.0000000180025095e-35 1.0000000180025095e-35 1.0000000180025095e-35 1.0000000180025095e-35
decision_type=2 2 2 2 2 2 2
left_child=1 3 6 -1 -4 -3 -2
right_child=2 5 4 -5 -6 -7 -8
leaf_value=-0.017355786172270776 -0.02653691485886607 -0.020790810575083515 0.027693738151315702 0.036052032289428819 -0.013346329121824853 0.079160151868180442 -0.073452748898831591
leaf_weight=95.735253944993019 109.98772440850735 286.6925542652607 96.548385456204414 565.84261584281921 494.27103117108345 12.507801994681357 94.033393085002899
leaf_count=436 541 1345 448 2799 2261 54 483
internal_value=5.99087e-06 0.014395 -0.0173833 0.028309 -0.00660433 -0.0163627 -0.0484132
internal_weight=1755.62 960.778 794.841 661.578 590.819 299.2 204.021
internal_count=8367 4634 3733 3235 2709 1399 1024
is_linear=0
shrinkage=0.1


Tree=21
num_leaves=8
num_cat=0
split_feature=45 46 29 15 39 0 9
split_gain=39.1998 29.9402 20.6378 20.2252 16.9088 15.4898 1.32604
threshold=1.0000000180025095e-35 1.0000000180025095e-35 1.0000000180025095e-35 1.0000000180025095e-35 1.0000000180025095e-35 1.0000000180025095e-35 1.0000000180025095e-35
decision_type=2 2 2 2 2 2 2
left_child=2 5 4 -3 -1 -2 -4
right_child=1 3 6 -5 -6 -7 -8
leaf_value=0.05120221440672218 -0.01524372262944958 0.015754403823282817 -0.022336357478793464 -0.016140635140464835 0.0069865046294316268 -0.052714885968044668 -0.085089296442556361
leaf_weight=218.51423396170139 359.04192385077477 524.48043343424797 5.4859489649534234 318.85011939704418 143.31101630628109 159.12004329264164 14.07383506000042
leaf_count=1132 1677 2503 26 1407 648 908 66
internal_value=4.19054e-06 -0.00793622 0.028297 0.00369055 0.0337569 -0.0268299 -0.0694314
internal_weight=1742.88 1361.49 381.385 843.331 361.825 518.162 19.5598
internal_count=8367 6495 1872 3910 1780 2585 92
is_linear=0
shrinkage=0.1


Tree=22
num_leaves=8
num_cat=0
split_feature=33 41 45 12 43 49 39
split_gain=33.5825 23.8216 22.9363 19.7761 16.3975 12.8002 12.1368
threshold=1.0000000180025095e-35 1.0000000180025095e-35 1.0000000180025095e-35 1.0000000180025095e-35 1.0000000180025095e-35 1.0000000180025095e-35 1.0000000180025095e-35
decision_type=2 2 2 2 2 2 2
left_child=2 4 6 -4 -2 -3 -1
right_child=1 5 3 -5 -6 -7 -8
leaf_value=0.057523880858155602 -0.048756074211632305 -0.033881368322615957 0.063496827964756627 -0.0010679271726917407 0.081000761514478131 0.0025322379486372704 0.0097417210709892874
leaf_weight=148.76453091204166 207.18266470730305 118.17829146981239 50.462589621543884 606.62251205742359 9.3363955765962583 507.51184296607971 83.141988337039948
leaf_count=786 1069 629 289 2828 46 2350 370
internal_value=-5.55635e-06 -0.0143063 0.0135434 0.00397945 -0.0428142 -0.00438853 0.0405086
internal_weight=1731.2 842.209 888.992 657.085 216.519 625.69 231.907
internal_count=8367 4094 4273 3117 1115 2979 1156
is_linear=0
shrinkage=0.1


Tree=23
num_leaves=8
num_cat=0
split_feature=26 38 41 50 43 46 31
split_gain=30.5185 27.8963 19.1737 16.4231 10.1252 9.38561 8.04841
threshold=1.0000000180025095e-35 1.0000000180025095e-35 1.0000000180025095e-35 1.0000000180025095e-35 1.0000000180025095e-35 1.0000000180025095e-35 1.0000000180025095e-35
decision_type=2 2 2 2 2 2 2
left_child=1 3 6 -1 -3 -4 -2
right_child=2 4 5 -5 -6 -7 -8
leaf_value=-0.01459216846530402 -0.02279644957414035 -0.017301815259267089 -0.022653709870227447 0.030361586301547533 0.07178915300702228 0.0038498233735776394 -0.063632715056890693
leaf_weight=94.67943000793457 107.8887237906456 282.31567397713661 205.02476623654366 551.11024820804596 12.38262654840946 379.51348151266575 89.056062281131744
leaf_count=436 541 1345 1050 2799 54 1659 483
internal_value=6.10627e-06 0.0121357 -0.0145883 0.0237585 -0.0133283 -0.00546901 -0.0414903
internal_weight=1721.97 940.488 781.483 645.79 294.698 584.538 196.945
internal_count=8367 4634 3733 3235 1399 2709 1024
is_linear=0
shrinkage=0.1


Tree=24
num_leaves=8
num_cat=0
split_feature=45 43 0 19 37 47 46
split_gain=27.7635 24.0904 22.0689 20.7235 16.5233 10.5633 3.95591
threshold=1.0000000180025095e-35 1.0000000180025095e-35 1.0000000180025095e-35 1.0000000180025095e-35 1.0000000180025095e-35 1.0000000180025095e-35 1.0000000180025095e-35
decision_type=2 2 2 2 2 2 2
left_child=4 3 -3 -2 5 -1 -6
right_child=1 2 -4 -5 6 -7 -8
leaf_value=0.0011401344676066575 -0.0068794342346168548 0.073875372130793357 0.0014906103097192187 -0.046624655671377496 -0.0048323497030944894 0.041021822390470884 -0.076406720999684249
leaf_weight=90.302993327379227 1004.2321585416794 63.701576501131058 120.80343043804169 149.99992826581001 13.91069144010544 250.64989778399467 16.769063323736191
leaf_count=405 4845 351 490 809 71 1319 77
internal_value=1.85341e-06 -0.00671351 0.0267454 -0.0120805 0.0241458 0.0304932 -0.0451307
internal_weight=1710.37 1338.74 184.505 1154.23 371.633 340.953 30.6798
internal_count=8367 6495 841 5654 1872 1724 148
is_linear=0
shrinkage=0.1


end of trees

feature_importances:
MSinceMostRecentInqexcl7days_lt=_-7.5=16
MSinceMostRecentInqexcl7days_lt=_0.5=15
MSinceMostRecentInqexcl7days_lt=_1.5=10
ExternalRiskEstimate_lt=_78.5=7
ExternalRiskEstimate_lt=_70.5=6
PercentTradesNeverDelq_lt=_95.5=6
PercentInstallTrades_lt=_45.5=6
NetFractionRevolvingBurden_lt=_37.5=6
ExternalRiskEstimate_lt=_63.5=5
NetFractionRevolvingBurden_lt=_59.5=5
ExternalRiskEstimate_lt=_62.5=4
ExternalRiskEstimate_lt=_67.5=4
NumSatisfactoryTrades_lt=_13.5=4
PercentTradesWBalance_lt=_47.5=4
ExternalRiskEstimate_lt=_73.5=3
ExternalRiskEstimate_lt=_74.5=3
ExternalRiskEstimate_lt=_84.5=3
ExternalRiskEstimate_lt=_86.5=3
MSinceOldestTradeOpen_lt=_138.5=3
AverageMInFile_lt=_42.5=3
AverageMInFile_lt=_80.5=3
NumSatisfactoryTrades_lt=_6.5=3
NumSatisfactoryTrades_lt=_9.5=3
NumSatisfactoryTrades_lt=_26.5=3
NetFractionRevolvingBurden_lt=_47.5=3
NetFractionRevolvingBurden_lt=_57.5=3
PercentTradesWBalance_lt=_24.0=3
ExternalRiskEstimate_lt=_64.5=2
ExternalRiskEstimate_lt=_75.5=2
ExternalRiskEstimate_lt=_81.5=2
MSinceOldestTradeOpen_lt=_213.5=2
AverageMInFile_lt=_49.5=2
AverageMInFile_lt=_57.5=2
AverageMInFile_lt=_64.5=2
AverageMInFile_lt=_69.5=2
AverageMInFile_lt=_88.5=2
NumSatisfactoryTrades_lt=_15.5=2
NumSatisfactoryTrades_lt=_18.5=2
PercentTradesNeverDelq_lt=_78.5=2
PercentTradesNeverDelq_lt=_91.5=2
PercentTradesWBalance_lt=_81.5=2
ExternalRiskEstimate_lt=_80.5=1
AverageMInFile_lt=_59.5=1
AverageMInFile_lt=_60.5=1
AverageMInFile_lt=_63.5=1
NumSatisfactoryTrades_lt=_27.5=1
PercentInstallTrades_lt=_43.5=1
NetFractionRevolvingBurden_lt=_48.5=1
PercentTradesWBalance_lt=_73.5=1
NumSatisfactoryTrades_lt=_14.5=1

parameters:
[boosting: gbdt]
[objective: binary]
[metric: binary_logloss]
[tree_learner: serial]
[device_type: cpu]
[data_sample_strategy: bagging]
[data: ]
[valid: ]
[num_iterations: 25]
[learning_rate: 0.1]
[num_leaves: 31]
[num_threads: 8]
[seed: 42]
[deterministic: 0]
[force_col_wise: 0]
[force_row_wise: 0]
[histogram_pool_size: -1]
[max_depth: 3]
[min_data_in_leaf: 20]
[min_sum_hessian_in_leaf: 0.001]
[bagging_fraction: 1]
[pos_bagging_fraction: 1]
[neg_bagging_fraction: 1]
[bagging_freq: 0]
[bagging_seed: 400]
[bagging_by_query: 0]
[feature_fraction: 1]
[feature_fraction_bynode: 1]
[feature_fraction_seed: 30056]
[extra_trees: 0]
[extra_seed: 12879]
[early_stopping_round: 0]
[early_stopping_min_delta: 0]
[first_metric_only: 0]
[max_delta_step: 0]
[lambda_l1: 0]
[lambda_l2: 1]
[linear_lambda: 0]
[min_gain_to_split: 0]
[drop_rate: 0.1]
[max_drop: 50]
[skip_drop: 0.5]
[xgboost_dart_mode: 0]
[uniform_drop: 0]
[drop_seed: 17869]
[top_rate: 0.2]
[other_rate: 0.1]
[min_data_per_group: 100]
[max_cat_threshold: 32]
[cat_l2: 10]
[cat_smooth: 10]
[max_cat_to_onehot: 4]
[top_k: 20]
[monotone_constraints: ]
[monotone_constraints_method: basic]
[monotone_penalty: 0]
[feature_contri: ]
[forcedsplits_filename: ]
[refit_decay_rate: 0.9]
[cegb_tradeoff: 1]
[cegb_penalty_split: 0]
[cegb_penalty_feature_lazy: ]
[cegb_penalty_feature_coupled: ]
[path_smooth: 0]
[interaction_constraints: ]
[verbosity: -1]
[saved_feature_importance_type: 0]
[use_quantized_grad: 0]
[num_grad_quant_bins: 4]
[quant_train_renew_leaf: 0]
[stochastic_rounding: 1]
[linear_tree: 0]
[max_bin: 255]
[max_bin_by_feature: ]
[min_data_in_bin: 3]
[bin_construct_sample_cnt: 200000]
[data_random_seed: 175]
[is_enable_sparse: 1]
[enable_bundle: 1]
[use_missing: 1]
[zero_as_missing: 0]
[feature_pre_filter: 1]
[pre_partition: 0]
[two_round: 0]
[header: 0]
[label_column: ]
[weight_column: ]
[group_column: ]
[ignore_column: ]
[categorical_feature: ]
[forcedbins_filename: ]
[precise_float_parser: 0]
[parser_config_file: ]
[objective_seed: 16083]
[num_class: 1]
[is_unbalance: 0]
[scale_pos_weight: 1]
[sigmoid: 1]
[boost_from_average: 1]
[reg_sqrt: 0]
[alpha: 0.9]
[fair_c: 1]
[poisson_max_delta_step: 0.7]
[tweedie_variance_power: 1.5]
[lambdarank_truncation_level: 30]
[lambdarank_norm: 1]
[label_gain: ]
[lambdarank_position_bias_regularization: 0]
[eval_at: ]
[multi_error_top_k: 1]
[auc_mu_weights: ]
[num_machines: 1]
[local_listen_port: 12400]
[time_out: 120]
[machine_list_filename: ]
[machines: ]
[gpu_platform_id: -1]
[gpu_device_id: -1]
[gpu_use_dp: 0]
[num_gpu: 1]

end of parameters

pandas_categorical:[]
