tree
version=v4
num_class=1
num_tree_per_iteration=1
label_index=0
max_feature_idx=38
objective=binary sigmoid:1
feature_names=season_lt=_1.5 season_lt=_2.5 yr_lt=_0.5 mnth_lt=_4.5 hr_lt=_0.5 hr_lt=_5.5 hr_lt=_6.5 hr_lt=_7.5 hr_lt=_8.5 hr_lt=_9.5 hr_lt=_10.5 hr_lt=_11.5 hr_lt=_15.5 hr_lt=_17.5 hr_lt=_19.5 hr_lt=_20.5 hr_lt=_21.5 hr_lt=_22.5 workingday_lt=_0.5 weathersit_lt=_2.5 temp_lt=_0.26999999582767487 temp_lt=_0.3100000023841858 temp_lt=_0.3700000047683716 temp_lt=_0.39000000059604645 temp_lt=_0.45000000298023224 temp_lt=_0.4699999988079071 temp_lt=_0.5099999904632568 atemp_lt=_0.31059999763965607 atemp_lt=_0.3409000039100647 atemp_lt=_0.4317999929189682 atemp_lt=_0.5227500200271606 atemp_lt=_0.5985000133514404 hum_lt=_0.625 hum_lt=_0.6349999904632568 hum_lt=_0.7450000047683716 hum_lt=_0.8050000071525574 hum_lt=_0.8149999976158142 hum_lt=_0.8349999785423279 weekday_lt=_0.5
feature_infos=[0:1] [0:1] [0:1] [0:1] [0:1] [0:1] [0:1] [0:1] [0:1] [0:1] [0:1] [0:1] [0:1] [0:1] [0:1] [0:1] [0:1] [0:1] [0:1] [0:1] [0:1] [0:1] [0:1] [0:1] [0:1] [0:1] [0:1] [0:1] [0:1] [0:1] [0:1] [0:1] [0:1] [0:1] [0:1] [0:1] [0:1] [0:1] [0:1]
tree_sizes=895 903 902 1013 1008 1012 1014 1015 1011 1017 1014 1017 1013 1015 1016 1019 1015 1019 1017 1017 1021 913 914 1018 1022

Tree=0
num_leaves=7
num_cat=0
split_feature=6 22 17 2 5 2
split_gain=4990.34 1452.91 515.783 265.684 29.252 40.8909
threshold=1.0000000180025095e-35 1.0000000180025095e-35 1.0000000180025095e-35 1.0000000180025095e-35 1.0000000180025095e-35 1.0000000180025095e-35
decision_type=2 2 2 2 2 2
left_child=1 2 -1 -3 5 -2
right_child=4 3 -4 -5 -6 -7
leaf_value=-0.10720773748454829 -0.094061561585856407 0.017288904963985791 0.1336016562898662 -0.1051940292676538 -0.19955032351452004 -0.2011031766378146
leaf_weight=93.249594256281853 73.74967910349369 329.24856738746166 1668.7427390366793 381.49834004044533 854.99627977609634 74.249676927924156
leaf_count=373 295 1317 6675 1526 3420 297
internal_value=-0.00417176 0.0721425 0.120806 -0.0485042 -0.192202 -0.148724
internal_weight=3475.73 2472.74 1761.99 710.747 1003 147.999
internal_count=13903 9891 7048 2843 4012 592
is_linear=0
shrinkage=1


Tree=1
num_leaves=7
num_cat=0
split_feature=6 24 15 17 5 2
split_gain=4077.47 1210.41 372.227 356.469 24.4072 34.1902
threshold=1.0000000180025095e-35 1.0000000180025095e-35 1.0000000180025095e-35 1.0000000180025095e-35 1.0000000180025095e-35 1.0000000180025095e-35
decision_type=2 2 2 2 2 2
left_child=1 3 -3 -1 5 -2
right_child=4 2 -4 -5 -6 -7
leaf_value=-0.081376071797302468 -0.081204475046348118 -0.14123920081519384 0.013765072253086217 0.13845006899385709 -0.17768367280609054 -0.17934290771899247
leaf_weight=77.277739495038986 73.587112054228783 190.5906798094511 808.81145843863487 1387.30013859272 846.54459357261658 73.504318669438362
leaf_count=310 295 764 3243 5574 3420 297
internal_value=-2.49091e-05 0.0689366 -0.0159066 0.126803 -0.17093 -0.131126
internal_weight=3457.62 2463.98 999.402 1464.58 993.636 147.091
internal_count=13903 9891 4007 5884 4012 592
is_linear=0
shrinkage=0.1


Tree=2
num_leaves=7
num_cat=0
split_feature=6 28 16 2 5 2
split_gain=3376.54 1027.44 436.079 196.552 21.6239 29.9192
threshold=1.0000000180025095e-35 1.0000000180025095e-35 1.0000000180025095e-35 1.0000000180025095e-35 1.0000000180025095e-35 1.0000000180025095e-35
decision_type=2 2 2 2 2 2
left_child=1 2 -1 -3 5 -2
right_child=4 3 -4 -5 -6 -7
leaf_value=-0.038351358503289891 -0.073607870636330772 0.012535454779331524 0.11754106981309656 -0.10054397311332275 -0.16425675712759077 -0.16603754109824279
leaf_weight=201.2382745295763 73.186518922448158 283.18782709538937 1623.8159206211567 334.68433614075184 825.28937458992004 71.626787513494492
leaf_count=815 295 1134 6597 1345 3420 297
internal_value=-6.01115e-05 0.0626197 0.10034 -0.04878 -0.157803 -0.12015
internal_weight=3413.03 2442.93 1825.05 617.872 970.103 144.813
internal_count=13903 9891 7412 2479 4012 592
is_linear=0
shrinkage=0.1


Tree=3
num_leaves=8
num_cat=0
split_feature=6 25 2 17 5 2 4
split_gain=2824.58 896.816 322.907 228.623 19.996 27.0402 3.34626
threshold=1.0000000180025095e-35 1.0000000180025095e-35 1.0000000180025095e-35 1.0000000180025095e-35 1.0000000180025095e-35 1.0000000180025095e-35 1.0000000180025095e-35
decision_type=2 2 2 2 2 2 2
left_child=1 3 -3 -1 5 -2 -6
right_child=4 2 -4 -5 6 -7 -8
leaf_value=-0.063654876120594672 -0.066883869763558534 0.045622099895786049 -0.06468590492240188 0.12076940025427177 -0.15734524576744624 -0.15564159835773117 -0.13478355172162096
leaf_weight=70.341745883226395 72.619701400399208 510.01511600613594 551.12949754297733 1280.9027007818222 661.32658660411835 68.971104070544243 133.93956184387207
leaf_count=285 295 2056 2237 5313 2844 297 576
internal_value=-0.000102679 0.0571279 -0.0116758 0.111129 -0.147374 -0.110907 -0.153719
internal_weight=3349.25 2412.39 1061.14 1351.24 936.857 141.591 795.266
internal_count=13903 9891 4293 5598 4012 592 3420
is_linear=0
shrinkage=0.1


Tree=4
num_leaves=8
num_cat=0
split_feature=6 21 35 14 5 2 4
split_gain=2382.05 781.647 385.68 96.2768 19.0765 25 3.23847
threshold=1.0000000180025095e-35 1.0000000180025095e-35 1.0000000180025095e-35 1.0000000180025095e-35 1.0000000180025095e-35 1.0000000180025095e-35 1.0000000180025095e-35
decision_type=2 2 2 2 2 2 2
left_child=1 2 -1 -3 5 -2 -6
right_child=4 3 -4 -5 6 -7 -8
leaf_value=-0.019610211213876627 -0.060876488708894394 -0.1497431613147549 0.099116150156220162 -0.04173755296504493 -0.14884628794179616 -0.14731434607518878 -0.12656001127642375
leaf_weight=328.77400924265385 71.941849291324615 111.5631350427866 1620.9659720808268 314.3912493288517 630.79813903570175 65.801598832011223 128.71377754211426
leaf_count=1368 295 456 6797 1270 2844 297 576
internal_value=-0.000141052 0.0522898 0.0790962 -0.0703101 -0.138868 -0.102933 -0.145241
internal_weight=3272.95 2375.69 1949.74 425.954 897.255 137.743 759.512
internal_count=13903 9891 8165 1726 4012 592 3420
is_linear=0
shrinkage=0.1


Tree=5
num_leaves=8
num_cat=0
split_feature=6 0 16 2 5 2 4
split_gain=2018.98 706.156 365.597 216.704 18.6001 23.4817 3.28062
threshold=1.0000000180025095e-35 1.0000000180025095e-35 1.0000000180025095e-35 1.0000000180025095e-35 1.0000000180025095e-35 1.0000000180025095e-35 1.0000000180025095e-35
decision_type=2 2 2 2 2 2 2
left_child=1 2 -1 -3 5 -2 -6
right_child=4 3 -4 -5 6 -7 -8
leaf_value=-0.044566867672369524 -0.055470431041288959 0.013803263287650306 0.096952888301611861 -0.10594042084671113 -0.14193313649506453 -0.14051066799378928 -0.11946057544813793
leaf_weight=206.62919721007347 71.195193454623222 305.44019484519958 1532.1645567268133 297.76745772361755 597.14814627170563 62.316531836986542 123.07915592193604
leaf_count=849 295 1248 6567 1227 2844 297 576
internal_value=-0.000203733 0.047789 0.0801195 -0.0453845 -0.131761 -0.0959124 -0.138264
internal_weight=3195.74 2342 1738.79 603.208 853.739 133.512 720.227
internal_count=13903 9891 7416 2475 4012 592 3420
is_linear=0
shrinkage=0.1


Tree=6
num_leaves=8
num_cat=0
split_feature=6 25 15 36 5 24 4
split_gain=1720.86 625.736 268.506 196.752 18.4153 22.869 3.42264
threshold=1.0000000180025095e-35 1.0000000180025095e-35 1.0000000180025095e-35 1.0000000180025095e-35 1.0000000180025095e-35 1.0000000180025095e-35 1.0000000180025095e-35
decision_type=2 2 2 2 2 2 2
left_child=1 3 -3 -1 5 -2 -6
right_child=4 2 -4 -5 6 -7 -8
leaf_value=-0.0042370438845973002 -0.04435874871398976 -0.11781206885522542 0.011187107207049008 0.10762766938277686 -0.13621756704765328 -0.12944003291619485 -0.11320822846709749
leaf_weight=184.06803280115128 61.390033394098282 198.39649537205696 845.02544152736664 1074.3333654403687 561.84224027395248 67.686178103089333 117.24806785583496
leaf_count=792 281 823 3470 4806 2844 311 576
internal_value=-0.000253679 0.0438265 -0.0134301 0.0912747 -0.125702 -0.0896266 -0.132417
internal_weight=3109.99 2301.82 1043.42 1258.4 808.167 129.076 679.09
internal_count=13903 9891 4293 5598 4012 592 3420
is_linear=0
shrinkage=0.1


Tree=7
num_leaves=8
num_cat=0
split_feature=6 27 19 14 5 2 4
split_gain=1471.97 538.81 314.429 86.6752 18.9098 24.1307 3.63591
threshold=1.0000000180025095e-35 1.0000000180025095e-35 1.0000000180025095e-35 1.0000000180025095e-35 1.0000000180025095e-35 1.0000000180025095e-35 1.0000000180025095e-35
decision_type=2 2 2 2 2 2 2
left_child=1 2 -1 -3 5 -2 -6
right_child=4 3 -4 -5 6 -7 -8
leaf_value=-0.071428245570714033 -0.042868102041098227 -0.13204627139237965 0.077875242272536685 -0.031162445636769537 -0.13142783056655036 -0.13168221079040038 -0.10760339103689298
leaf_weight=153.52555198967457 68.950427621603012 111.64038582146168 1642.2066309899092 353.27298876643181 525.9687112569809 56.201514601707458 111.37815856933594
leaf_count=659 295 481 7313 1438 2844 297 576
internal_value=-0.000286964 0.0402423 0.0650779 -0.0556193 -0.120343 -0.0834792 -0.12744
internal_weight=3023.14 2260.65 1795.73 464.913 762.499 125.152 637.347
internal_count=13903 9891 7972 1919 4012 592 3420
is_linear=0
shrinkage=0.1


Tree=8
num_leaves=8
num_cat=0
split_feature=6 31 2 17 5 2 4
split_gain=1263.06 495.323 316.984 72.3666 19.0315 22.917 3.90296
threshold=1.0000000180025095e-35 1.0000000180025095e-35 1.0000000180025095e-35 1.0000000180025095e-35 1.0000000180025095e-35 1.0000000180025095e-35 1.0000000180025095e-35
decision_type=2 2 2 2 2 2 2
left_child=1 3 -3 -1 5 -2 -6
right_child=4 2 -4 -5 6 -7 -8
leaf_value=-0.043047010467153771 -0.039099968586067846 0.050551866293047837 -0.041848444680046837 0.11031596470836527 -0.12736766110978823 -0.12740325599550034 -0.10249879339451372
leaf_weight=31.663867712020874 68.174238875508308 728.72114834189415 754.82472518086433 707.53533539175987 490.32707959413528 52.504049688577652 105.58493041992188
leaf_count=127 295 3121 3247 3396 2844 297 576
internal_value=-0.000343483 0.0368816 0.00354228 0.103697 -0.1157 -0.0782498 -0.12314
internal_weight=2939.34 2222.75 1483.55 739.199 716.59 120.678 595.912
internal_count=13903 9891 6368 3523 4012 592 3420
is_linear=0
shrinkage=0.1


Tree=9
num_leaves=8
num_cat=0
split_feature=6 0 34 2 5 29 4
split_gain=1087.61 464.675 298.732 146.442 19.2302 22.4833 4.21234
threshold=1.0000000180025095e-35 1.0000000180025095e-35 1.0000000180025095e-35 1.0000000180025095e-35 1.0000000180025095e-35 1.0000000180025095e-35 1.0000000180025095e-35
decision_type=2 2 2 2 2 2 2
left_child=1 2 -1 -3 5 -2 -6
right_child=4 3 -4 -5 6 -7 -8
leaf_value=-0.011165302447993432 -0.030699012106188708 0.0068346150290667018 0.087396781301886425 -0.093001383428043927 -0.12389152483010071 -0.11901780275432441 -0.097783746017234441
leaf_weight=415.13800141215324 60.923020765185356 298.9307637065649 1182.8408765494823 287.6903692483902 455.49484258890152 55.373187333345413 99.951338768005371
leaf_count=1806 305 1248 5610 1227 2844 287 576
internal_value=-0.000356537 0.0338666 0.0618004 -0.0422018 -0.11154 -0.0734072 -0.119378
internal_weight=2856.34 2184.6 1597.98 586.621 671.742 116.296 555.446
internal_count=13903 9891 7416 2475 4012 592 3420
is_linear=0
shrinkage=0.1


Tree=10
num_leaves=8
num_cat=0
split_feature=6 26 15 17 5 2 4
split_gain=937.741 394.407 243.073 143.112 19.9105 23.4576 4.55586
threshold=1.0000000180025095e-35 1.0000000180025095e-35 1.0000000180025095e-35 1.0000000180025095e-35 1.0000000180025095e-35 1.0000000180025095e-35 1.0000000180025095e-35
decision_type=2 2 2 2 2 2 2
left_child=1 3 -3 -1 5 -2 -6
right_child=4 2 -4 -5 6 -7 -8
leaf_value=-0.067913422257607506 -0.029275588355552013 -0.10710377376380065 0.012316223915626975 0.085218102644419813 -0.12088902594151255 -0.1219337843935574 -0.09337405076744687
leaf_weight=64.411882057785988 65.856538325548172 209.02036125957966 903.72031460702419 967.62760388851166 421.87875294685364 46.775192648172379 94.535207748413086
leaf_count=260 295 905 3839 4887 2844 297 576
internal_value=-0.000386892 0.031108 -0.010192 0.0756043 -0.10765 -0.0684903 -0.116042
internal_weight=2773.83 2144.78 1112.74 1032.04 629.046 112.632 516.414
internal_count=13903 9891 4744 5147 4012 592 3420
is_linear=0
shrinkage=0.1


Tree=11
num_leaves=8
num_cat=0
split_feature=6 0 34 2 5 2 4
split_gain=810.973 358.128 252.838 121.44 20.1457 22.2295 4.92721
threshold=1.0000000180025095e-35 1.0000000180025095e-35 1.0000000180025095e-35 1.0000000180025095e-35 1.0000000180025095e-35 1.0000000180025095e-35 1.0000000180025095e-35
decision_type=2 2 2 2 2 2 2
left_child=1 2 -1 -3 5 -2 -6
right_child=4 3 -4 -5 6 -7 -8
leaf_value=-0.013207514495515283 -0.02665838884102998 0.0063044161890149905 0.078662518892225156 -0.08527699287289521 -0.11827478220294939 -0.11898402042931207 -0.089205076903146677
leaf_weight=409.04707536101341 65.222649648785591 296.79177717864513 1115.6200979948044 281.48327085375786 389.75431591272354 43.342505782842636 89.375049591064453
leaf_count=1806 295 1248 5610 1227 2844 297 576
internal_value=-0.000412837 0.028617 0.0540226 -0.0383443 -0.104162 -0.0642671 -0.113049
internal_weight=2690.64 2102.94 1524.67 578.275 587.695 108.565 479.129
internal_count=13903 9891 7416 2475 4012 592 3420
is_linear=0
shrinkage=0.1


Tree=12
num_leaves=8
num_cat=0
split_feature=6 31 16 2 5 3 4
split_gain=702.193 321.594 242.424 62.4744 20.3714 22.5313 5.32101
threshold=1.0000000180025095e-35 1.0000000180025095e-35 1.0000000180025095e-35 1.0000000180025095e-35 1.0000000180025095e-35 1.0000000180025095e-35 1.0000000180025095e-35
decision_type=2 2 2 2 2 2 2
left_child=1 3 -3 -1 5 -2 -6
right_child=4 2 -4 -5 6 -7 -8
leaf_value=0.1157111685364515 -0.028379940596259187 -0.10294390134999512 0.016463536043038757 0.05251336046275077 -0.11598159331042675 -0.1281742393162108 -0.085227141845427068
leaf_weight=330.02228309214115 72.186518147587776 196.11718232929707 1236.0707048773766 302.2172613888979 359.29659873247147 32.510563731193542 84.494579315185547
leaf_count=1843 403 857 5511 1680 2844 189 576
internal_value=-0.000438413 0.0262902 5.20144e-05 0.0856326 -0.100906 -0.0602876 -0.110331
internal_weight=2612.92 2064.43 1432.19 632.24 548.488 104.697 443.791
internal_count=13903 9891 6368 3523 4012 592 3420
is_linear=0
shrinkage=0.1


Tree=13
num_leaves=8
num_cat=0
split_feature=6 21 2 18 5 2 4
split_gain=608.028 304.988 253.447 50.5242 20.985 22.4297 5.73233
threshold=1.0000000180025095e-35 1.0000000180025095e-35 1.0000000180025095e-35 1.0000000180025095e-35 1.0000000180025095e-35 1.0000000180025095e-35 1.0000000180025095e-35
decision_type=2 2 2 2 2 2 2
left_child=1 2 -1 -3 5 -2 -6
right_child=4 3 -4 -5 6 -7 -8
leaf_value=0.082458412253423777 -0.018871266298425601 -0.026549489939732069 0.0036466780036082044 -0.10013912471127218 -0.1139557150629293 -0.1153220976037031 -0.081402183058267047
leaf_weight=820.08359712362289 63.166192635893822 250.66785530745983 811.33886003494263 148.62483814358711 330.60430186986923 38.492997229099274 79.906293869018555
leaf_count=4195 295 1088 3970 638 2844 297 576
internal_value=-0.000446888 0.0241189 0.04329 -0.0541228 -0.0977054 -0.0561597 -0.107832
internal_weight=2542.88 2030.72 1631.42 399.293 512.17 101.659 410.511
internal_count=13903 9891 8165 1726 4012 592 3420
is_linear=0
shrinkage=0.1


Tree=14
num_leaves=8
num_cat=0
split_feature=6 16 19 26 5 29 4
split_gain=527.324 278.691 270.542 54.5856 21.1122 22.4016 6.1564
threshold=1.0000000180025095e-35 1.0000000180025095e-35 1.0000000180025095e-35 1.0000000180025095e-35 1.0000000180025095e-35 1.0000000180025095e-35 1.0000000180025095e-35
decision_type=2 2 2 2 2 2 2
left_child=1 3 -3 -1 5 -2 -6
right_child=4 2 -4 -5 6 -7 -8
leaf_value=-0.026621208277242847 -0.0084287575000928146 -0.083058715471844638 0.049265859696351069 -0.11969752425452321 -0.11215353062632377 -0.10391935403783326 -0.077701390785701027
leaf_weight=120.37620951235294 53.3820895627141 170.38448998332024 1575.9903907924891 132.91230757534504 303.71857523918152 44.821193791925907 75.614201545715332
leaf_count=532 305 752 8002 605 2844 287 576
internal_value=-0.00046474 0.022091 0.0363155 -0.0757413 -0.0947648 -0.0526201 -0.105508
internal_weight=2477.2 1999.66 1746.37 253.289 477.536 98.2033 379.333
internal_count=13903 9891 8754 1137 4012 592 3420
is_linear=0
shrinkage=0.1


Tree=15
num_leaves=8
num_cat=0
split_feature=6 0 19 2 5 2 4
split_gain=456.745 262.894 195.801 94.4596 21.5228 22.2553 6.58846
threshold=1.0000000180025095e-35 1.0000000180025095e-35 1.0000000180025095e-35 1.0000000180025095e-35 1.0000000180025095e-35 1.0000000180025095e-35 1.0000000180025095e-35
decision_type=2 2 2 2 2 2 2
left_child=1 2 -1 -3 5 -2 -6
right_child=4 3 -4 -5 6 -7 -8
leaf_value=-0.067036572303537531 -0.012365185677842047 0.0023017471750425059 0.055745644287124987 -0.079597067254551748 -0.11053923479422718 -0.11240254893423898 -0.074103420406842133
leaf_weight=143.85100840032101 61.296629801392555 288.96377196907997 1267.3639883995056 273.6099721044302 278.63753297924995 34.161599390208721 71.616044998168945
leaf_count=635 295 1248 6781 1227 2844 297 576
internal_value=-0.000499835 0.0201564 0.0431913 -0.0376006 -0.0918144 -0.0489597 -0.103321
internal_weight=2419.5 1973.79 1411.21 562.574 445.712 95.4582 350.254
internal_count=13903 9891 7416 2475 4012 592 3420
is_linear=0
shrinkage=0.1


Tree=16
num_leaves=8
num_cat=0
split_feature=6 2 3 21 5 3 4
split_gain=396.622 243.344 166.408 141.635 21.5004 21.8344 7.0236
threshold=1.0000000180025095e-35 1.0000000180025095e-35 1.0000000180025095e-35 1.0000000180025095e-35 1.0000000180025095e-35 1.0000000180025095e-35 1.0000000180025095e-35
decision_type=2 2 2 2 2 2 2
left_child=1 3 -3 -1 5 -2 -6
right_child=4 2 -4 -5 6 -7 -8
leaf_value=0.073588593901702762 -0.013943210905564725 0.014128095962602847 -0.071513725570337625 -0.023409605490628961 -0.10908299619845714 -0.11973044881223611 -0.070593030267758192
leaf_weight=765.00938357412815 65.419720739126205 639.21870623528957 350.50715743005276 186.8464439958334 255.32797122001648 26.999235346913338 67.905000686645508
leaf_count=4195 403 3306 1621 769 2844 189 576
internal_value=-0.000519064 0.0184701 -0.0162432 0.0545436 -0.089052 -0.0457987 -0.10124
internal_weight=2357.23 1941.58 989.726 951.856 415.652 92.419 323.233
internal_count=13903 9891 4927 4964 4012 592 3420
is_linear=0
shrinkage=0.1


Tree=17
num_leaves=8
num_cat=0
split_feature=6 16 27 26 5 2 4
split_gain=344.185 243.228 204.763 41.0894 21.708 21.8029 7.45677
threshold=1.0000000180025095e-35 1.0000000180025095e-35 1.0000000180025095e-35 1.0000000180025095e-35 1.0000000180025095e-35 1.0000000180025095e-35 1.0000000180025095e-35
decision_type=2 2 2 2 2 2 2
left_child=1 3 -3 -1 5 -2 -6
right_child=4 2 -4 -5 6 -7 -8
leaf_value=-0.032873937978794253 -0.0069346587364635453 0.049861235420764205 -0.033328410886301257 -0.11485236400437182 -0.10775973218002864 -0.10999098918772628 -0.067159999969337802
leaf_weight=118.7112480700016 59.695037677884102 1280.6021663248539 383.91907139122486 127.55723004043102 233.73411932587624 30.407567672431469 64.470996379852295
leaf_count=532 295 7093 1661 605 2844 297 576
internal_value=-0.000519249 0.0169334 0.0306652 -0.0756282 -0.0862232 -0.0425394 -0.099236
internal_weight=2299.1 1910.79 1664.52 246.268 388.308 90.1026 298.205
internal_count=13903 9891 8754 1137 4012 592 3420
is_linear=0
shrinkage=0.1


Tree=18
num_leaves=8
num_cat=0
split_feature=7 16 19 18 5 6 26
split_gain=304.144 218.738 200.954 95.4457 202.837 110.022 36.3526
threshold=1.0000000180025095e-35 1.0000000180025095e-35 1.0000000180025095e-35 1.0000000180025095e-35 1.0000000180025095e-35 1.0000000180025095e-35 1.0000000180025095e-35
decision_type=2 2 2 2 2 2 2
left_child=1 6 -3 4 -2 -5 -1
right_child=3 2 -4 5 -6 -7 -8
leaf_value=-0.029443786187362986 0.049709270984811739 -0.07408318398581433 0.045247714504718761 -0.28468102010842883 -0.1083460891928969 -0.086722823602707097 -0.10702047157411979
leaf_weight=119.36631987988949 141.81527461111546 156.55329631268978 1359.0421192795038 36.78971266746521 187.53128045797348 115.68349735438824 123.48987505584955
leaf_count=532 802 693 7480 177 2333 1281 605
internal_value=-0.000537542 0.0187557 0.0328807 -0.0708432 -0.0403436 -0.136031 -0.0691678
internal_weight=2240.27 1758.45 1515.6 481.82 329.347 152.473 242.856
internal_count=13903 9310 8173 4593 3135 1458 1137
is_linear=0
shrinkage=0.1


Tree=19
num_leaves=8
num_cat=0
split_feature=6 2 3 19 5 3 4
split_gain=263.433 213.338 129.252 111.16 19.1772 20.5106 8.9436
threshold=1.0000000180025095e-35 1.0000000180025095e-35 1.0000000180025095e-35 1.0000000180025095e-35 1.0000000180025095e-35 1.0000000180025095e-35 1.0000000180025095e-35
decision_type=2 2 2 2 2 2 2
left_child=1 3 -3 -1 5 -2 -6
right_child=4 2 -4 -5 6 -7 -8
leaf_value=-0.057161066342696257 -0.0096465703863773695 0.0088660966946864771 -0.067758855076102659 0.060879531586326155 -0.10548208895682171 -0.1161570783613267 -0.058520047896914597
leaf_weight=87.696328908205032 63.265344426035881 615.14996930211782 341.65391833335161 810.03505450487137 196.24497807025909 24.432116582989693 56.7115159034729
leaf_count=388 403 3306 1621 4576 2844 189 576
internal_value=-0.000549446 0.0143088 -0.0185372 0.0492978 -0.0812435 -0.040295 -0.0952253
internal_weight=2195.19 1854.54 956.804 897.731 340.654 87.6975 252.956
internal_count=13903 9891 4927 4964 4012 592 3420
is_linear=0
shrinkage=0.1


Tree=20
num_leaves=8
num_cat=0
split_feature=31 5 2 11 17 2 4
split_gain=237.42 132.305 127.713 120.588 73.9892 66.3587 2.69939
threshold=1.0000000180025095e-35 1.0000000180025095e-35 1.0000000180025095e-35 1.0000000180025095e-35 1.0000000180025095e-35 1.0000000180025095e-35 1.0000000180025095e-35
decision_type=2 2 2 2 2 2 2
left_child=3 2 -2 4 -1 -5 -3
right_child=1 6 -4 5 -6 -7 -8
leaf_value=-0.060755449440221057 0.021144655289721131 -0.1051957811225563 -0.039357888113253178 0.049488597747111479 0.097780313512860997 -0.075336233782251766 -0.072156935990282389
leaf_weight=31.35323067009449 684.10087579488754 148.45038551837206 710.0394821614027 80.697749093174934 365.05388656258583 88.036025866866112 42.236094087362289
leaf_count=127 3382 2355 3501 745 2584 760 449
internal_value=-0.000547394 -0.0203932 -0.00967558 0.0550441 0.0851198 -0.0156983 -0.0982925
internal_weight=2149.97 1584.83 1394.14 565.141 396.407 168.734 190.686
internal_count=13903 9687 6883 4216 2711 1505 2804
is_linear=0
shrinkage=0.1


Tree=21
num_leaves=7
num_cat=0
split_feature=6 31 15 11 2 29
split_gain=206.08 171.678 130.471 55.6166 18.2656 24.2722
threshold=1.0000000180025095e-35 1.0000000180025095e-35 1.0000000180025095e-35 1.0000000180025095e-35 1.0000000180025095e-35 1.0000000180025095e-35
decision_type=2 2 2 2 2 2
left_child=1 3 -3 -1 5 -2
right_child=4 2 -4 -5 -6 -7
leaf_value=0.08153924611464311 -0.020966199272186438 -0.069710220071643639 0.0091755152742136522 0.0020265762596728249 -0.10457929781723813 -0.097096166609604725
leaf_weight=373.786231726408 96.239613555371761 260.50410781055689 1056.7426400482655 115.01816418021917 132.58839537575841 74.144500393420458
leaf_count=2711 1107 1267 5101 812 1983 922
internal_value=-0.000490439 0.0123244 -0.0064663 0.0628718 -0.07667 -0.0544682
internal_weight=2109.02 1806.05 1317.25 488.804 302.973 170.384
internal_count=13903 9891 6368 3523 4012 2029
is_linear=0
shrinkage=0.1


Tree=22
num_leaves=7
num_cat=0
split_feature=5 0 32 14 4 18
split_gain=181.805 163.921 159.899 60.6472 10.7171 29.7393
threshold=1.0000000180025095e-35 1.0000000180025095e-35 1.0000000180025095e-35 1.0000000180025095e-35 1.0000000180025095e-35 1.0000000180025095e-35
decision_type=2 2 2 2 2 2
left_child=1 2 -1 -3 -2 -6
right_child=4 3 -4 -5 5 -7
leaf_value=-0.0060705412727210207 -0.10291771908034751 -0.10353066382607733 0.06348093363417448 -0.020078795307938654 -0.10106576482814639 0.062184579174188639
leaf_weight=667.46753028035164 154.84265953302383 108.07006829231977 653.52743197232485 435.83789671212435 32.713334381580353 15.866498798131941
leaf_count=3605 2844 582 4260 2036 389 187
internal_value=-0.000468086 0.00934067 0.0283602 -0.0368196 -0.0899969 -0.0475683
internal_weight=2068.33 1864.9 1320.99 543.908 203.422 48.5798
internal_count=13903 10483 7865 2618 3420 576
is_linear=0
shrinkage=0.1


Tree=23
num_leaves=8
num_cat=0
split_feature=7 16 2 18 5 6 17
split_gain=160.779 161.865 155.202 95.5944 157.142 81.0799 24.9537
threshold=1.0000000180025095e-35 1.0000000180025095e-35 1.0000000180025095e-35 1.0000000180025095e-35 1.0000000180025095e-35 1.0000000180025095e-35 1.0000000180025095e-35
decision_type=2 2 2 2 2 2 2
left_child=1 6 -3 4 -2 -5 -1
right_child=3 2 -4 5 -6 -7 -8
leaf_value=-0.096206297094869123 0.050132734091838119 0.061462326807359628 -0.0049586992282743573 -0.25036459279929973 -0.10401604751610456 -0.07518306997890023 -0.030008045250252635
leaf_weight=118.60094056278467 136.8760127350688 655.70459903031588 757.3752433359623 37.940280362963676 126.1797598451376 86.70583089441061 111.18381521850824
leaf_count=562 802 4090 4083 177 2333 1281 575
internal_value=-0.000458089 0.0132184 0.025884 -0.0582963 -0.0239216 -0.130074 -0.0644444
internal_weight=2030.57 1642.86 1413.08 387.702 263.056 124.646 229.785
internal_count=13903 9310 8173 4593 3135 1458 1137
is_linear=0
shrinkage=0.1


Tree=24
num_leaves=8
num_cat=0
split_feature=31 19 5 11 16 2 30
split_gain=154.059 108.726 101.986 83.4198 61.2954 53.326 12.4329
threshold=1.0000000180025095e-35 1.0000000180025095e-35 1.0000000180025095e-35 1.0000000180025095e-35 1.0000000180025095e-35 1.0000000180025095e-35 1.0000000180025095e-35
decision_type=2 2 2 2 2 2 2
left_child=3 6 -3 4 -1 -5 -2
right_child=1 2 -4 5 -6 -7 -8
leaf_value=-0.018032658422821781 -0.038152202350249909 0.0028230441620322655 -0.091037635606331407 0.049331499530267345 0.094699184095935959 -0.066738940910806496 -0.10194600927520713
leaf_weight=57.790709480643272 40.825677406042814 1186.5080858580768 127.27435047924519 73.43306091055274 282.0435956120491 83.588751327246428 143.7189072445035
leaf_count=280 223 6098 2569 745 2431 760 797
internal_value=-0.000453008 -0.0164572 -0.00633215 0.0477455 0.0755318 -0.0124886 -0.088115
internal_weight=1995.18 1498.33 1313.78 496.856 339.834 157.022 184.545
internal_count=13903 9687 8667 4216 2711 1505 1020
is_linear=0
shrinkage=0.1


end of trees

feature_importances:
yr_lt=_0.5=30
hr_lt=_5.5=24
hr_lt=_6.5=22
hr_lt=_0.5=18
hr_lt=_21.5=8
hr_lt=_22.5=7
weathersit_lt=_2.5=6
season_lt=_1.5=5
mnth_lt=_4.5=5
atemp_lt=_0.5985000133514404=5
hr_lt=_20.5=4
workingday_lt=_0.5=4
temp_lt=_0.5099999904632568=4
hr_lt=_11.5=3
hr_lt=_19.5=3
temp_lt=_0.3100000023841858=3
atemp_lt=_0.4317999929189682=3
hr_lt=_7.5=2
temp_lt=_0.45000000298023224=2
temp_lt=_0.4699999988079071=2
atemp_lt=_0.31059999763965607=2
hum_lt=_0.7450000047683716=2
temp_lt=_0.3700000047683716=1
atemp_lt=_0.3409000039100647=1
atemp_lt=_0.5227500200271606=1
hum_lt=_0.625=1
hum_lt=_0.8050000071525574=1
hum_lt=_0.8149999976158142=1

parameters:
[boosting: gbdt]
[objective: binary]
[metric: binary_logloss]
[tree_learner: serial]
[device_type: cpu]
[data_sample_strategy: bagging]
[data: ]
[valid: ]
[num_iterations: 25]
[learning_rate: 0.1]
[num_leaves: 31]
[num_threads: 8]
[seed: 42]
[deterministic: 0]
[force_col_wise: 0]
[force_row_wise: 0]
[histogram_pool_size: -1]
[max_depth: 3]
[min_data_in_leaf: 20]
[min_sum_hessian_in_leaf: 0.001]
[bagging_fraction: 1]
[pos_bagging_fraction: 1]
[neg_bagging_fraction: 1]
[bagging_freq: 0]
[bagging_seed: 400]
[bagging_by_query: 0]
[feature_fraction: 1]
[feature_fraction_bynode: 1]
[feature_fraction_seed: 30056]
[extra_trees: 0]
[extra_seed: 12879]
[early_stopping_round: 0]
[early_stopping_min_delta: 0]
[first_metric_only: 0]
[max_delta_step: 0]
[lambda_l1: 0]
[lambda_l2: 1]
[linear_lambda: 0]
[min_gain_to_split: 0]
[drop_rate: 0.1]
[max_drop: 50]
[skip_drop: 0.5]
[xgboost_dart_mode: 0]
[uniform_drop: 0]
[drop_seed: 17869]
[top_rate: 0.2]
[other_rate: 0.1]
[min_data_per_group: 100]
[max_cat_threshold: 32]
[cat_l2: 10]
[cat_smooth: 10]
[max_cat_to_onehot: 4]
[top_k: 20]
[monotone_constraints: ]
[monotone_constraints_method: basic]
[monotone_penalty: 0]
[feature_contri: ]
[forcedsplits_filename: ]
[refit_decay_rate: 0.9]
[cegb_tradeoff: 1]
[cegb_penalty_split: 0]
[cegb_penalty_feature_lazy: ]
[cegb_penalty_feature_coupled: ]
[path_smooth: 0]
[interaction_constraints: ]
[verbosity: -1]
[saved_feature_importance_type: 0]
[use_quantized_grad: 0]
[num_grad_quant_bins: 4]
[quant_train_renew_leaf: 0]
[stochastic_rounding: 1]
[linear_tree: 0]
[max_bin: 255]
[max_bin_by_feature: ]
[min_data_in_bin: 3]
[bin_construct_sample_cnt: 200000]
[data_random_seed: 175]
[is_enable_sparse: 1]
[enable_bundle: 1]
[use_missing: 1]
[zero_as_missing: 0]
[feature_pre_filter: 1]
[pre_partition: 0]
[two_round: 0]
[header: 0]
[label_column: ]
[weight_column: ]
[group_column: ]
[ignore_column: ]
[categorical_feature: ]
[forcedbins_filename: ]
[precise_float_parser: 0]
[parser_config_file: ]
[objective_seed: 16083]
[num_class: 1]
[is_unbalance: 0]
[scale_pos_weight: 1]
[sigmoid: 1]
[boost_from_average: 1]
[reg_sqrt: 0]
[alpha: 0.9]
[fair_c: 1]
[poisson_max_delta_step: 0.7]
[tweedie_variance_power: 1.5]
[lambdarank_truncation_level: 30]
[lambdarank_norm: 1]
[label_gain: ]
[lambdarank_position_bias_regularization: 0]
[eval_at: ]
[multi_error_top_k: 1]
[auc_mu_weights: ]
[num_machines: 1]
[local_listen_port: 12400]
[time_out: 120]
[machine_list_filename: ]
[machines: ]
[gpu_platform_id: -1]
[gpu_device_id: -1]
[gpu_use_dp: 0]
[num_gpu: 1]

end of parameters

pandas_categorical:[]
