tree
version=v4
num_class=1
num_tree_per_iteration=1
label_index=0
max_feature_idx=76
objective=binary sigmoid:1
feature_names=V1_lt=_1.9643386602401733 V1_lt=_1.9693114161491394 V3_lt=_-0.8456895053386688 V3_lt=_-0.8150797784328461 V3_lt=_1.2458264827728271 V4_lt=_-0.45784682035446167 V4_lt=_-0.4557269364595413 V4_lt=_-0.24416956305503845 V4_lt=_-0.18713511526584625 V4_lt=_-0.09944503754377365 V4_lt=_-0.07750282809138298 V4_lt=_0.01078364858403802 V4_lt=_0.05265863426029682 V4_lt=_0.16101506352424622 V4_lt=_0.43584872782230377 V4_lt=_0.5616213083267212 V4_lt=_0.7329509854316711 V4_lt=_0.7523619830608368 V4_lt=_0.7563583552837372 V4_lt=_1.5319359302520752 V4_lt=_1.574686348438263 V4_lt=_1.6579349040985107 V4_lt=_1.6956751942634583 V4_lt=_1.779853105545044 V4_lt=_1.793218195438385 V4_lt=_1.7993766069412231 V7_lt=_0.6948569118976593 V7_lt=_2.128561854362488 V7_lt=_2.2519283294677734 V7_lt=_2.2863523960113525 V8_lt=_-0.6077740788459778 V8_lt=_-0.5857284665107727 V8_lt=_-0.4571485072374344 V8_lt=_-0.11756034195423126 V8_lt=_0.24588628858327866 V10_lt=_-1.8405387997627258 V10_lt=_-1.7240893840789795 V10_lt=_-1.702573299407959 V10_lt=_-1.3339875936508179 V10_lt=_0.5670583248138428 V10_lt=_0.6370030343532562 V10_lt=_0.651888370513916 V10_lt=_0.6864130198955536 V11_lt=_0.29495930671691895 V12_lt=_-1.6623698472976685 V12_lt=_-1.4592942595481873 V12_lt=_-0.21973402053117752 V12_lt=_-0.21491257101297379 V12_lt=_-0.09154220670461655 V12_lt=_-0.08311179280281067 V12_lt=_-0.07937132194638252 V12_lt=_0.3119194656610489 V13_lt=_-0.04660428501665592 V14_lt=_-2.7358014583587646 V14_lt=_-1.8273465633392334 V14_lt=_-1.8169454336166382 V14_lt=_-1.812438189983368 V14_lt=_-1.786939561367035 V14_lt=_-1.7585361003875732 V14_lt=_-1.5734373927116394 V14_lt=_-1.4366859793663025 V14_lt=_-1.4205476641654968 V14_lt=_-1.349036455154419 V14_lt=_-0.7106232047080994 V14_lt=_-0.6934647560119629 V14_lt=_-0.663888156414032 V14_lt=_-0.6369412541389465 V14_lt=_-0.4301060438156128 V14_lt=_-0.42706455290317535 V18_lt=_-0.06820806860923767 V20_lt=_-0.8332254588603973 V22_lt=_4.96277642250061 V26_lt=_-0.12887096405029297 Amount_lt=_-0.14890162646770477 Amount_lt=_0.5276917517185211 Amount_lt=_0.714294821023941 V10_lt=_-3.774082899093628
feature_infos=[0:1] [0:1] [0:1] [0:1] [0:1] [0:1] [0:1] [0:1] [0:1] [0:1] [0:1] [0:1] [0:1] [0:1] [0:1] [0:1] [0:1] [0:1] [0:1] [0:1] [0:1] [0:1] [0:1] [0:1] [0:1] [0:1] [0:1] [0:1] [0:1] [0:1] [0:1] [0:1] [0:1] [0:1] [0:1] [0:1] [0:1] [0:1] [0:1] [0:1] [0:1] [0:1] [0:1] [0:1] [0:1] [0:1] [0:1] [0:1] [0:1] [0:1] [0:1] [0:1] [0:1] [0:1] [0:1] [0:1] [0:1] [0:1] [0:1] [0:1] [0:1] [0:1] [0:1] [0:1] [0:1] [0:1] [0:1] [0:1] [0:1] [0:1] [0:1] [0:1] [0:1] [0:1] [0:1] [0:1] [0:1]
tree_sizes=924 1029 1030 1034 1036 1032 1035 1039 1037 1033 1021 1034 1033 1039 1033 1035 1033 1036 1038 1037 1043 1040 1038 1039 1046

Tree=0
num_leaves=8
num_cat=0
split_feature=56 18 46 5 45 26 1
split_gain=263206 9858.31 8356.78 6196.26 2464.95 1219.39 33.5986
threshold=1.0000000180025095e-35 1.0000000180025095e-35 1.0000000180025095e-35 1.0000000180025095e-35 1.0000000180025095e-35 1.0000000180025095e-35 1.0000000180025095e-35
decision_type=2 2 2 2 2 2 2
left_child=1 2 -1 4 -2 -3 -5
right_child=3 5 -4 6 -6 -7 -8
leaf_value=-0.14828986974454758 0.11613807755613105 -0.14858601151554227 0.0037627075704095335 -0.12395338028571112 0.19946860469009864 -0.19361891981123971 -0.19362386000974516
leaf_weight=8913 3935 7752.5 6079.75 95 36729.25 27115.75 360
leaf_count=35652 15740 31010 24319 380 146917 108463 1440
internal_value=5.49691e-06 -0.154453 -0.0866345 0.187301 0.191408 -0.183611 -0.179381
internal_weight=90980.2 49861 14992.8 41119.2 40664.2 34868.2 455
internal_count=363921 199444 59971 164477 162657 139473 1820
is_linear=0
shrinkage=1


Tree=1
num_leaves=8
num_cat=0
split_feature=57 18 46 5 0 26 1
split_gain=215126 8065.28 6730.31 5353.19 2312.09 1014.53 27.1768
threshold=1.0000000180025095e-35 1.0000000180025095e-35 1.0000000180025095e-35 1.0000000180025095e-35 1.0000000180025095e-35 1.0000000180025095e-35 1.0000000180025095e-35
decision_type=2 2 2 2 2 2 2
left_child=1 2 -1 4 -2 -3 -5
right_child=3 5 -4 6 -6 -7 -8
leaf_value=-0.13435350038703772 -0.13529260083261138 -0.13479345375848104 0.0025094080049966362 -0.11459888451931058 0.17564228157911319 -0.17604389969049017 -0.1758964873873253
leaf_weight=8854.4836159497499 239.89784660935402 7691.469309926033 6046.2287373095751 99.589460492134094 40115.688024997711 26832.73513674736 376.24342161417007
leaf_count=35613 963 30936 24185 400 161965 108340 1519
internal_value=3.45174e-06 -0.140319 -0.0788225 0.169858 0.173791 -0.166858 -0.163334
internal_weight=90256.3 49424.9 14900.7 40831.4 40355.6 34524.2 475.833
internal_count=363921 199074 59798 164847 162928 139276 1919
is_linear=0
shrinkage=0.1


Tree=2
num_leaves=8
num_cat=0
split_feature=58 19 9 33 64 41 73
split_gain=178476 6996.68 4876.33 4285.21 2839.76 1866 766.655
threshold=1.0000000180025095e-35 1.0000000180025095e-35 1.0000000180025095e-35 1.0000000180025095e-35 1.0000000180025095e-35 1.0000000180025095e-35 1.0000000180025095e-35
decision_type=2 2 2 2 2 2 2
left_child=1 3 5 -1 -3 -2 -4
right_child=2 4 6 -5 -6 -7 -8
leaf_value=-0.10046572379035862 -0.2314577090064549 -0.155473646371598 0.031004439410835107 0.064772626421971305 -0.085257745069723723 0.16278896610747851 -0.16426563807393618
leaf_weight=3799.4568816125393 119.59342855215073 35077.300534069538 342.17551612854004 2672.6540672779083 6896.4350739121437 38999.234708547592 485.58971345424652
leaf_count=15372 489 144309 1405 10755 28274 161322 1995
internal_value=1.31061e-05 -0.129017 0.156495 -0.0322312 -0.143939 0.161578 -0.0836063
internal_weight=88392.4 48445.8 39946.6 6472.11 41973.7 39118.8 827.765
internal_count=363921 198710 165211 26127 172583 161811 3400
is_linear=0
shrinkage=0.1


Tree=3
num_leaves=8
num_cat=0
split_feature=56 17 66 37 24 26 5
split_gain=149583 6620.43 6268.29 3809.36 3257.99 960.643 240.694
threshold=1.0000000180025095e-35 1.0000000180025095e-35 1.0000000180025095e-35 1.0000000180025095e-35 1.0000000180025095e-35 1.0000000180025095e-35 1.0000000180025095e-35
decision_type=2 2 2 2 2 2 2
left_child=1 2 -1 4 -2 -3 -5
right_child=3 5 -4 6 -6 -7 -8
leaf_value=-0.098956264160574792 0.13922491541122886 -0.11202129976743563 0.055594435274805766 0.15773284943236196 -0.042343798682222454 -0.1530077426305235 -0.10485161399418859
leaf_weight=11251.117182508111 2103.1232350468636 7403.4789189696312 3421.745564609766 34390.444312393665 1862.7943293750286 25352.337446585298 34.304016381502151
leaf_count=46266 8907 30959 13907 147650 7775 108312 145
internal_value=3.59695e-05 -0.118742 -0.0629134 0.146776 0.0539528 -0.143748 0.157468
internal_weight=85819.3 47428.7 14672.9 38390.7 3965.92 32755.8 34424.7
internal_count=363921 199444 60173 164477 16682 139271 147795
is_linear=0
shrinkage=0.1


Tree=4
num_leaves=8
num_cat=0
split_feature=59 16 10 31 37 28 38
split_gain=126540 5367.71 5142.11 4946.83 1798.79 968.622 657.173
threshold=1.0000000180025095e-35 1.0000000180025095e-35 1.0000000180025095e-35 1.0000000180025095e-35 1.0000000180025095e-35 1.0000000180025095e-35 1.0000000180025095e-35
decision_type=2 2 2 2 2 2 2
left_child=1 3 4 -1 -2 -3 -4
right_child=2 5 6 -5 -6 -7 -8
leaf_value=-0.086121709539329822 0.076703666748370272 -0.0006939513090600582 -0.13743933014351017 0.082326795069373251 0.14934945115762252 -0.13863670812839554 0.033233784630251603
leaf_weight=12260.688040137291 3808.09324683249 517.74974153935909 712.17623223364353 2031.5311819463968 32753.539244160056 30313.164826005697 329.50726614892483
leaf_count=51095 16277 2226 3030 8271 147376 134257 1389
internal_value=6.44001e-05 -0.112837 0.135543 -0.0621739 0.141785 -0.13632 -0.0834716
internal_weight=82726.4 45123.1 37603.3 14292.2 36561.6 30830.9 1041.68
internal_count=363921 195849 168072 59366 163653 136483 4419
is_linear=0
shrinkage=0.1


Tree=5
num_leaves=8
num_cat=0
split_feature=56 14 48 45 25 27 39
split_gain=107607 5545.42 6031.93 3241.77 2642.58 589.751 249.561
threshold=1.0000000180025095e-35 1.0000000180025095e-35 1.0000000180025095e-35 1.0000000180025095e-35 1.0000000180025095e-35 1.0000000180025095e-35 1.0000000180025095e-35
decision_type=2 2 2 2 2 2 2
left_child=1 2 -1 4 -2 -3 -5
right_child=3 5 -4 6 -6 -7 -8
leaf_value=-0.11171045933802717 0.12828258644094856 -0.026442259593154077 0.0038910147271840828 -0.18363746578504053 -0.034632387546456034 -0.13501634231431378 0.14257737464132039
leaf_weight=10308.479204878211 1981.0418798029423 510.8384545147419 8028.7199850976467 22.65985681116581 1999.9726515263319 25537.423118263483 30920.388338431716
leaf_count=45379 8929 2206 33381 96 8529 118478 146923
internal_value=9.12488e-05 -0.103231 -0.0610983 0.131404 0.0464496 -0.132888 0.142333
internal_weight=79309.5 44385.5 18337.2 34924.1 3981.01 26048.3 30943
internal_count=363921 199444 78760 164477 17458 120684 147019
is_linear=0
shrinkage=0.1


Tree=6
num_leaves=8
num_cat=0
split_feature=61 10 17 30 41 75 2
split_gain=92523.9 5325.27 4200.72 3823.94 1862.62 994.074 568.768
threshold=1.0000000180025095e-35 1.0000000180025095e-35 1.0000000180025095e-35 1.0000000180025095e-35 1.0000000180025095e-35 1.0000000180025095e-35 1.0000000180025095e-35
decision_type=2 2 2 2 2 2 2
left_child=2 4 3 -1 -2 -4 -3
right_child=1 6 5 -5 -6 -7 -8
leaf_value=-0.076892188453736077 -0.19893900873220022 -0.14658445205497891 -0.060068355432843196 0.076776665648618195 0.12985783576077811 -0.12911943201221607 -0.010032282166490358
leaf_weight=11473.804780110717 172.34592980146408 663.23489411175251 2273.4361115396023 1884.5929334759712 33196.49745477736 25480.751729115844 564.33507861196995
leaf_count=49540 705 3029 10744 7682 165158 124594 2469
internal_value=0.000119767 0.120628 -0.101289 -0.0552086 0.128154 -0.123466 -0.0838683
internal_weight=75709 34596.4 41112.6 13358.4 33368.8 27754.2 1227.57
internal_count=363921 171361 192560 57222 165863 135338 5498
is_linear=0
shrinkage=0.1


Tree=7
num_leaves=8
num_cat=0
split_feature=60 44 17 68 24 75 39
split_gain=79306.3 4687.76 4005.02 3832.72 2926.27 937.234 188.638
threshold=1.0000000180025095e-35 1.0000000180025095e-35 1.0000000180025095e-35 1.0000000180025095e-35 1.0000000180025095e-35 1.0000000180025095e-35 1.0000000180025095e-35
decision_type=2 2 2 2 2 2 2
left_child=2 4 3 -1 -2 -4 -3
right_child=1 6 5 -5 -6 -7 -8
leaf_value=-0.082619265730851765 0.11748020951982521 -0.15833733911543413 -0.055535533682785326 0.039440251872479216 -0.034131232006029411 -0.12344366607650502 0.13241980201951614
leaf_weight=9672.695165336132 2178.4190696626902 21.538736298680305 2222.2688498198986 3503.8253234922886 3060.4117098748684 24083.83034285903 27331.514269545674
leaf_count=42572 10620 96 10755 14807 13494 124805 146772
internal_value=0.000135326 0.115588 -0.0951684 -0.0501614 0.0289225 -0.117709 0.132185
internal_weight=72074.5 32591.9 39482.6 13176.5 5238.83 26306.1 27353.1
internal_count=363921 170982 192939 57379 24114 135560 146868
is_linear=0
shrinkage=0.1


Tree=8
num_leaves=8
num_cat=0
split_feature=61 44 20 33 24 67 39
split_gain=68249.1 4480.26 3778.14 3017.35 2524.61 1949.05 165.175
threshold=1.0000000180025095e-35 1.0000000180025095e-35 1.0000000180025095e-35 1.0000000180025095e-35 1.0000000180025095e-35 1.0000000180025095e-35 1.0000000180025095e-35
decision_type=2 2 2 2 2 2 2
left_child=2 4 3 -1 -2 -4 -3
right_child=1 6 5 -5 -6 -7 -8
leaf_value=-0.078332954417660028 0.11131960188651507 -0.14945257276189647 -0.11699547164322054 0.070615600682991483 -0.030669953778580041 -0.059477718412933138 0.12829277336992304
leaf_weight=3130.7590738832951 2090.2427989840508 20.642598390579224 24401.382896050811 2403.106450676918 3120.3590892106295 7771.015225276351 25491.819461137056
leaf_count=13856 10679 96 129415 9854 13791 39435 146795
internal_value=0.000169396 0.110805 -0.0899769 -0.0136503 0.0262999 -0.103105 0.128062
internal_weight=68429.3 30723.1 37706.3 5533.87 5210.6 32172.4 25512.5
internal_count=363921 171361 192560 23710 24470 168850 146891
is_linear=0
shrinkage=0.1


Tree=9
num_leaves=8
num_cat=0
split_feature=61 35 15 48 24 75 6
split_gain=58860.1 4233.15 3762.43 4023.89 2153.83 791.061 228.618
threshold=1.0000000180025095e-35 1.0000000180025095e-35 1.0000000180025095e-35 1.0000000180025095e-35 1.0000000180025095e-35 1.0000000180025095e-35 1.0000000180025095e-35
decision_type=2 2 2 2 2 2 2
left_child=2 4 3 -1 -2 -4 -3
right_child=1 6 5 -5 -6 -7 -8
leaf_value=-0.094476118771622319 0.10268494019369612 0.12465368601899228 -0.049088209004171574 0.011844601737995789 -0.03166882541710242 -0.11702902438933718 -0.10438675823576403
leaf_weight=7668.4860175698996 2001.6447369009256 23813.163415625691 1877.7932225167751 6642.4740829467773 2951.2391342222691 19860.986292555928 42.95513229072094
leaf_count=38119 10789 147243 9780 28634 13132 116027 197
internal_value=0.00020865 0.106771 -0.0849511 -0.0451297 0.0226383 -0.111163 0.124237
internal_weight=64858.7 28809 36049.7 14311 4952.88 21738.8 23856.1
internal_count=363921 171361 192560 66753 23921 125807 147440
is_linear=0
shrinkage=0.1


Tree=10
num_leaves=8
num_cat=0
split_feature=53 64 7 32 39 51 23
split_gain=50945 5566.22 4749.9 2625.53 929.767 740.393 7.2384
threshold=1.0000000180025095e-35 1.0000000180025095e-35 1.0000000180025095e-35 1.0000000180025095e-35 1.0000000180025095e-35 1.0000000180025095e-35 1.0000000180025095e-35
decision_type=2 2 2 2 2 2 2
left_child=1 3 -3 -1 6 -6 -2
right_child=4 2 -4 -5 5 -7 -8
leaf_value=-0.1039363883979684 -0.24627127765783519 0.042627278781424048 -0.11569102368627593 -0.0133868221690202 -0.25735835726989442 0.11920369969087648 -0.15658477917195093
leaf_weight=25250.384541764855 13.334436938166617 6546.4777349233627 2665.9683674275875 3667.5810608118773 51.43190510571003 23069.538094937801 98.712726771831512
leaf_count=145764 57 30933 14608 18882 222 153007 448
internal_value=0.000234086 -0.0708888 -0.00319567 -0.0924531 0.11696 0.118355 -0.169342
internal_weight=61363.4 38130.4 9212.45 28918 23233 23121 112.047
internal_count=363921 210187 45541 164646 153734 153229 505
is_linear=0
shrinkage=0.1


Tree=11
num_leaves=8
num_cat=0
split_feature=53 12 67 37 23 29 43
split_gain=44294.3 5170.9 5538.51 853.051 1417.88 652.007 75.9731
threshold=1.0000000180025095e-35 1.0000000180025095e-35 1.0000000180025095e-35 1.0000000180025095e-35 1.0000000180025095e-35 1.0000000180025095e-35 1.0000000180025095e-35
decision_type=2 2 2 2 2 2 2
left_child=1 2 -1 4 -2 -3 -5
right_child=3 5 -4 6 -6 -7 -8
leaf_value=-0.072817194996137272 0.10335526382636967 0.016673529512852163 0.033296267415113649 0.11941198177849183 -0.12263172817879996 -0.11488229039364276 -0.043260157591259681
leaf_weight=13862.943893447518 936.80146600306034 386.37985174357891 7622.6393928974867 20169.170076787472 393.44396455585957 14724.298355564475 28.289232641458511
leaf_count=76513 6010 1862 36649 145770 1780 95163 174
internal_value=0.000256972 -0.0666966 -0.0351705 0.114073 0.0364736 -0.111518 0.119182
internal_weight=58124 36596.3 21485.6 21527.7 1330.25 15110.7 20197.5
internal_count=363921 210187 113162 153734 7790 97025 145944
is_linear=0
shrinkage=0.1


Tree=12
num_leaves=8
num_cat=0
split_feature=53 12 49 37 24 27 43
split_gain=38604.9 4821.72 4753.88 810.191 1195.28 606.174 70.5832
threshold=1.0000000180025095e-35 1.0000000180025095e-35 1.0000000180025095e-35 1.0000000180025095e-35 1.0000000180025095e-35 1.0000000180025095e-35 1.0000000180025095e-35
decision_type=2 2 2 2 2 2 2
left_child=1 2 -1 4 -2 -3 -5
right_child=3 5 -4 6 -6 -7 -8
leaf_value=-0.07490257405214755 0.099811787022236351 0.0073117833258217087 0.020763599349035097 0.11711997903549978 -0.1086511519363572 -0.11171842056976207 -0.038360561651000318
leaf_weight=11693.567976027727 876.32773524522781 441.55483794212341 9344.5623541772366 18588.556414440274 399.72146001458168 13656.446580991149 28.810532122850418
leaf_count=67677 5999 2156 45485 145770 1791 94869 174
internal_value=0.000284124 -0.0627387 -0.0324113 0.111594 0.034477 -0.10799 0.116877
internal_weight=55029.5 35136.1 21038.1 19893.4 1276.05 14098 18617.4
internal_count=363921 210187 113162 153734 7790 97025 145944
is_linear=0
shrinkage=0.1


Tree=13
num_leaves=8
num_cat=0
split_feature=61 11 50 44 69 27 39
split_gain=34018.8 3378.11 4084.18 3176.04 1551.84 422.872 113.447
threshold=1.0000000180025095e-35 1.0000000180025095e-35 1.0000000180025095e-35 1.0000000180025095e-35 1.0000000180025095e-35 1.0000000180025095e-35 1.0000000180025095e-35
decision_type=2 2 2 2 2 2 2
left_child=1 2 -1 4 -2 -3 -5
right_child=3 5 -4 6 -6 -7 -8
leaf_value=-0.083820955052250568 0.041360663033806276 -0.00063333003895023083 0.011040296741636556 -0.1356113778631049 -0.14693563569475418 -0.11330169798995662 0.11506111028324283
leaf_weight=10192.968608103693 4113.4842931479216 343.05346208810806 8180.7564297392964 17.283290199935436 488.80355512350798 11520.110245212913 17295.464575663209
leaf_count=63490 21879 1697 39504 96 2591 87869 146795
internal_value=0.000309873 -0.0684478 -0.0415864 0.0951759 0.0213344 -0.110044 0.114803
internal_weight=52151.9 30236.9 18373.7 21915 4602.29 11863.2 17312.7
internal_count=363921 192560 102994 171361 24470 89566 146891
is_linear=0
shrinkage=0.1


Tree=14
num_leaves=8
num_cat=0
split_feature=35 65 7 70 6 51 76
split_gain=29685.6 4733.64 3229.81 2499.17 1370.77 295.138 15.9381
threshold=1.0000000180025095e-35 1.0000000180025095e-35 1.0000000180025095e-35 1.0000000180025095e-35 1.0000000180025095e-35 1.0000000180025095e-35 1.0000000180025095e-35
decision_type=2 2 2 2 2 2 2
left_child=1 3 -3 -1 5 -2 -6
right_child=4 2 -4 -5 6 -7 -8
leaf_value=-0.086186196033791573 -0.075388193758391758 0.036023257300444526 -0.1029233279913252 0.079654847810059604 -0.12086518915644816 0.11360699484187638 0.0031429131036478245
leaf_weight=22235.939735002816 82.407227322459221 7343.3941577002406 2165.4271542206407 946.64355117827654 255.26677981764078 16302.154577061534 10.748896703124045
leaf_count=154664 475 37662 15192 5378 1916 148573 61
internal_value=0.000313883 -0.0550415 0.0043737 -0.0794111 0.108994 0.112652 -0.115861
internal_weight=49342 32691.4 9508.82 23182.6 16650.6 16384.6 266.016
internal_count=363921 212896 52854 160042 151025 149048 1977
is_linear=0
shrinkage=0.1


Tree=15
num_leaves=8
num_cat=0
split_feature=35 22 69 43 6 51 76
split_gain=25990.2 4283.17 2712.17 2042.55 1219 265.267 15.2204
threshold=1.0000000180025095e-35 1.0000000180025095e-35 1.0000000180025095e-35 1.0000000180025095e-35 1.0000000180025095e-35 1.0000000180025095e-35 1.0000000180025095e-35
decision_type=2 2 2 2 2 2 2
left_child=1 3 -3 -1 5 -2 -6
right_child=4 2 -4 -5 6 -7 -8
leaf_value=0.082949945143743375 -0.069971991651508553 -0.042498028958233271 -0.10888214925146333 -0.034434666968190836 -0.11851671411665006 0.1117823913728417 0.0028534937505136438
leaf_weight=2995.3547187522054 80.108182407915592 15147.707381866872 10367.829585187137 2932.8792020529509 235.33468965440989 14979.271628044546 10.756225198507307
leaf_count=17333 475 102587 78806 14170 1916 148573 61
internal_value=0.000334306 -0.0516859 -0.0694754 0.0248802 0.107202 0.110811 -0.113222
internal_weight=46749.2 31443.8 25515.5 5928.23 15305.5 15059.4 246.091
internal_count=363921 212896 181393 31503 151025 149048 1977
is_linear=0
shrinkage=0.1


Tree=16
num_leaves=8
num_cat=0
split_feature=35 11 34 6 38 51 53
split_gain=22756.8 4185.21 4130.84 1085.4 521.228 239.177 14.8858
threshold=1.0000000180025095e-35 1.0000000180025095e-35 1.0000000180025095e-35 1.0000000180025095e-35 1.0000000180025095e-35 1.0000000180025095e-35 1.0000000180025095e-35
decision_type=2 2 2 2 2 2 2
left_child=1 2 -1 5 -3 -2 -5
right_child=3 4 -4 6 -6 -7 -8
leaf_value=-0.11110679072752644 -0.064895188048868443 -0.10592119107107736 0.0016255433220862493 -0.11619263940530103 -0.018578081222140851 0.1101104251996049 0.009739459507058448
leaf_weight=4089.0635286867619 77.932786159217358 9675.0690422281623 15833.574811644852 217.65352468192577 735.65532492846251 13749.12049254775 9.6523741036653501
leaf_count=26018 475 87036 94377 1932 5465 148573 45
internal_value=0.00036781 -0.0483702 -0.0215169 0.105555 -0.0997516 0.109119 -0.110826
internal_weight=44387.7 30333.4 19922.6 14054.4 10410.7 13827.1 227.306
internal_count=363921 212896 120395 151025 92501 149048 1977
is_linear=0
shrinkage=0.1


Tree=17
num_leaves=8
num_cat=0
split_feature=62 11 50 44 69 27 39
split_gain=19980 2974.29 3280.39 2649.59 1220.99 481.745 92.6012
threshold=1.0000000180025095e-35 1.0000000180025095e-35 1.0000000180025095e-35 1.0000000180025095e-35 1.0000000180025095e-35 1.0000000180025095e-35 1.0000000180025095e-35
decision_type=2 2 2 2 2 2 2
left_child=1 2 -1 4 -2 -3 -5
right_child=3 5 -4 6 -6 -7 -8
leaf_value=-0.072250784068008542 0.036796468078121557 0.021450305565216831 0.017313767953287786 -0.12958379363520628 -0.13512327876255625 -0.10601484470265826 0.10916488068103908
leaf_weight=8710.0786622613668 4050.4925520271063 306.63057394325733 7707.0066547840834 15.475426547229288 459.0240536481142 8715.0124362409115 12313.723919220269
leaf_count=63032 22961 1680 38979 100 2976 87302 146891
internal_value=0.000372897 -0.055557 -0.0302062 0.0848661 0.0192707 -0.101681 0.108855
internal_weight=42277.4 25438.7 16417.1 16838.7 4509.52 9021.64 12329.2
internal_count=363921 190993 102011 172928 25937 88982 146991
is_linear=0
shrinkage=0.1


Tree=18
num_leaves=8
num_cat=0
split_feature=35 67 7 74 8 51 54
split_gain=17637.3 3816.88 3104.62 1973.13 913.257 143.724 90.6483
threshold=1.0000000180025095e-35 1.0000000180025095e-35 1.0000000180025095e-35 1.0000000180025095e-35 1.0000000180025095e-35 1.0000000180025095e-35 1.0000000180025095e-35
decision_type=2 2 2 2 2 2 2
left_child=1 3 -3 -1 5 -2 -6
right_child=4 2 -4 -5 6 -7 -8
leaf_value=0.013267620794936451 -0.044699058113384607 0.032791372240337041 -0.09660436586173099 -0.084719933666074318 -0.11076007286567756 0.10789814800048228 0.017916837201812492
leaf_weight=2378.075066998601 61.551746658980846 8403.8133799359202 2378.1316575706005 15114.256250567734 203.00171364843845 11509.082360602915 74.483620569109917
leaf_count=15772 378 46351 22275 128498 2033 148144 470
internal_value=0.000365118 -0.0425541 0.00424475 -0.0713986 0.102782 0.107083 -0.0762798
internal_weight=40122.4 28274.3 10781.9 17492.3 11848.1 11570.6 277.485
internal_count=363921 212896 68626 144270 151025 148522 2503
is_linear=0
shrinkage=0.1


Tree=19
num_leaves=8
num_cat=0
split_feature=35 34 7 13 25 48 27
split_gain=15499.8 3580.04 3671.88 824.925 241.325 142.703 139.904
threshold=1.0000000180025095e-35 1.0000000180025095e-35 1.0000000180025095e-35 1.0000000180025095e-35 1.0000000180025095e-35 1.0000000180025095e-35 1.0000000180025095e-35
decision_type=2 2 2 2 2 2 2
left_child=1 4 -3 6 -1 -5 -2
right_child=3 2 -4 5 -6 -7 -8
leaf_value=-0.066672578234584889 -0.044311518112683371 0.0027697094094472751 -0.095463632452879338 -0.11722327828567769 -0.11677687005116139 0.010443259362340133 0.10736262393189433
leaf_weight=1199.3106006532907 60.669177830219269 16202.27254973352 4972.0643547475338 163.73739546537399 4943.5198214277625 186.5557969212532 10444.030217520893
leaf_count=7087 299 104205 53796 1686 47808 1602 147438
internal_value=0.000367249 -0.0398014 -0.0203004 0.101448 -0.107007 -0.0493957 0.106483
internal_weight=38172.2 27317.2 21174.3 10855 6142.83 350.293 10504.7
internal_count=363921 212896 158001 151025 54895 3288 147737
is_linear=0
shrinkage=0.1


Tree=20
num_leaves=8
num_cat=0
split_feature=22 43 67 74 6 33 42
split_gain=13832 3450.77 3412.88 2456.18 2281.14 1230.66 1047.81
threshold=1.0000000180025095e-35 1.0000000180025095e-35 1.0000000180025095e-35 1.0000000180025095e-35 1.0000000180025095e-35 1.0000000180025095e-35 1.0000000180025095e-35
decision_type=2 2 2 2 2 2 2
left_child=1 6 3 -2 -4 -3 -1
right_child=2 5 4 -5 -6 -7 -8
leaf_value=-0.026613802979639015 0.021736147843133116 -0.082256943777680808 0.024769296723213225 -0.098884090527238025 -0.10242460510293845 0.051054000124838239 0.1081225991880483
leaf_weight=608.96291700005531 1981.7156035751104 1549.5320862531662 7022.9106253385544 11383.944414630532 1763.141841262579 1250.4191192388535 10935.926457695663
leaf_count=3164 14236 8772 46086 116637 19644 5548 149834
internal_value=0.000362652 0.0768615 -0.0491772 -0.0809995 -0.000764102 -0.0227252 0.101014
internal_weight=36496.6 14344.8 22151.7 13365.7 8786.05 2799.95 11544.9
internal_count=363921 167318 196603 130873 65730 14320 152998
is_linear=0
shrinkage=0.1


Tree=21
num_leaves=8
num_cat=0
split_feature=36 34 7 16 25 69 27
split_gain=12089.3 3164.29 3177.15 752.883 243.611 228.785 110.853
threshold=1.0000000180025095e-35 1.0000000180025095e-35 1.0000000180025095e-35 1.0000000180025095e-35 1.0000000180025095e-35 1.0000000180025095e-35 1.0000000180025095e-35
decision_type=2 2 2 2 2 2 2
left_child=1 4 -3 6 -1 -5 -2
right_child=3 2 -4 5 -6 -7 -8
leaf_value=-0.06206948612249507 -0.037955789610265446 0.0036666120374713195 -0.093655839259901896 -0.064007058615454498 -0.11433789295257085 0.062304411840675859 0.10585653549718606
leaf_weight=1132.4837513193488 53.470613777637482 15712.22792802006 4263.8525664806366 345.72585857659578 4266.7042047530413 243.55386780574918 8695.1193126514554
leaf_count=6995 260 103479 53354 3016 47505 3145 146167
internal_value=0.000328062 -0.0354713 -0.0171103 0.0976047 -0.103388 -0.0117844 0.104973
internal_weight=34713.1 25375.3 19976.1 9337.87 5399.19 589.28 8748.59
internal_count=363921 211333 156833 152588 54500 6161 146427
is_linear=0
shrinkage=0.1


Tree=22
num_leaves=8
num_cat=0
split_feature=63 44 32 52 34 26 39
split_gain=10751.1 3335.46 2408.14 2799.47 1829.86 1433.1 135.371
threshold=1.0000000180025095e-35 1.0000000180025095e-35 1.0000000180025095e-35 1.0000000180025095e-35 1.0000000180025095e-35 1.0000000180025095e-35 1.0000000180025095e-35
decision_type=2 2 2 2 2 2 2
left_child=2 4 5 -4 -2 -1 -3
right_child=1 6 3 -5 -6 -7 -8
leaf_value=-0.0084228815035068006 -0.10334409168937247 -0.13824139301263738 -0.1047334516196822 0.10663340433709922 0.033083613187615039 -0.085934980768312616 0.10499336542714632
leaf_weight=2999.1711768731475 1155.5962740257382 22.130294661968946 967.56848898530006 1774.0551966652274 6554.7251225523651 11656.423753760755 8149.6649169251323
leaf_count=25371 8960 179 7801 11217 41235 121257 147901
internal_value=0.00032199 0.0598074 -0.0539832 0.0320272 0.0126256 -0.0700743 0.104318
internal_weight=33279.3 15882.1 17397.2 2741.62 7710.32 14655.6 8171.8
internal_count=363921 198275 165646 19018 50195 146628 148080
is_linear=0
shrinkage=0.1


Tree=23
num_leaves=8
num_cat=0
split_feature=22 43 68 74 5 4 42
split_gain=9786.39 2697.47 2687.94 2252.8 1764.33 1055.96 866.873
threshold=1.0000000180025095e-35 1.0000000180025095e-35 1.0000000180025095e-35 1.0000000180025095e-35 1.0000000180025095e-35 1.0000000180025095e-35 1.0000000180025095e-35
decision_type=2 2 2 2 2 2 2
left_child=1 6 3 -2 -4 -3 -1
right_child=2 5 4 -5 -6 -7 -8
leaf_value=-0.020814647391386207 0.024795939406667303 -0.1292408856718745 0.022044355003039324 -0.093743816588862369 -0.09852908841764052 0.018285477762695533 0.10503142247993523
leaf_weight=583.70938786864281 1923.3944054171443 635.88824062049389 6827.4859306029975 9619.2401439510286 1474.9121538251638 2036.1671299040318 8717.2698048874736
leaf_count=3164 14210 3542 46268 116408 19717 10778 149834
internal_value=0.000296953 0.0716935 -0.0427799 -0.0739906 0.000615325 -0.0168576 0.0971322
internal_weight=31818.1 11973 19845 11542.6 8302.4 2672.06 9300.98
internal_count=363921 167318 196603 130618 65985 14320 152998
is_linear=0
shrinkage=0.1


Tree=24
num_leaves=8
num_cat=0
split_feature=23 72 43 34 18 4 41
split_gain=8434.18 2645.65 2396.07 2297.94 1183.17 911.523 808.857
threshold=1.0000000180025095e-35 1.0000000180025095e-35 1.0000000180025095e-35 1.0000000180025095e-35 1.0000000180025095e-35 1.0000000180025095e-35 1.0000000180025095e-35
decision_type=2 2 2 2 2 2 2
left_child=2 4 6 -3 -2 -4 -1
right_child=1 3 5 -5 -6 -7 -8
leaf_value=-0.017448304224457919 -0.0050588286063246333 -0.10324317110082311 -0.1279766839283592 0.017409132998190236 -0.096840223485253549 0.016730286304103358 0.10407381461292411
leaf_weight=588.26597621291876 1741.8665926493704 1938.5693111941218 560.9602922052145 8480.8024469725788 7254.3662534095347 1930.5534120798111 7894.7429720982909
leaf_count=3228 14569 24979 3294 69751 89888 10189 148023
internal_value=0.000258017 -0.0393485 0.0703252 -0.00504651 -0.0790719 -0.0158885 0.0956456
internal_weight=30390.1 19415.6 10974.5 10419.4 8996.23 2491.51 8483.01
internal_count=363921 199187 164734 94730 104457 13483 151251
is_linear=0
shrinkage=0.1


end of trees

feature_importances:
V10_lt=_0.5670583248138428=7
V7_lt=_2.128561854362488=6
V10_lt=_-1.8405387997627258=6
V11_lt=_0.29495930671691895=6
V4_lt=_-0.4557269364595413=5
V4_lt=_-0.24416956305503845=5
V4_lt=_1.793218195438385=5
V8_lt=_0.24588628858327866=5
V12_lt=_-1.6623698472976685=5
V12_lt=_0.3119194656610489=5
V4_lt=_-0.45784682035446167=4
V7_lt=_0.6948569118976593=4
V10_lt=_-1.702573299407959=4
V14_lt=_-2.7358014583587646=4
V14_lt=_-1.4205476641654968=4
V14_lt=_-0.4301060438156128=4
V18_lt=_-0.06820806860923767=4
V4_lt=_0.01078364858403802=3
V4_lt=_0.7523619830608368=3
V4_lt=_0.7563583552837372=3
V4_lt=_1.6956751942634583=3
V4_lt=_1.779853105545044=3
V4_lt=_1.7993766069412231=3
V8_lt=_-0.11756034195423126=3
V10_lt=_0.651888370513916=3
V12_lt=_-0.09154220670461655=3
V14_lt=_-1.812438189983368=3
Amount_lt=_0.5276917517185211=3
Amount_lt=_0.714294821023941=3
V1_lt=_1.9693114161491394=2
V3_lt=_1.2458264827728271=2
V4_lt=_-0.07750282809138298=2
V4_lt=_0.05265863426029682=2
V4_lt=_0.7329509854316711=2
V8_lt=_-0.4571485072374344=2
V10_lt=_-1.3339875936508179=2
V10_lt=_0.6864130198955536=2
V12_lt=_-1.4592942595481873=2
V12_lt=_-0.21973402053117752=2
V12_lt=_-0.07937132194638252=2
V14_lt=_-0.6934647560119629=2
V14_lt=_-0.42706455290317535=2
V10_lt=_-3.774082899093628=2
V1_lt=_1.9643386602401733=1
V3_lt=_-0.8456895053386688=1
V4_lt=_-0.18713511526584625=1
V4_lt=_-0.09944503754377365=1
V4_lt=_0.16101506352424622=1
V4_lt=_0.43584872782230377=1
V4_lt=_0.5616213083267212=1
V4_lt=_1.5319359302520752=1
V4_lt=_1.574686348438263=1
V7_lt=_2.2519283294677734=1
V7_lt=_2.2863523960113525=1
V8_lt=_-0.6077740788459778=1
V8_lt=_-0.5857284665107727=1
V10_lt=_-1.7240893840789795=1
V12_lt=_-0.08311179280281067=1
V13_lt=_-0.04660428501665592=1
V14_lt=_-1.8273465633392334=1
V14_lt=_-1.786939561367035=1
V14_lt=_-1.7585361003875732=1
V14_lt=_-1.5734373927116394=1
V14_lt=_-1.4366859793663025=1
V14_lt=_-1.349036455154419=1
V14_lt=_-0.7106232047080994=1
V14_lt=_-0.663888156414032=1
V14_lt=_-0.6369412541389465=1
V20_lt=_-0.8332254588603973=1
V26_lt=_-0.12887096405029297=1
Amount_lt=_-0.14890162646770477=1

parameters:
[boosting: gbdt]
[objective: binary]
[metric: binary_logloss]
[tree_learner: serial]
[device_type: cpu]
[data_sample_strategy: bagging]
[data: ]
[valid: ]
[num_iterations: 25]
[learning_rate: 0.1]
[num_leaves: 31]
[num_threads: 8]
[seed: 42]
[deterministic: 0]
[force_col_wise: 0]
[force_row_wise: 0]
[histogram_pool_size: -1]
[max_depth: 3]
[min_data_in_leaf: 20]
[min_sum_hessian_in_leaf: 0.001]
[bagging_fraction: 1]
[pos_bagging_fraction: 1]
[neg_bagging_fraction: 1]
[bagging_freq: 0]
[bagging_seed: 400]
[bagging_by_query: 0]
[feature_fraction: 1]
[feature_fraction_bynode: 1]
[feature_fraction_seed: 30056]
[extra_trees: 0]
[extra_seed: 12879]
[early_stopping_round: 0]
[early_stopping_min_delta: 0]
[first_metric_only: 0]
[max_delta_step: 0]
[lambda_l1: 0]
[lambda_l2: 1]
[linear_lambda: 0]
[min_gain_to_split: 0]
[drop_rate: 0.1]
[max_drop: 50]
[skip_drop: 0.5]
[xgboost_dart_mode: 0]
[uniform_drop: 0]
[drop_seed: 17869]
[top_rate: 0.2]
[other_rate: 0.1]
[min_data_per_group: 100]
[max_cat_threshold: 32]
[cat_l2: 10]
[cat_smooth: 10]
[max_cat_to_onehot: 4]
[top_k: 20]
[monotone_constraints: ]
[monotone_constraints_method: basic]
[monotone_penalty: 0]
[feature_contri: ]
[forcedsplits_filename: ]
[refit_decay_rate: 0.9]
[cegb_tradeoff: 1]
[cegb_penalty_split: 0]
[cegb_penalty_feature_lazy: ]
[cegb_penalty_feature_coupled: ]
[path_smooth: 0]
[interaction_constraints: ]
[verbosity: -1]
[saved_feature_importance_type: 0]
[use_quantized_grad: 0]
[num_grad_quant_bins: 4]
[quant_train_renew_leaf: 0]
[stochastic_rounding: 1]
[linear_tree: 0]
[max_bin: 255]
[max_bin_by_feature: ]
[min_data_in_bin: 3]
[bin_construct_sample_cnt: 200000]
[data_random_seed: 175]
[is_enable_sparse: 1]
[enable_bundle: 1]
[use_missing: 1]
[zero_as_missing: 0]
[feature_pre_filter: 1]
[pre_partition: 0]
[two_round: 0]
[header: 0]
[label_column: ]
[weight_column: ]
[group_column: ]
[ignore_column: ]
[categorical_feature: ]
[forcedbins_filename: ]
[precise_float_parser: 0]
[parser_config_file: ]
[objective_seed: 16083]
[num_class: 1]
[is_unbalance: 0]
[scale_pos_weight: 1]
[sigmoid: 1]
[boost_from_average: 1]
[reg_sqrt: 0]
[alpha: 0.9]
[fair_c: 1]
[poisson_max_delta_step: 0.7]
[tweedie_variance_power: 1.5]
[lambdarank_truncation_level: 30]
[lambdarank_norm: 1]
[label_gain: ]
[lambdarank_position_bias_regularization: 0]
[eval_at: ]
[multi_error_top_k: 1]
[auc_mu_weights: ]
[num_machines: 1]
[local_listen_port: 12400]
[time_out: 120]
[machine_list_filename: ]
[machines: ]
[gpu_platform_id: -1]
[gpu_device_id: -1]
[gpu_use_dp: 0]
[num_gpu: 1]

end of parameters

pandas_categorical:[]
