tree
version=v4
num_class=1
num_tree_per_iteration=1
label_index=0
max_feature_idx=15
objective=binary sigmoid:1
feature_names=season_lt=_1.5 yr_lt=_0.5 hr_lt=_5.5 hr_lt=_6.5 hr_lt=_7.5 hr_lt=_8.5 hr_lt=_21.5 hr_lt=_22.5 temp_lt=_0.3100000023841858 temp_lt=_0.3700000047683716 temp_lt=_0.45000000298023224 temp_lt=_0.4699999988079071 temp_lt=_0.48999999463558197 atemp_lt=_0.3257499933242798 atemp_lt=_0.5985000133514404 workingday_lt=_0.5
feature_infos=[0:1] [0:1] [0:1] [0:1] [0:1] [0:1] [0:1] [0:1] [0:1] [0:1] [0:1] [0:1] [0:1] [0:1] [0:1] [0:1]
tree_sizes=893 904 903 903 896 908 906 906 908 1014 1015 1018 1019 1019 1018 1018 1011 1018 1018 1019 912 912 1020 917 1018

Tree=0
num_leaves=7
num_cat=0
split_feature=3 9 7 1 2 1
split_gain=4990.34 1452.91 515.783 265.684 29.252 40.8909
threshold=1.0000000180025095e-35 1.0000000180025095e-35 1.0000000180025095e-35 1.0000000180025095e-35 1.0000000180025095e-35 1.0000000180025095e-35
decision_type=2 2 2 2 2 2
left_child=1 2 -1 -3 5 -2
right_child=4 3 -4 -5 -6 -7
leaf_value=-0.10720773748454829 -0.094061561585856407 0.017288904963985791 0.1336016562898662 -0.1051940292676538 -0.19955032351452004 -0.2011031766378146
leaf_weight=93.249594256281853 73.74967910349369 329.24856738746166 1668.7427390366793 381.49834004044533 854.99627977609634 74.249676927924156
leaf_count=373 295 1317 6675 1526 3420 297
internal_value=-0.00417176 0.0721425 0.120806 -0.0485042 -0.192202 -0.148724
internal_weight=3475.73 2472.74 1761.99 710.747 1003 147.999
internal_count=13903 9891 7048 2843 4012 592
is_linear=0
shrinkage=1


Tree=1
num_leaves=7
num_cat=0
split_feature=3 10 7 1 2 1
split_gain=4077.47 1210.41 356.469 355.463 24.4072 34.1902
threshold=1.0000000180025095e-35 1.0000000180025095e-35 1.0000000180025095e-35 1.0000000180025095e-35 1.0000000180025095e-35 1.0000000180025095e-35
decision_type=2 2 2 2 2 2
left_child=1 2 -1 -3 5 -2
right_child=4 3 -4 -5 -6 -7
leaf_value=-0.081376071797302468 -0.081204475046348118 0.045766997219827354 0.13845006899385709 -0.073465120583501825 -0.17768367280609054 -0.17934290771899247
leaf_weight=77.277739495038986 73.587112054228783 482.55366522073746 1387.30013859272 516.84847302734852 846.54459357261658 73.504318669438362
leaf_count=310 295 1933 5574 2074 3420 297
internal_value=-2.49091e-05 0.0689366 0.126803 -0.0159066 -0.17093 -0.131126
internal_weight=3457.62 2463.98 1464.58 999.402 993.636 147.091
internal_count=13903 9891 5884 4007 4012 592
is_linear=0
shrinkage=0.1


Tree=2
num_leaves=7
num_cat=0
split_feature=3 13 6 6 2 1
split_gain=3377.11 1018.07 485.978 119.021 21.6239 29.9192
threshold=1.0000000180025095e-35 1.0000000180025095e-35 1.0000000180025095e-35 1.0000000180025095e-35 1.0000000180025095e-35 1.0000000180025095e-35
decision_type=2 2 2 2 2 2
left_child=1 2 -1 -3 5 -2
right_child=4 3 -4 -5 -6 -7
leaf_value=-0.046193033043767692 -0.073607870636330772 -0.17986292744176621 0.11448958907606498 -0.040935476526076341 -0.16425675712759077 -0.16603754109824279
leaf_weight=211.12031950056553 73.186518922448158 70.399144023656845 1698.9157902896404 461.45715492963791 825.28937458992004 71.626787513494492
leaf_count=854 295 283 6899 1855 3420 297
internal_value=-5.62209e-05 0.0626516 0.0967141 -0.0596276 -0.157803 -0.12015
internal_weight=3412 2441.89 1910.04 531.856 970.103 144.813
internal_count=13903 9891 7753 2138 4012 592
is_linear=0
shrinkage=0.1


Tree=3
num_leaves=7
num_cat=0
split_feature=3 11 6 7 2 1
split_gain=2824.1 908.839 298.101 227.161 19.996 27.0402
threshold=1.0000000180025095e-35 1.0000000180025095e-35 1.0000000180025095e-35 1.0000000180025095e-35 1.0000000180025095e-35 1.0000000180025095e-35
decision_type=2 2 2 2 2 2
left_child=1 3 -3 -1 5 -2
right_child=4 2 -4 -5 -6 -7
leaf_value=-0.062879893595263317 -0.066883869763558534 -0.14970562205129406 0.0082334488459171271 0.12104134325024232 -0.15371942308383846 -0.15564159835773117
leaf_weight=70.272240608930588 72.619701400399208 136.21129433810711 925.39488415420055 1281.6962378323078 795.26614844799042 68.971104070544243
leaf_count=285 295 552 3741 5313 3420 297
internal_value=-0.000105075 0.0570965 -0.012153 0.111442 -0.147374 -0.110907
internal_weight=3350.43 2413.57 1061.61 1351.97 936.857 141.591
internal_count=13903 9891 4293 5598 4012 592
is_linear=0
shrinkage=0.1


Tree=4
num_leaves=7
num_cat=0
split_feature=3 0 6 1 2 1
split_gain=2380.87 774.033 352.825 245.929 19.0649 25
threshold=1.0000000180025095e-35 1.0000000180025095e-35 1.0000000180025095e-35 1.0000000180025095e-35 1.0000000180025095e-35 1.0000000180025095e-35
decision_type=2 2 2 2 2 2
left_child=1 2 -1 -3 5 -2
right_child=4 3 -4 -5 -6 -7
leaf_value=-0.036893880508499712 -0.060876488708894394 0.017964189160606093 0.10193990947337084 -0.1090067671576454 -0.14522896752875236 -0.14731434607518878
leaf_weight=206.8197470754385 71.941849291324615 307.36815899610519 1562.000236928463 301.37652982771397 759.4768300652504 65.801598832011223
leaf_count=849 295 1248 6567 1227 3420 297
internal_value=-0.000146902 0.0522346 0.0856951 -0.0449721 -0.138857 -0.102933
internal_weight=3274.78 2377.56 1768.82 608.745 897.22 137.743
internal_count=13903 9891 7416 2475 4012 592
is_linear=0
shrinkage=0.1


Tree=5
num_leaves=7
num_cat=0
split_feature=3 11 1 7 2 1
split_gain=2018.96 696.476 262.403 168.568 18.5766 23.4817
threshold=1.0000000180025095e-35 1.0000000180025095e-35 1.0000000180025095e-35 1.0000000180025095e-35 1.0000000180025095e-35 1.0000000180025095e-35
decision_type=2 2 2 2 2 2
left_child=1 3 -3 -1 5 -2
right_child=4 2 -4 -5 -6 -7
leaf_value=-0.053952524425092907 -0.055470431041288959 0.039369434546866283 -0.060511873180695799 0.10574437102578094 -0.13823900978739831 -0.14051066799378928
leaf_weight=69.297702297568321 71.195193454623222 505.29818497598171 546.48376743495464 1218.5585502237082 720.16593754291534 62.316531836986542
leaf_count=285 295 2056 2237 5313 3420 297
internal_value=-0.000194875 0.0478383 -0.012535 0.0971161 -0.131739 -0.0959124
internal_weight=3193.32 2339.64 1051.78 1287.86 853.678 133.512
internal_count=13903 9891 4293 5598 4012 592
is_linear=0
shrinkage=0.1


Tree=6
num_leaves=7
num_cat=0
split_feature=3 8 6 6 2 10
split_gain=1721.67 635.008 298.224 49.8684 18.3796 22.869
threshold=1.0000000180025095e-35 1.0000000180025095e-35 1.0000000180025095e-35 1.0000000180025095e-35 1.0000000180025095e-35 1.0000000180025095e-35
decision_type=2 2 2 2 2 2
left_child=1 2 -1 -3 5 -2
right_child=4 3 -4 -5 -6 -7
leaf_value=-0.041964321144816623 -0.04435874871398976 -0.15220545925972148 0.083222054748245095 -0.05279037459128505 -0.13237850415608524 -0.12944003291619485
leaf_weight=214.30160966515541 61.390033394098282 58.179909318685532 1660.1629059165716 363.21092993021011 679.01006877422333 67.686178103089333
leaf_count=889 281 248 7276 1478 3420 311
internal_value=-0.000225748 0.0439627 0.0688951 -0.0668441 -0.125669 -0.0896266
internal_weight=3103.94 2295.86 1874.46 421.391 808.086 129.076
internal_count=13903 9891 8165 1726 4012 592
is_linear=0
shrinkage=0.1


Tree=7
num_leaves=7
num_cat=0
split_feature=3 14 1 1 2 1
split_gain=1471.92 563.292 312.977 52.052 18.8607 24.1307
threshold=1.0000000180025095e-35 1.0000000180025095e-35 1.0000000180025095e-35 1.0000000180025095e-35 1.0000000180025095e-35 1.0000000180025095e-35
decision_type=2 2 2 2 2 2
left_child=1 3 -3 -1 5 -2
right_child=4 2 -4 -5 -6 -7
leaf_value=0.13533125610584171 -0.042868102041098227 0.051236536051618459 -0.040312904642875451 0.082459940918883617 -0.12738579391140517 -0.13168221079040038
leaf_weight=398.46746514737606 68.950427621603012 732.23571366071701 759.9838747382164 363.34911540150642 637.25396990776062 56.201514601707458
leaf_count=1843 295 3121 3247 1680 3420 297
internal_value=-0.000278356 0.0403522 0.00461485 0.110255 -0.120297 -0.0834792
internal_weight=3016.44 2254.04 1492.22 761.817 762.406 125.152
internal_count=13903 9891 6368 3523 4012 592
is_linear=0
shrinkage=0.1


Tree=8
num_leaves=7
num_cat=0
split_feature=3 0 6 1 2 1
split_gain=1263.32 506.545 233.076 141.708 18.9688 22.917
threshold=1.0000000180025095e-35 1.0000000180025095e-35 1.0000000180025095e-35 1.0000000180025095e-35 1.0000000180025095e-35 1.0000000180025095e-35
decision_type=2 2 2 2 2 2
left_child=1 2 -1 -3 5 -2
right_child=4 3 -4 -5 -6 -7
leaf_value=-0.034314739365421419 -0.039099968586067846 0.0060340275601325731 0.080126542471696649 -0.091712051308732029 -0.12307046510515177 -0.12740325599550034
leaf_weight=202.81430707871914 68.174238875508308 300.83375392854214 1422.9438339173794 291.33256459236145 595.81149101257324 52.504049688577652
leaf_count=849 295 1248 6567 1227 3420 297
internal_value=-0.000292447 0.0370056 0.0658376 -0.0421284 -0.115641 -0.0782498
internal_weight=2934.41 2217.92 1625.76 592.166 716.49 120.678
internal_count=13903 9891 7416 2475 4012 592
is_linear=0
shrinkage=0.1


Tree=9
num_leaves=8
num_cat=0
split_feature=3 14 1 1 2 10 12
split_gain=1087.64 458.672 238.095 50.2078 19.1533 22.4179 0.173906
threshold=1.0000000180025095e-35 1.0000000180025095e-35 1.0000000180025095e-35 1.0000000180025095e-35 1.0000000180025095e-35 1.0000000180025095e-35 1.0000000180025095e-35
decision_type=2 2 2 2 2 2 2
left_child=1 3 -3 -1 5 -2 -6
right_child=4 2 -4 -5 6 -7 -8
leaf_value=0.12578042798832259 -0.027428059232379967 0.04327852048422616 -0.03730606763188709 0.072070448549867411 -0.11316174959783086 -0.11556207507226729 -0.12391290962755241
leaf_weight=366.88415738940239 56.414458855986595 715.95205870270729 749.39299669861794 342.01371608674526 249.7416011095047 59.881749242544174 305.60058081150055
leaf_count=1843 281 3121 3247 1680 1538 311 1882
internal_value=-0.00033311 0.0340321 0.00206937 0.100006 -0.111466 -0.0734072 -0.11929
internal_weight=2845.88 2174.24 1465.35 708.898 671.638 116.296 555.342
internal_count=13903 9891 6368 3523 4012 592 3420
is_linear=0
shrinkage=0.1


Tree=10
num_leaves=8
num_cat=0
split_feature=3 8 6 15 2 1 12
split_gain=937.742 425.324 221.846 49.7948 19.8162 23.4263 0.285368
threshold=1.0000000180025095e-35 1.0000000180025095e-35 1.0000000180025095e-35 1.0000000180025095e-35 1.0000000180025095e-35 1.0000000180025095e-35 1.0000000180025095e-35
decision_type=2 2 2 2 2 2 2
left_child=1 2 -1 -3 5 -2 -6
right_child=4 3 -4 -5 6 -7 -8
leaf_value=-0.042655663989597546 -0.029313512146491125 -0.033293017775736053 0.066338695368729383 -0.10555124473117161 -0.10954446835762695 -0.12192236108890531 -0.12080221211398
leaf_weight=212.25525318086147 65.86160147190094 256.86941511929035 1516.4498655349016 152.10121783614159 233.08444225788116 46.752816125750542 283.29501181840897
leaf_count=889 295 1088 7276 638 1538 297 1882
internal_value=-0.000341219 0.0312454 0.0529391 -0.0603587 -0.10757 -0.0684956 -0.115942
internal_weight=2766.67 2137.68 1728.71 408.971 628.994 112.614 516.379
internal_count=13903 9891 8165 1726 4012 592 3420
is_linear=0
shrinkage=0.1


Tree=11
num_leaves=8
num_cat=0
split_feature=3 14 1 1 2 1 12
split_gain=810.447 379.797 197.746 49.081 20.0419 22.2018 0.409103
threshold=1.0000000180025095e-35 1.0000000180025095e-35 1.0000000180025095e-35 1.0000000180025095e-35 1.0000000180025095e-35 1.0000000180025095e-35 1.0000000180025095e-35
decision_type=2 2 2 2 2 2 2
left_child=1 3 -3 -1 5 -2 -6
right_child=4 2 -4 -5 6 -7 -8
leaf_value=0.1183375774471192 -0.026693092743748544 0.038011887220725744 -0.036091883218777703 0.063342585096578294 -0.10621053271766639 -0.11897424361667581 -0.1180864834814303
leaf_weight=336.02221414446831 65.227237522602081 699.30279956758022 740.27842484414577 322.44691398739815 217.21350783109665 43.321299031376839 261.94846299290657
leaf_count=1843 295 3121 3247 1680 1538 297 1882
internal_value=-0.000384136 0.0286968 -9.32286e-05 0.0915439 -0.104072 -0.064272 -0.112935
internal_weight=2685.76 2098.05 1439.58 658.469 587.711 108.549 479.162
internal_count=13903 9891 6368 3523 4012 592 3420
is_linear=0
shrinkage=0.1


Tree=12
num_leaves=8
num_cat=0
split_feature=3 0 7 6 2 10 12
split_gain=701.734 345.673 175.411 88.2016 20.2575 22.0875 0.543652
threshold=1.0000000180025095e-35 1.0000000180025095e-35 1.0000000180025095e-35 1.0000000180025095e-35 1.0000000180025095e-35 1.0000000180025095e-35 1.0000000180025095e-35
decision_type=2 2 2 2 2 2 2
left_child=1 2 -1 -3 5 -2 -6
right_child=4 3 -4 -5 6 -7 -8
leaf_value=-0.075924115376595908 -0.013636529314419174 -0.14939133198442189 0.060946980079783344 -0.025515304229337617 -0.10309751139650905 -0.10538014529442959 -0.11569577151486071
leaf_weight=99.557929426431656 52.086541250348091 63.893253162503242 1389.6327325850725 509.91043418645859 202.20213538408279 52.594695210456848 241.68578615784645
leaf_count=421 281 288 6995 2187 1538 311 1882
internal_value=-0.000386409 0.0263516 0.0517518 -0.0395448 -0.100805 -0.060292 -0.110202
internal_weight=2611.56 2062.99 1489.19 573.804 548.569 104.681 443.888
internal_count=13903 9891 7416 2475 4012 592 3420
is_linear=0
shrinkage=0.1


Tree=13
num_leaves=8
num_cat=0
split_feature=3 12 6 1 2 1 12
split_gain=607.38 315.433 165.042 103.183 20.819 22.3492 0.688025
threshold=1.0000000180025095e-35 1.0000000180025095e-35 1.0000000180025095e-35 1.0000000180025095e-35 1.0000000180025095e-35 1.0000000180025095e-35 1.0000000180025095e-35
decision_type=2 2 2 2 2 2 2
left_child=1 3 -3 -1 5 -2 -6
right_child=4 2 -4 -5 6 -7 -8
leaf_value=0.096495852417182421 -0.018975394134941231 -0.1206639554451821 0.00046456228228207322 0.032075867757951092 -0.10015483700583001 -0.11533234977864476 -0.11357420525304421
leaf_weight=496.76306468248367 63.133765563368797 127.51482823491096 901.89293900132179 499.76827661693096 188.08881567418575 38.404317274689674 222.57915250957012
leaf_count=2821 295 575 3886 2609 1538 297 1882
internal_value=-0.000427526 0.0241778 -0.0146424 0.0642533 -0.0976071 -0.0561894 -0.107686
internal_weight=2538.15 2025.94 1029.41 996.531 512.206 101.538 410.668
internal_count=13903 9891 4461 5430 4012 592 3420
is_linear=0
shrinkage=0.1


Tree=14
num_leaves=8
num_cat=0
split_feature=3 14 1 1 2 1 12
split_gain=526.89 283.488 160.695 44.8244 20.9381 21.0351 0.841453
threshold=1.0000000180025095e-35 1.0000000180025095e-35 1.0000000180025095e-35 1.0000000180025095e-35 1.0000000180025095e-35 1.0000000180025095e-35 1.0000000180025095e-35
decision_type=2 2 2 2 2 2 2
left_child=1 3 -3 -1 5 -2 -6
right_child=4 2 -4 -5 6 -7 -8
leaf_value=0.10837516027994143 -0.017234804142311651 0.032795372581179677 -0.034908951301697688 0.052892363308968342 -0.097341028844854877 -0.11315035766443518 -0.11167638418039248
leaf_weight=289.98788192868233 62.68453261256218 675.77637679874897 726.31277740001678 298.97237123548985 174.88594733178616 35.403660111129284 204.66105100512505
leaf_count=1843 295 3121 3247 1680 1538 297 1882
internal_value=-0.000444416 0.022192 -0.00227683 0.080348 -0.0946547 -0.0526468 -0.105344
internal_weight=2468.68 1991.05 1402.09 588.96 477.635 98.0882 379.547
internal_count=13903 9891 6368 3523 4012 592 3420
is_linear=0
shrinkage=0.1


Tree=15
num_leaves=8
num_cat=0
split_feature=3 8 1 15 2 10 12
split_gain=457.492 263.984 162.176 43.4107 21.0012 21.5108 1.00324
threshold=1.0000000180025095e-35 1.0000000180025095e-35 1.0000000180025095e-35 1.0000000180025095e-35 1.0000000180025095e-35 1.0000000180025095e-35 1.0000000180025095e-35
decision_type=2 2 2 2 2 2 2
left_child=1 2 -1 -3 5 -2 -6
right_child=4 3 -4 -5 6 -7 -8
leaf_value=0.072201118926440891 -0.0024690706732756287 -0.02692053394435874 0.0077667732543072856 -0.095530919039604256 -0.094621879820301152 -0.097271711790789986 -0.10996498876659917
leaf_weight=753.22894309461117 48.545456975698471 248.95508649945259 810.805429905653 146.60575067996979 162.58654037117958 46.31217173486948 187.93425799906254
leaf_count=4195 281 1088 3970 638 1538 311 1882
internal_value=-0.0004356 0.020367 0.0388242 -0.0525262 -0.0918044 -0.0492863 -0.103138
internal_weight=2404.97 1959.6 1564.03 395.561 445.378 94.8576 350.521
internal_count=13903 9891 8165 1726 4012 592 3420
is_linear=0
shrinkage=0.1


Tree=16
num_leaves=8
num_cat=0
split_feature=4 9 7 6 15 2 3
split_gain=400.475 239.671 134.51 87.5579 83.1465 209.803 105.114
threshold=1.0000000180025095e-35 1.0000000180025095e-35 1.0000000180025095e-35 1.0000000180025095e-35 1.0000000180025095e-35 1.0000000180025095e-35 1.0000000180025095e-35
decision_type=2 2 2 2 2 2 2
left_child=1 2 -1 -3 5 -2 -6
right_child=4 3 -4 -5 6 -7 -8
leaf_value=-0.070958124623928517 0.04413066877966948 -0.12782864885373027 0.05682373245399655 -0.014853580386783095 -0.28243784905009933 -0.11046987741149428 -0.091526560543402968
leaf_weight=88.037125468254089 144.4659341648221 78.102808982133865 1125.836417645216 519.68962848186493 36.61223791539669 220.99367738515139 132.24780133366585
leaf_count=373 802 384 6323 2230 177 2333 1281
internal_value=-0.000449728 0.0219938 0.0475055 -0.0298028 -0.0764458 -0.0494027 -0.134339
internal_weight=2345.99 1811.67 1213.87 597.792 534.32 365.46 168.86
internal_count=13903 9310 6696 2614 4593 3135 1458
is_linear=0
shrinkage=0.1


Tree=17
num_leaves=8
num_cat=0
split_feature=3 14 6 1 2 1 12
split_gain=349.401 217.899 137.473 40.3977 19.1833 20.7821 1.4556
threshold=1.0000000180025095e-35 1.0000000180025095e-35 1.0000000180025095e-35 1.0000000180025095e-35 1.0000000180025095e-35 1.0000000180025095e-35 1.0000000180025095e-35
decision_type=2 2 2 2 2 2 2
left_child=1 3 -3 -1 5 -2 -6
right_child=4 2 -4 -5 6 -7 -8
leaf_value=0.10057976968522049 -0.011337994833968405 -0.084249833446205263 0.008611604179361524 0.045170707772500297 -0.088987968642824475 -0.11068633511326587 -0.10703878205063432
leaf_weight=251.23203104734421 60.872046560049057 183.31573846936226 1179.4187523275614 281.43877756595612 139.15630429238081 31.406800150871277 158.53076893091202
leaf_count=1843 295 857 5511 1680 1538 297 1882
internal_value=-0.000469115 0.017277 -0.00393278 0.0714437 -0.0865464 -0.045975 -0.098927
internal_weight=2285.37 1895.41 1362.73 532.671 389.966 92.2788 297.687
internal_count=13903 9891 6368 3523 4012 592 3420
is_linear=0
shrinkage=0.1


Tree=18
num_leaves=8
num_cat=0
split_feature=3 0 6 1 2 10 12
split_gain=303.466 203.06 116.061 66.6199 19.1526 19.5641 1.63448
threshold=1.0000000180025095e-35 1.0000000180025095e-35 1.0000000180025095e-35 1.0000000180025095e-35 1.0000000180025095e-35 1.0000000180025095e-35 1.0000000180025095e-35
decision_type=2 2 2 2 2 2 2
left_child=1 2 -1 -3 5 -2 -6
right_child=4 3 -4 -5 6 -7 -8
leaf_value=-0.035602512623482289 0.0015300337733043531 -0.0014322815975565785 0.049216596722492248 -0.071010288813087338 -0.086403515166220621 -0.09153990713916188 -0.10571420578361866
leaf_weight=187.42546835541725 47.194118268787861 283.95967887341976 1129.9222260713577 266.09120875597 129.51741871982813 42.25940714776516 145.16231045126915
leaf_count=849 281 1248 6567 1227 1538 311 1882
internal_value=-0.000464703 0.0158303 0.0371311 -0.0351589 -0.0838456 -0.0429638 -0.0969552
internal_weight=2231.53 1867.4 1317.35 550.051 364.133 89.4535 274.68
internal_count=13903 9891 7416 2475 4012 592 3420
is_linear=0
shrinkage=0.1


Tree=19
num_leaves=8
num_cat=0
split_feature=4 10 1 6 15 2 3
split_gain=268.365 176.597 98.815 94.5707 76.9743 172.845 79.8819
threshold=1.0000000180025095e-35 1.0000000180025095e-35 1.0000000180025095e-35 1.0000000180025095e-35 1.0000000180025095e-35 1.0000000180025095e-35 1.0000000180025095e-35
decision_type=2 2 2 2 2 2 2
left_child=1 2 -1 -3 5 -2 -6
right_child=4 3 -4 -5 6 -7 -8
leaf_value=0.084159422873981926 0.042296653975748139 -0.10715219143379656 0.017526340089611882 -0.0032198482630291765 -0.25255137395835131 -0.10699020848423897 -0.083247386659345918
leaf_weight=413.46537902951241 139.56865997612476 98.577039457857609 482.1218485981226 725.42894612252712 37.524202764034271 172.3721868917346 107.64982184767723
leaf_count=2890 802 509 2712 3199 177 2333 1281
internal_value=-0.000476676 0.0176332 0.0483484 -0.0157682 -0.0684931 -0.0402745 -0.128437
internal_weight=2176.71 1719.59 895.587 824.006 457.115 311.941 145.174
internal_count=13903 9310 5602 3708 4593 3135 1458
is_linear=0
shrinkage=0.1


Tree=20
num_leaves=7
num_cat=0
split_feature=3 14 1 7 1 2
split_gain=232.21 160.51 108.407 37.6568 18.0015 22.3143
threshold=1.0000000180025095e-35 1.0000000180025095e-35 1.0000000180025095e-35 1.0000000180025095e-35 1.0000000180025095e-35 1.0000000180025095e-35
decision_type=2 2 2 2 2 2
left_child=1 3 -3 -1 5 -2
right_child=4 2 -4 -5 -6 -7
leaf_value=-0.04223213713521784 -0.0067307131372252834 0.02544651779588486 -0.031746171524141512 0.070193056428446726 -0.10534552338702169 -0.081921575415718526
leaf_weight=31.256308272480965 59.277669429779053 631.57359549403191 695.16296523064375 450.33032215386629 142.80449085682631 118.25968486070633
leaf_count=127 295 3121 3247 3396 1983 1734
internal_value=-0.000474499 0.0134383 -0.00452177 0.062824 -0.0788096 -0.0569945
internal_weight=2128.67 1808.32 1326.74 481.587 320.342 177.537
internal_count=13903 9891 6368 3523 4012 2029
is_linear=0
shrinkage=0.1


Tree=21
num_leaves=7
num_cat=0
split_feature=3 0 1 6 1 11
split_gain=201.377 148.308 95.1686 50.8719 18.088 22.4661
threshold=1.0000000180025095e-35 1.0000000180025095e-35 1.0000000180025095e-35 1.0000000180025095e-35 1.0000000180025095e-35 1.0000000180025095e-35
decision_type=2 2 2 2 2 2
left_child=1 2 -1 -3 5 -2
right_child=4 3 -4 -5 -6 -7
leaf_value=0.062117512906346817 -0.017249158267804317 -0.12578431133966531 0.0065191031984473333 -0.021502723694542383 -0.10414520480950967 -0.090134803269453972
leaf_weight=553.26923767477274 84.66937218979001 50.865996934473515 693.14960217475891 485.79314275085926 130.63945131748915 84.676860705018044
leaf_count=3716 955 288 3700 2187 1983 1074
internal_value=-0.000453948 0.012311 0.0312285 -0.0316024 -0.0761159 -0.0540088
internal_weight=2083.06 1783.08 1246.42 536.659 299.986 169.346
internal_count=13903 9891 7416 2475 4012 2029
is_linear=0
shrinkage=0.1


Tree=22
num_leaves=8
num_cat=0
split_feature=4 8 1 15 2 3 5
split_gain=178.137 136.941 120.104 71.8227 147.771 63.4317 41.6284
threshold=1.0000000180025095e-35 1.0000000180025095e-35 1.0000000180025095e-35 1.0000000180025095e-35 1.0000000180025095e-35 1.0000000180025095e-35 1.0000000180025095e-35
decision_type=2 2 2 2 2 2 2
left_child=1 2 -1 4 -2 -5 -3
right_child=3 6 -4 5 -6 -7 -8
leaf_value=0.061669952392391564 0.043051902769053768 -0.055591458259355825 0.0009387627952205385 -0.23002835727630888 -0.10442938300828142 -0.074910042643749661 0.053867272829735705
leaf_weight=597.22338560223579 134.16769675910473 296.95473562180996 714.72338102757931 37.596936702728271 135.7740415930748 88.655786473304033 38.527530863881111
leaf_count=3989 802 1388 3766 177 2333 1281 167
internal_value=-0.000454219 0.0140314 0.0286107 -0.0605711 -0.0312392 -0.122548 -0.0428982
internal_weight=2043.62 1647.43 1311.95 396.194 269.942 126.253 335.482
internal_count=13903 9310 7755 4593 3135 1458 1555
is_linear=0
shrinkage=0.1


Tree=23
num_leaves=7
num_cat=0
split_feature=2 14 6 1 15 12
split_gain=154.503 134.482 91.6654 37.6388 9.7778 15.2204
threshold=1.0000000180025095e-35 1.0000000180025095e-35 1.0000000180025095e-35 1.0000000180025095e-35 1.0000000180025095e-35 1.0000000180025095e-35
decision_type=2 2 2 2 2 2
left_child=1 3 -3 -1 -2 -6
right_child=4 2 -4 -5 5 -7
leaf_value=0.088263515791892622 -0.10355940981464724 -0.07569738979754502 0.0025232467624380171 0.030107238866539862 0.0025431227318343185 -0.097102303573939827
leaf_weight=197.09167509526014 123.84113075211644 170.28550215810537 1194.8974738121033 257.73194660246372 27.356097295880318 33.722042050212622
leaf_count=1877 2333 857 6026 1723 447 640
internal_value=-0.000449817 0.00841603 -0.00728184 0.0554468 -0.0872849 -0.0531504
internal_weight=2004.93 1820.01 1365.18 454.824 184.919 61.0781
internal_count=13903 10483 6883 3600 3420 1087
is_linear=0
shrinkage=0.1


Tree=24
num_leaves=8
num_cat=0
split_feature=4 6 0 15 2 3 12
split_gain=137.736 117.32 111.916 63.9222 121.894 48.4932 29.3156
threshold=1.0000000180025095e-35 1.0000000180025095e-35 1.0000000180025095e-35 1.0000000180025095e-35 1.0000000180025095e-35 1.0000000180025095e-35 1.0000000180025095e-35
decision_type=2 2 2 2 2 2 2
left_child=1 6 -3 4 -2 -5 -1
right_child=3 2 -4 5 -6 -7 -8
leaf_value=-0.021264125749951571 0.037684236163171091 0.042922275751936204 -0.01774291891566137 -0.20860663676158248 -0.10273864512147186 -0.070734970913346476 -0.093731422751516136
leaf_weight=122.5746988505125 134.33844971656799 929.80057762563229 450.97496086359024 37.563043534755707 112.91355454549193 80.835231207311153 102.71206229925156
leaf_count=562 802 6120 2053 177 2333 1281 575
internal_value=-0.000432086 0.0121862 0.0231099 -0.0557379 -0.0265988 -0.115857 -0.0545714
internal_weight=1971.71 1606.06 1380.78 365.65 247.252 118.398 225.287
internal_count=13903 9310 8173 4593 3135 1458 1137
is_linear=0
shrinkage=0.1


end of trees

feature_importances:
yr_lt=_0.5=37
hr_lt=_5.5=24
hr_lt=_6.5=24
hr_lt=_21.5=17
temp_lt=_0.48999999463558197=12
hr_lt=_22.5=7
temp_lt=_0.45000000298023224=7
atemp_lt=_0.5985000133514404=7
workingday_lt=_0.5=7
season_lt=_1.5=6
hr_lt=_7.5=4
temp_lt=_0.3100000023841858=4
temp_lt=_0.4699999988079071=3
temp_lt=_0.3700000047683716=2
hr_lt=_8.5=1
atemp_lt=_0.3257499933242798=1

parameters:
[boosting: gbdt]
[objective: binary]
[metric: binary_logloss]
[tree_learner: serial]
[device_type: cpu]
[data_sample_strategy: bagging]
[data: ]
[valid: ]
[num_iterations: 25]
[learning_rate: 0.1]
[num_leaves: 31]
[num_threads: 8]
[seed: 42]
[deterministic: 0]
[force_col_wise: 0]
[force_row_wise: 0]
[histogram_pool_size: -1]
[max_depth: 3]
[min_data_in_leaf: 20]
[min_sum_hessian_in_leaf: 0.001]
[bagging_fraction: 1]
[pos_bagging_fraction: 1]
[neg_bagging_fraction: 1]
[bagging_freq: 0]
[bagging_seed: 400]
[bagging_by_query: 0]
[feature_fraction: 1]
[feature_fraction_bynode: 1]
[feature_fraction_seed: 30056]
[extra_trees: 0]
[extra_seed: 12879]
[early_stopping_round: 0]
[early_stopping_min_delta: 0]
[first_metric_only: 0]
[max_delta_step: 0]
[lambda_l1: 0]
[lambda_l2: 1]
[linear_lambda: 0]
[min_gain_to_split: 0]
[drop_rate: 0.1]
[max_drop: 50]
[skip_drop: 0.5]
[xgboost_dart_mode: 0]
[uniform_drop: 0]
[drop_seed: 17869]
[top_rate: 0.2]
[other_rate: 0.1]
[min_data_per_group: 100]
[max_cat_threshold: 32]
[cat_l2: 10]
[cat_smooth: 10]
[max_cat_to_onehot: 4]
[top_k: 20]
[monotone_constraints: ]
[monotone_constraints_method: basic]
[monotone_penalty: 0]
[feature_contri: ]
[forcedsplits_filename: ]
[refit_decay_rate: 0.9]
[cegb_tradeoff: 1]
[cegb_penalty_split: 0]
[cegb_penalty_feature_lazy: ]
[cegb_penalty_feature_coupled: ]
[path_smooth: 0]
[interaction_constraints: ]
[verbosity: -1]
[saved_feature_importance_type: 0]
[use_quantized_grad: 0]
[num_grad_quant_bins: 4]
[quant_train_renew_leaf: 0]
[stochastic_rounding: 1]
[linear_tree: 0]
[max_bin: 255]
[max_bin_by_feature: ]
[min_data_in_bin: 3]
[bin_construct_sample_cnt: 200000]
[data_random_seed: 175]
[is_enable_sparse: 1]
[enable_bundle: 1]
[use_missing: 1]
[zero_as_missing: 0]
[feature_pre_filter: 1]
[pre_partition: 0]
[two_round: 0]
[header: 0]
[label_column: ]
[weight_column: ]
[group_column: ]
[ignore_column: ]
[categorical_feature: ]
[forcedbins_filename: ]
[precise_float_parser: 0]
[parser_config_file: ]
[objective_seed: 16083]
[num_class: 1]
[is_unbalance: 0]
[scale_pos_weight: 1]
[sigmoid: 1]
[boost_from_average: 1]
[reg_sqrt: 0]
[alpha: 0.9]
[fair_c: 1]
[poisson_max_delta_step: 0.7]
[tweedie_variance_power: 1.5]
[lambdarank_truncation_level: 30]
[lambdarank_norm: 1]
[label_gain: ]
[lambdarank_position_bias_regularization: 0]
[eval_at: ]
[multi_error_top_k: 1]
[auc_mu_weights: ]
[num_machines: 1]
[local_listen_port: 12400]
[time_out: 120]
[machine_list_filename: ]
[machines: ]
[gpu_platform_id: -1]
[gpu_device_id: -1]
[gpu_use_dp: 0]
[num_gpu: 1]

end of parameters

pandas_categorical:[]
