tree
version=v4
num_class=1
num_tree_per_iteration=1
label_index=0
max_feature_idx=59
objective=binary sigmoid:1
feature_names=ExternalRiskEstimate_lt=_63.5 ExternalRiskEstimate_lt=_65.5 ExternalRiskEstimate_lt=_67.5 ExternalRiskEstimate_lt=_70.5 ExternalRiskEstimate_lt=_73.5 ExternalRiskEstimate_lt=_74.5 ExternalRiskEstimate_lt=_75.5 ExternalRiskEstimate_lt=_78.5 ExternalRiskEstimate_lt=_80.5 ExternalRiskEstimate_lt=_81.5 ExternalRiskEstimate_lt=_84.5 MSinceOldestTradeOpen_lt=_134.5 MSinceOldestTradeOpen_lt=_288.5 AverageMInFile_lt=_48.5 AverageMInFile_lt=_49.5 AverageMInFile_lt=_56.5 AverageMInFile_lt=_59.5 AverageMInFile_lt=_63.5 AverageMInFile_lt=_74.5 AverageMInFile_lt=_75.5 AverageMInFile_lt=_85.5 AverageMInFile_lt=_97.5 NumSatisfactoryTrades_lt=_6.5 NumSatisfactoryTrades_lt=_9.5 NumSatisfactoryTrades_lt=_13.5 NumSatisfactoryTrades_lt=_14.5 NumSatisfactoryTrades_lt=_18.5 NumSatisfactoryTrades_lt=_20.5 NumSatisfactoryTrades_lt=_26.5 PercentTradesNeverDelq_lt=_76.5 PercentTradesNeverDelq_lt=_78.5 PercentTradesNeverDelq_lt=_83.5 PercentTradesNeverDelq_lt=_84.5 PercentTradesNeverDelq_lt=_91.5 PercentTradesNeverDelq_lt=_92.5 PercentTradesNeverDelq_lt=_95.5 MaxDelq2PublicRecLast12M_lt=_5.5 PercentInstallTrades_lt=_45.5 PercentInstallTrades_lt=_47.5 MSinceMostRecentInqexcl7days_lt=_-7.5 MSinceMostRecentInqexcl7days_lt=_0.5 MSinceMostRecentInqexcl7days_lt=_1.5 NumInqLast6M_lt=_7.5 NetFractionRevolvingBurden_lt=_35.5 NetFractionRevolvingBurden_lt=_37.5 NetFractionRevolvingBurden_lt=_47.5 NetFractionRevolvingBurden_lt=_57.5 NetFractionRevolvingBurden_lt=_71.5 NumRevolvingTradesWBalance_lt=_1.5 NumRevolvingTradesWBalance_lt=_7.5 PercentTradesWBalance_lt=_2.0 PercentTradesWBalance_lt=_15.5 PercentTradesWBalance_lt=_43.5 PercentTradesWBalance_lt=_47.5 PercentTradesWBalance_lt=_48.5 PercentTradesWBalance_lt=_66.5 PercentTradesWBalance_lt=_73.5 PercentTradesWBalance_lt=_80.5 PercentTradesWBalance_lt=_86.5 ExternalRiskEstimate_lt=_77.5
feature_infos=[0:1] [0:1] [0:1] [0:1] [0:1] [0:1] [0:1] [0:1] [0:1] [0:1] [0:1] [0:1] [0:1] [0:1] [0:1] [0:1] [0:1] [0:1] [0:1] [0:1] [0:1] [0:1] [0:1] [0:1] [0:1] [0:1] [0:1] [0:1] [0:1] [0:1] [0:1] [0:1] [0:1] [0:1] [0:1] [0:1] [0:1] [0:1] [0:1] [0:1] [0:1] [0:1] [0:1] [0:1] [0:1] [0:1] [0:1] [0:1] [0:1] [0:1] [0:1] [0:1] [0:1] [0:1] [0:1] [0:1] [0:1] [0:1] [0:1] [0:1]
tree_sizes=1013 1018 1015 1015 1019 1017 1017 1016 1020 1016 1023 1024 1016 1019 1020 1020 1019 1023 1019 1024 1019 1023 1022 1018 1023

Tree=0
num_leaves=8
num_cat=0
split_feature=5 2 53 9 40 25 11
split_gain=1324.43 138.635 106.371 86.442 70.4804 53.6725 19.6288
threshold=1.0000000180025095e-35 1.0000000180025095e-35 1.0000000180025095e-35 1.0000000180025095e-35 1.0000000180025095e-35 1.0000000180025095e-35 1.0000000180025095e-35
decision_type=2 2 2 2 2 2 2
left_child=3 4 -3 6 -2 -5 -1
right_child=1 2 -4 5 -6 -7 -8
leaf_value=0.053881432267219365 -0.046806475511535738 -0.19338017742234548 -0.10412911302370191 0.00071857582331144587 -0.13167318015720481 -0.085850061613389594 -0.015680757054797281
leaf_weight=360.5549843609333 136.98594215512276 651.24464303255081 168.42533871531487 289.94110161066055 336.10212036967278 95.066746741533279 49.404766023159027
leaf_count=1445 549 2610 675 1162 1347 381 198
internal_value=-0.0877819 -0.150226 -0.175083 0.0137139 -0.107065 -0.0205967 0.0456942
internal_weight=2087.73 1292.76 819.67 794.968 473.088 385.008 409.96
internal_count=8367 5181 3285 3186 1896 1543 1643
is_linear=0
shrinkage=1


Tree=1
num_leaves=8
num_cat=0
split_feature=4 7 56 0 40 3 14
split_gain=1075.43 98.0798 97.2529 46.2107 44.5024 34.9852 33.3145
threshold=1.0000000180025095e-35 1.0000000180025095e-35 1.0000000180025095e-35 1.0000000180025095e-35 1.0000000180025095e-35 1.0000000180025095e-35 1.0000000180025095e-35
decision_type=2 2 2 2 2 2 2
left_child=1 6 3 -2 -3 -4 -1
right_child=2 4 5 -5 -6 -7 -8
leaf_value=0.11517983440934979 -0.063078504073155336 0.095191566676924855 0.013912408491801118 -0.11935153117247772 0.0096401529919605215 -0.044379595921486013 0.0054158163872563385
leaf_weight=546.93203993141651 325.00818286836147 88.71616430580616 128.84425356984138 271.45426785945892 189.49625542759895 503.58148224651814 29.227383136749268
leaf_count=2189 1308 355 517 1096 759 2026 117
internal_value=-8.42297e-06 0.0861041 -0.0598986 -0.0888457 0.0371639 -0.0325005 0.109631
internal_weight=2083.26 854.372 1228.89 596.462 278.212 632.426 576.159
internal_count=8367 3420 4947 2404 1114 2543 2306
is_linear=0
shrinkage=0.1


Tree=2
num_leaves=8
num_cat=0
split_feature=5 2 53 8 28 24 23
split_gain=878.274 98.6304 81.4453 60.7532 57.8421 35.6321 19.7291
threshold=1.0000000180025095e-35 1.0000000180025095e-35 1.0000000180025095e-35 1.0000000180025095e-35 1.0000000180025095e-35 1.0000000180025095e-35 1.0000000180025095e-35
decision_type=2 2 2 2 2 2 2
left_child=3 4 -3 6 -2 -5 -1
right_child=1 2 -4 5 -6 -7 -8
leaf_value=0.11417985575247458 0.036925390584344145 -0.088674316476962584 -0.010357072560176877 0.067113632684701746 -0.03844371555124481 -0.011832058488689862 0.050364631166798429
leaf_weight=400.50659923255444 147.33327513933182 640.26565144956112 167.82296821475029 262.33158688247204 324.16249388456345 72.680988907814026 57.700532302260399
leaf_count=1612 592 2610 675 1051 1304 291 232
internal_value=-1.62781e-05 -0.0512543 -0.0724424 0.082599 -0.014864 0.0500021 0.106271
internal_weight=2072.8 1279.58 808.089 793.22 471.496 335.013 458.207
internal_count=8367 5181 3285 3186 1896 1342 1844
is_linear=0
shrinkage=0.1


Tree=3
num_leaves=8
num_cat=0
split_feature=4 46 7 37 40 14 40
split_gain=719.504 77.8972 68.5013 44.5331 35.8127 25.649 25.6025
threshold=1.0000000180025095e-35 1.0000000180025095e-35 1.0000000180025095e-35 1.0000000180025095e-35 1.0000000180025095e-35 1.0000000180025095e-35 1.0000000180025095e-35
decision_type=2 2 2 2 2 2 2
left_child=2 6 5 -3 -4 -1 -2
right_child=1 3 4 -5 -6 -7 -8
leaf_value=0.095543195294439137 -0.038256226580387 -0.07325040495465715 0.08205482745887456 -0.017756711580959952 0.0052146235962592935 -0.00065929106335670768 -0.09797036280707834
leaf_weight=538.82235257327557 94.76676282286644 189.29007411003113 88.351210579276085 606.8407429754734 189.3202203810215 29.199283882975578 320.68563997745514
leaf_count=2189 389 774 355 2463 759 117 1321
internal_value=-1.4975e-05 -0.0494081 0.0707229 -0.0310264 0.0298708 0.0906054 -0.0844738
internal_weight=2057.28 1211.58 845.693 796.131 277.671 568.022 415.452
internal_count=8367 4947 3420 3237 1114 2306 1710
is_linear=0
shrinkage=0.1


Tree=4
num_leaves=8
num_cat=0
split_feature=5 2 53 40 16 45 40
split_gain=589.964 77.8063 62.1758 51.3937 49.4233 43.8402 21.5686
threshold=1.0000000180025095e-35 1.0000000180025095e-35 1.0000000180025095e-35 1.0000000180025095e-35 1.0000000180025095e-35 1.0000000180025095e-35 1.0000000180025095e-35
decision_type=2 2 2 2 2 2 2
left_child=4 3 -3 -2 5 -1 -6
right_child=1 2 -4 -5 6 -7 -8
leaf_value=-0.01472158804482058 0.04143368394411772 -0.075923621538560082 -0.0072492818288862398 -0.031211452633447368 0.071218971905195619 0.085824079333661818 -0.021173926897792347
leaf_weight=46.343960300087929 136.62969587743282 623.75429731607437 167.3814650028944 332.2730628401041 35.808047071099281 617.73894634842873 79.652398198843002
leaf_count=187 549 2610 675 1347 145 2533 321
internal_value=-1.67889e-05 -0.0423093 -0.0614216 -0.0100009 0.0683107 0.0787958 0.00784561
internal_weight=2039.58 1260.04 791.136 468.903 779.543 664.083 115.46
internal_count=8367 5181 3285 1896 3186 2720 466
is_linear=0
shrinkage=0.1


Tree=5
num_leaves=8
num_cat=0
split_feature=3 7 39 40 40 41 0
split_gain=490.495 94.7075 53.0776 58.7117 43.2569 25.5084 17.3514
threshold=1.0000000180025095e-35 1.0000000180025095e-35 1.0000000180025095e-35 1.0000000180025095e-35 1.0000000180025095e-35 1.0000000180025095e-35 1.0000000180025095e-35
decision_type=2 2 2 2 2 2 2
left_child=1 5 3 -2 -3 -1 -4
right_child=2 4 6 -5 -6 -7 -8
leaf_value=0.10817688378943678 -0.013617335558717801 0.060197144148036535 0.13579454811883543 -0.074342063881898263 -0.0046438760433642123 0.061509173276959705 -0.0013763282847697998
leaf_weight=173.99312448501587 211.91182720661163 148.47684428095818 8.9774238765239698 645.63839219510555 329.68011265993118 378.81463055312634 121.49727067351341
leaf_count=727 881 601 37 2720 1331 1579 491
internal_value=-1.52004e-05 0.0482136 -0.0503379 -0.0593695 0.0155741 0.0763664 0.0090229
internal_weight=2018.99 1030.96 988.025 857.55 478.157 552.808 130.475
internal_count=8367 4238 4129 3601 1932 2306 528
is_linear=0
shrinkage=0.1


Tree=6
num_leaves=8
num_cat=0
split_feature=3 17 39 26 44 40 0
split_gain=402.408 83.0767 44.1858 49.7401 43.0187 23.5687 14.0986
threshold=1.0000000180025095e-35 1.0000000180025095e-35 1.0000000180025095e-35 1.0000000180025095e-35 1.0000000180025095e-35 1.0000000180025095e-35 1.0000000180025095e-35
decision_type=2 2 2 2 2 2 2
left_child=1 4 3 -2 -1 -3 -4
right_child=2 5 6 -5 -6 -7 -8
leaf_value=0.010991957432363215 -0.030737291165298664 0.040725536589966589 0.12149643717804309 -0.07935181457974938 0.07099438594621553 -0.027668033637972256 -0.0012399996323162374
leaf_weight=147.72950968146324 438.41475310921669 70.483625188469887 9.1384758800268155 407.53015433251858 633.15196599066257 169.85251389443874 121.48103924095631
leaf_count=601 1856 289 37 1745 2658 690 491
internal_value=-2.00235e-06 0.0438655 -0.0458733 -0.0542232 0.0596715 -0.00752454 0.0082048
internal_weight=1997.78 1021.22 976.564 845.945 780.881 240.336 130.62
internal_count=8367 4238 4129 3601 3259 979 528
is_linear=0
shrinkage=0.1


Tree=7
num_leaves=8
num_cat=0
split_feature=6 57 40 41 39 13 45
split_gain=339.926 69.6252 41.2977 33.4071 39.382 29.1211 11.3856
threshold=1.0000000180025095e-35 1.0000000180025095e-35 1.0000000180025095e-35 1.0000000180025095e-35 1.0000000180025095e-35 1.0000000180025095e-35 1.0000000180025095e-35
decision_type=2 2 2 2 2 2 2
left_child=3 5 -3 6 -5 -2 -1
right_child=1 2 -4 4 -6 -7 -8
leaf_value=-0.011645570540850372 -0.045681416316116302 0.024351152414773692 -0.026387127107077399 0.030618303132662495 0.11413120428015196 -0.10258475079201046 0.095519062911840022
leaf_weight=10.219843730330465 296.76322796940804 212.00803020596504 649.9868453592062 415.64670351147652 64.658101201057434 130.40055122971535 197.41376149654388
leaf_count=42 1282 875 2714 1752 277 570 855
internal_value=-1.67885e-07 -0.0302851 -0.0138943 0.0567138 0.0420745 -0.0632514 0.0902138
internal_weight=1977.1 1289.16 861.995 687.938 480.305 427.164 207.634
internal_count=8367 5441 3589 2926 2029 1852 897
is_linear=0
shrinkage=0.1


Tree=8
num_leaves=8
num_cat=0
split_feature=3 17 46 10 37 28 20
split_gain=283.198 63.945 39.2935 33.9863 26.7812 19.5503 17.5989
threshold=1.0000000180025095e-35 1.0000000180025095e-35 1.0000000180025095e-35 1.0000000180025095e-35 1.0000000180025095e-35 1.0000000180025095e-35 1.0000000180025095e-35
decision_type=2 2 2 2 2 2 2
left_child=1 3 6 -1 -4 -3 -2
right_child=2 5 4 -5 -6 -7 -8
leaf_value=0.084797806512401236 -0.028542385783617043 0.051022969004240332 -0.061552559098613763 0.037875335403877705 -0.011823096403318772 -0.021768287547243276 -0.079266286533722113
leaf_weight=216.30246487259865 95.543307289481163 44.532251954078674 140.40071825683117 546.43613724410534 465.58894716203213 193.89785565435886 254.47246411442757
leaf_count=964 421 183 616 2295 1953 796 1139
internal_value=8.00019e-06 0.0371611 -0.0388985 0.0512755 -0.0234273 -0.00801654 -0.065541
internal_weight=1957.17 1001.17 956.005 762.739 605.99 238.43 350.016
internal_count=8367 4238 4129 3259 2569 979 1560
is_linear=0
shrinkage=0.1


Tree=9
num_leaves=8
num_cat=0
split_feature=5 40 39 22 0 41 9
split_gain=237.636 48.6976 52.0297 37.3908 32.0343 28.9775 7.56058
threshold=1.0000000180025095e-35 1.0000000180025095e-35 1.0000000180025095e-35 1.0000000180025095e-35 1.0000000180025095e-35 1.0000000180025095e-35 1.0000000180025095e-35
decision_type=2 2 2 2 2 2 2
left_child=3 4 -3 5 -2 -1 -5
right_child=1 2 -4 6 -6 -7 -8
leaf_value=0.081349045075365861 0.030703865974225031 -0.048446163449869149 0.018185373752468748 -0.0038692624422483578 -0.042165095862508946 0.03666404795722563 -0.092881313479240057
leaf_weight=208.14251086115837 199.47526040673256 782.19359949231148 137.27231682837009 18.022316977381706 85.329902157187462 486.79131235182285 19.499349221587181
leaf_count=934 823 3428 557 79 373 2094 79
internal_value=3.82115e-06 -0.0273075 -0.0384894 0.0448839 0.0088006 0.0501455 -0.0513376
internal_weight=1936.73 1204.27 919.466 732.455 284.805 694.934 37.5217
internal_count=8367 5181 3985 3186 1196 3028 158
is_linear=0
shrinkage=0.1


Tree=10
num_leaves=8
num_cat=0
split_feature=3 13 35 47 40 20 25
split_gain=199.099 51.9152 46.6197 33.0806 20.5499 16.5817 8.44669
threshold=1.0000000180025095e-35 1.0000000180025095e-35 1.0000000180025095e-35 1.0000000180025095e-35 1.0000000180025095e-35 1.0000000180025095e-35 1.0000000180025095e-35
decision_type=2 2 2 2 2 2 2
left_child=1 2 -1 5 -5 -2 -3
right_child=3 6 -4 4 -6 -7 -8
leaf_value=0.052190143846452132 -0.019293897636350518 0.00010505151308650074 -0.0011683049056044504 0.0088252396238174026 -0.031762491720072311 -0.084490515701257818 -0.060341618705450434
leaf_weight=666.59926111996174 52.949267327785492 37.11569932103157 216.89888891577721 159.30177618563175 567.87830251455307 155.1361113935709 60.280354276299477
leaf_count=2930 239 152 909 674 2487 729 247
internal_value=3.42928e-06 0.0314634 0.0391041 -0.0329898 -0.0228711 -0.0680723 -0.0375396
internal_weight=1916.16 980.894 883.498 935.265 727.18 208.085 97.3961
internal_count=8367 4238 3839 4129 3161 968 399
is_linear=0
shrinkage=0.1


Tree=11
num_leaves=8
num_cat=0
split_feature=7 0 28 52 23 10 48
split_gain=167.685 56.9526 53.4528 39.4655 22.5957 13.8588 7.06699
threshold=1.0000000180025095e-35 1.0000000180025095e-35 1.0000000180025095e-35 1.0000000180025095e-35 1.0000000180025095e-35 1.0000000180025095e-35 1.0000000180025095e-35
decision_type=2 2 2 2 2 2 2
left_child=4 2 -2 -3 5 -1 -6
right_child=1 3 -4 -5 6 -7 -8
leaf_value=0.078666044748791158 0.032865287309106879 -0.062988048187628182 -0.019403851870661321 0.00054687611278778894 0.032212887566973603 0.042269159328358258 -0.034427974043836143
leaf_weight=181.98959362506866 283.88911163806915 352.05038383603096 623.63335017859936 135.18587030470371 26.592962607741356 257.27786614000797 36.643145114183426
leaf_count=867 1193 1652 2665 551 118 1161 160
internal_value=-8.26054e-06 -0.0178547 -0.00303496 -0.045395 0.0494637 0.0574929 -0.006338
internal_weight=1897.26 1394.76 907.522 487.236 502.504 439.267 63.2361
internal_count=8367 6061 3858 2203 2306 2028 278
is_linear=0
shrinkage=0.1


Tree=12
num_leaves=8
num_cat=0
split_feature=6 28 39 1 41 39 46
split_gain=140.472 42.9259 34.8029 32.9826 25.9571 33.6137 10.6449
threshold=1.0000000180025095e-35 1.0000000180025095e-35 1.0000000180025095e-35 1.0000000180025095e-35 1.0000000180025095e-35 1.0000000180025095e-35 1.0000000180025095e-35
decision_type=2 2 2 2 2 2 2
left_child=4 3 -3 -2 6 -6 -1
right_child=1 2 -4 -5 5 -7 -8
leaf_value=-0.074540240113774706 0.036758216134287529 -0.039273746627018886 0.015970617649225909 -0.026723585863786394 0.014318618893368641 0.094949296892874596 0.072888289391592503
leaf_weight=4.2625523805618277 198.62814411520958 766.74245113134384 133.36448001861572 137.79665085673332 395.38571920990944 58.58456514775753 183.27464140951633
leaf_count=18 823 3447 542 629 1752 277 879
internal_value=-2.66542e-06 -0.0196984 -0.0310798 0.0107545 0.0379333 0.0249098 0.0691598
internal_weight=1878.04 1236.53 900.107 336.425 641.507 453.97 187.537
internal_count=8367 5441 3989 1452 2926 2029 897
is_linear=0
shrinkage=0.1


Tree=13
num_leaves=8
num_cat=0
split_feature=3 17 47 41 42 20 38
split_gain=118.272 38.1657 26.0373 24.7958 18.4971 14.442 14.0106
threshold=1.0000000180025095e-35 1.0000000180025095e-35 1.0000000180025095e-35 1.0000000180025095e-35 1.0000000180025095e-35 1.0000000180025095e-35 1.0000000180025095e-35
decision_type=2 2 2 2 2 2 2
left_child=1 3 5 -1 -4 -2 -3
right_child=2 6 4 -5 -6 -7 -8
leaf_value=0.065482481366608017 -0.012105232113365973 -0.051807158303315261 -0.11157102104312347 0.024247881552078323 -0.014091773597661639 -0.073996081149989665 0.0039571744090848961
leaf_weight=203.74573668837547 51.41499949991703 59.778265580534935 19.060370326042175 515.14569087326527 692.00516822934151 145.09336656332016 173.68608222901821
leaf_count=974 239 250 88 2285 3073 729 729
internal_value=8.89462e-06 0.0246133 -0.0258082 0.0360092 -0.0168578 -0.0579461 -0.0104813
internal_weight=1859.93 952.356 907.574 718.891 711.066 196.508 233.464
internal_count=8367 4238 4129 3259 3161 968 979
is_linear=0
shrinkage=0.1


Tree=14
num_leaves=8
num_cat=0
split_feature=7 40 39 30 24 9 45
split_gain=102.921 44.3789 41.0877 24.6772 19.2083 9.65375 8.91528
threshold=1.0000000180025095e-35 1.0000000180025095e-35 1.0000000180025095e-35 1.0000000180025095e-35 1.0000000180025095e-35 1.0000000180025095e-35 1.0000000180025095e-35
decision_type=2 2 2 2 2 2 2
left_child=4 3 -3 -2 6 -6 -1
right_child=1 2 -4 -5 5 -7 -8
leaf_value=-0.043083198093494361 0.026864942506942519 -0.032583111264837421 0.024678575024103953 -0.056529774996048804 0.023347526465770811 -0.037528255521412993 0.054708874430070033
leaf_weight=8.8846562057733518 302.55210313200951 877.29414187371731 145.41042165458202 39.233679056167603 96.593040525913239 34.560585245490074 338.96055813133717
leaf_count=39 1306 3987 592 176 462 146 1659
internal_value=-3.69747e-06 -0.0140051 -0.0244254 0.0171551 0.0398272 0.00714342 0.0520947
internal_weight=1843.49 1364.49 1022.7 341.786 478.999 131.154 347.845
internal_count=8367 6061 4579 1482 2306 608 1698
is_linear=0
shrinkage=0.1


Tree=15
num_leaves=8
num_cat=0
split_feature=3 22 41 20 52 35 39
split_gain=86.342 33.8137 29.4107 22.3112 24.7519 17.5999 9.17579
threshold=1.0000000180025095e-35 1.0000000180025095e-35 1.0000000180025095e-35 1.0000000180025095e-35 1.0000000180025095e-35 1.0000000180025095e-35 1.0000000180025095e-35
decision_type=2 2 2 2 2 2 2
left_child=1 2 -1 5 -5 -2 -3
right_child=3 6 -4 4 -6 -7 -8
leaf_value=0.055442797837636885 0.061642077862062265 -0.070737886173143666 0.014562456319663887 -0.041468169016841576 0.0044724977601108152 -0.0087288667322922165 0.067381883811646337
leaf_weight=242.0428064763546 43.590826287865639 46.342691659927368 642.10198786854744 523.88828529417515 150.78506575524807 174.25894133746624 4.5637807548046103
leaf_count=1176 191 198 2844 2519 616 803 20
internal_value=-1.28222e-06 0.0212233 0.0258038 -0.0222361 -0.0312093 0.00556939 -0.0572958
internal_weight=1827.57 935.051 884.145 892.523 674.673 217.85 50.9065
internal_count=8367 4238 4020 4129 3135 994 218
is_linear=0
shrinkage=0.1


Tree=16
num_leaves=8
num_cat=0
split_feature=0 39 40 52 12 35 39
split_gain=75.5758 52.3565 57.3895 21.7896 19.6654 2.51282 0.905788
threshold=1.0000000180025095e-35 1.0000000180025095e-35 1.0000000180025095e-35 1.0000000180025095e-35 1.0000000180025095e-35 1.0000000180025095e-35 1.0000000180025095e-35
decision_type=2 2 2 2 2 2 2
left_child=1 2 -1 4 -2 -3 -5
right_child=3 5 -4 6 -6 -7 -8
leaf_value=0.037390344710757542 0.015650124480300742 0.080329167421199735 -0.0076414409438213928 -0.02141409437790431 -0.058207692474452559 0.12941932150085725 0.0020892087463790874
leaf_weight=421.04060880839825 40.832754254341125 54.900028511881828 858.29464884102345 18.040743857622147 284.57331871986389 17.746099546551704 117.2327556759119
leaf_count=1968 197 274 3846 77 1455 76 474
internal_value=1.04831e-06 0.0119222 0.00719655 -0.0349346 -0.0489203 0.0939155 -0.00117945
internal_weight=1812.66 1351.98 1279.34 460.68 325.406 72.6461 135.273
internal_count=8367 6164 5814 2203 1652 350 551
is_linear=0
shrinkage=0.1


Tree=17
num_leaves=8
num_cat=0
split_feature=19 33 55 44 0 41 39
split_gain=69.9931 52.1881 38.6743 25.8851 17.2198 15.0074 13.2225
threshold=1.0000000180025095e-35 1.0000000180025095e-35 1.0000000180025095e-35 1.0000000180025095e-35 1.0000000180025095e-35 1.0000000180025095e-35 1.0000000180025095e-35
decision_type=2 2 2 2 2 2 2
left_child=1 3 4 -1 -2 -4 -3
right_child=2 6 5 -5 -6 -7 -8
leaf_value=0.0051920885183504833 -0.025045209643260066 -0.021375341790735278 0.041965702220843226 0.051382557372181684 -0.06519276380774279 -0.0057748577296017484 0.081785624250460126
leaf_weight=172.75570625066757 341.45232419669628 246.52287670969963 78.442326053977013 408.44688148796558 156.14586439728737 383.82662396132946 12.108596622943876
leaf_count=758 1543 1141 366 2006 851 1650 52
internal_value=6.53194e-06 0.0210764 -0.0184313 0.0376855 -0.037749 0.00239933 -0.0162492
internal_weight=1799.7 839.834 959.867 581.203 497.598 462.269 258.631
internal_count=8367 3957 4410 2764 2394 2016 1193
is_linear=0
shrinkage=0.1


Tree=18
num_leaves=8
num_cat=0
split_feature=7 26 39 15 24 10 39
split_gain=57.6344 34.1193 27.2418 23.9604 14.9781 7.88274 7.56265
threshold=1.0000000180025095e-35 1.0000000180025095e-35 1.0000000180025095e-35 1.0000000180025095e-35 1.0000000180025095e-35 1.0000000180025095e-35 1.0000000180025095e-35
decision_type=2 2 2 2 2 2 2
left_child=4 3 -3 -2 5 -1 -6
right_child=1 2 -4 -5 6 -7 -8
leaf_value=0.06171083786465309 0.014051480431178362 -0.037476353223362346 0.012933624392572366 -0.033956898849021901 -0.0086005982799197238 0.02953549763329423 0.059097897280363076
leaf_weight=125.21862864494324 555.54737702012062 511.61014330387115 135.00588425993919 126.85456241667271 108.9018070846796 202.09327760338783 18.417246356606483
leaf_count=691 2474 2450 548 589 511 1007 97
internal_value=9.45611e-06 -0.0105058 -0.0269476 0.00509037 0.0307043 0.0419952 0.00157652
internal_weight=1783.65 1329.02 646.616 682.402 454.631 327.312 127.319
internal_count=8367 6061 2998 3063 2306 1698 608
is_linear=0
shrinkage=0.1


Tree=19
num_leaves=8
num_cat=0
split_feature=45 18 35 28 0 39 12
split_gain=52.4508 43.6395 29.4966 18.7528 12.0887 13.7762 5.16507
threshold=1.0000000180025095e-35 1.0000000180025095e-35 1.0000000180025095e-35 1.0000000180025095e-35 1.0000000180025095e-35 1.0000000180025095e-35 1.0000000180025095e-35
decision_type=2 2 2 2 2 2 2
left_child=4 2 -2 -3 5 -1 -6
right_child=1 3 -4 -5 6 -7 -8
leaf_value=-0.018526585585323312 0.047592414584489123 0.024907906342976668 0.0028193027257808288 -0.016228839832338311 -0.002454577930747479 0.097575863545054278 -0.052180984788219087
leaf_weight=301.71996453404427 373.10880395770073 141.00811448693275 242.75290893018246 504.17274947464466 23.82241977751255 9.5939687937498075 174.66823449730873
leaf_count=1366 1900 631 1092 2246 118 40 974
internal_value=1.61357e-05 0.010959 0.0299775 -0.00721353 -0.0270204 -0.0146476 -0.0462551
internal_weight=1770.85 1261.04 615.862 645.181 509.805 311.314 198.491
internal_count=8367 5869 2992 2877 2498 1406 1092
is_linear=0
shrinkage=0.1


Tree=20
num_leaves=8
num_cat=0
split_feature=44 35 13 41 39 38 22
split_gain=44.3783 41.0394 36.3835 20.4695 16.7407 9.43299 9.21101
threshold=1.0000000180025095e-35 1.0000000180025095e-35 1.0000000180025095e-35 1.0000000180025095e-35 1.0000000180025095e-35 1.0000000180025095e-35 1.0000000180025095e-35
decision_type=2 2 2 2 2 2 2
left_child=3 2 -2 6 -5 -3 -1
right_child=1 5 -4 4 -6 -7 -8
leaf_value=0.019837221842357491 0.040380522803503807 -0.03817093923267572 -0.02790727395398114 -0.032710511869892045 0.066779211611066536 -0.0024150949907236082 -0.096541382717305169
leaf_weight=130.65505260229111 508.20652389526367 89.116665735840797 91.40803374350071 506.8264158219099 16.589058935642242 407.95818063616753 6.1870363503694525
leaf_count=590 2559 426 401 2513 72 1776 30
internal_value=2.09359e-05 0.0123493 0.0299413 -0.0204442 -0.029436 -0.00888925 0.0139132
internal_weight=1756.95 1096.69 599.615 660.258 523.415 497.075 136.842
internal_count=8367 5162 2960 3205 2585 2202 620
is_linear=0
shrinkage=0.1


Tree=21
num_leaves=8
num_cat=0
split_feature=19 32 58 41 49 28 36
split_gain=40.3343 31.9636 28.628 17.3628 15.9705 7.13081 5.22414
threshold=1.0000000180025095e-35 1.0000000180025095e-35 1.0000000180025095e-35 1.0000000180025095e-35 1.0000000180025095e-35 1.0000000180025095e-35 1.0000000180025095e-35
decision_type=2 2 2 2 2 2 2
left_child=1 4 5 -4 -1 -2 -3
right_child=2 6 3 -5 -6 -7 -8
leaf_value=-0.012972010998676476 0.0018897169237147996 -0.00029680598482808581 0.026208722251015094 -0.012748841157605759 0.032028145449128499 -0.0571440972714427 -0.03924692050263251
leaf_weight=90.987911120057106 23.396064028143883 53.571686312556267 139.66156415641308 612.39301550388336 568.43495765328407 158.71015258133411 95.473931983113289
leaf_count=413 118 249 653 2787 2829 852 466
internal_value=1.62273e-05 0.0163591 -0.0141301 -0.00548897 0.0258087 -0.0495908 -0.0253423
internal_weight=1742.63 808.468 934.161 752.055 659.423 182.106 149.046
internal_count=8367 3957 4410 3440 3242 970 715
is_linear=0
shrinkage=0.1


Tree=22
num_leaves=8
num_cat=0
split_feature=47 11 35 37 20 22 57
split_gain=36.1405 32.939 34.8472 22.0424 6.90016 4.71915 2.76298
threshold=1.0000000180025095e-35 1.0000000180025095e-35 1.0000000180025095e-35 1.0000000180025095e-35 1.0000000180025095e-35 1.0000000180025095e-35 1.0000000180025095e-35
decision_type=2 2 2 2 2 2 2
left_child=4 2 -2 -3 5 -1 -6
right_child=1 3 -4 -5 6 -7 -8
leaf_value=-0.0032760390524990885 0.0309586742785837 -0.055279116859217214 -0.0059247568300285708 -0.0046009288331365526 -0.061077295233504351 -0.097993570021815329 -0.029148158119818801
leaf_weight=58.388611853122711 600.11790402233601 110.6531798094511 445.88858063519001 371.96167729794979 98.271083489060402 4.7900268882513037 41.42779278755188
leaf_count=276 2997 542 2067 1661 579 23 222
internal_value=7.0429e-06 0.00527846 0.0152455 -0.0163106 -0.0395426 -0.0118722 -0.0518832
internal_weight=1731.5 1528.62 1046.01 482.615 202.878 63.1786 139.699
internal_count=8367 7267 5064 2203 1100 299 801
is_linear=0
shrinkage=0.1


Tree=23
num_leaves=8
num_cat=0
split_feature=41 39 16 0 29 27 44
split_gain=33.4928 29.1542 22.9075 22.2773 18.7886 13.0549 2.75632
threshold=1.0000000180025095e-35 1.0000000180025095e-35 1.0000000180025095e-35 1.0000000180025095e-35 1.0000000180025095e-35 1.0000000180025095e-35 1.0000000180025095e-35
decision_type=2 2 2 2 2 2 2
left_child=4 2 -2 -3 5 -1 -6
right_child=1 3 -4 -5 6 -7 -8
leaf_value=0.049968398779058176 -0.003990709000041239 0.076023023467427009 -0.034552512721085067 0.0037537559534950291 -0.015340636561948721 0.010720050357464714 -0.07900782304333398
leaf_weight=194.08619824051857 810.77389952540398 65.039132550358772 350.81718483567238 120.76510556042194 12.825944468379021 151.0415862351656 15.043528333306313
leaf_count=981 3883 350 1771 491 66 756 69
internal_value=-1.14877e-05 -0.00735552 -0.0132426 0.0293225 0.0264664 0.0328724 -0.0512536
internal_weight=1720.39 1347.4 1161.59 185.804 372.997 345.128 27.8695
internal_count=8367 6495 5654 841 1872 1737 135
is_linear=0
shrinkage=0.1


Tree=24
num_leaves=8
num_cat=0
split_feature=43 33 11 41 39 38 22
split_gain=29.6612 26.0914 23.9233 13.7903 14.5001 11.0243 8.06905
threshold=1.0000000180025095e-35 1.0000000180025095e-35 1.0000000180025095e-35 1.0000000180025095e-35 1.0000000180025095e-35 1.0000000180025095e-35 1.0000000180025095e-35
decision_type=2 2 2 2 2 2 2
left_child=3 2 -2 6 -5 -3 -1
right_child=1 5 -4 4 -6 -7 -8
leaf_value=0.016503352872241077 0.032541748394011999 -0.049335319402260394 -0.011143081090504537 -0.026719760823652402 0.063688948112626556 -0.0032089023059517722 -0.092925484688548138
leaf_weight=137.0618614256382 518.61194048821926 62.182912334799767 164.66132321953773 516.29274255037308 17.443072691559792 288.90237911045551 6.0957535207271567
leaf_count=623 2684 315 754 2634 78 1248 31
internal_value=-7.31509e-06 0.0106395 0.0220133 -0.0162684 -0.0236515 -0.0114956 0.0112315
internal_weight=1711.25 1034.36 683.273 676.893 533.736 351.085 143.158
internal_count=8367 5001 3438 3366 2712 1563 654
is_linear=0
shrinkage=0.1


end of trees

feature_importances:
MSinceMostRecentInqexcl7days_lt=_-7.5=17
MSinceMostRecentInqexcl7days_lt=_0.5=14
MSinceMostRecentInqexcl7days_lt=_1.5=11
ExternalRiskEstimate_lt=_63.5=9
ExternalRiskEstimate_lt=_70.5=7
ExternalRiskEstimate_lt=_78.5=6
NumSatisfactoryTrades_lt=_26.5=6
PercentTradesNeverDelq_lt=_95.5=6
AverageMInFile_lt=_85.5=5
NumSatisfactoryTrades_lt=_6.5=5
ExternalRiskEstimate_lt=_74.5=4
NetFractionRevolvingBurden_lt=_37.5=4
NetFractionRevolvingBurden_lt=_47.5=4
ExternalRiskEstimate_lt=_67.5=3
ExternalRiskEstimate_lt=_81.5=3
ExternalRiskEstimate_lt=_84.5=3
MSinceOldestTradeOpen_lt=_134.5=3
AverageMInFile_lt=_48.5=3
AverageMInFile_lt=_63.5=3
NumSatisfactoryTrades_lt=_13.5=3
PercentInstallTrades_lt=_45.5=3
PercentInstallTrades_lt=_47.5=3
NetFractionRevolvingBurden_lt=_57.5=3
NetFractionRevolvingBurden_lt=_71.5=3
PercentTradesWBalance_lt=_43.5=3
PercentTradesWBalance_lt=_47.5=3
ExternalRiskEstimate_lt=_73.5=2
ExternalRiskEstimate_lt=_75.5=2
MSinceOldestTradeOpen_lt=_288.5=2
AverageMInFile_lt=_49.5=2
AverageMInFile_lt=_59.5=2
AverageMInFile_lt=_75.5=2
NumSatisfactoryTrades_lt=_9.5=2
NumSatisfactoryTrades_lt=_14.5=2
NumSatisfactoryTrades_lt=_18.5=2
PercentTradesNeverDelq_lt=_91.5=2
PercentTradesWBalance_lt=_80.5=2
ExternalRiskEstimate_lt=_65.5=1
ExternalRiskEstimate_lt=_80.5=1
AverageMInFile_lt=_56.5=1
AverageMInFile_lt=_74.5=1
NumSatisfactoryTrades_lt=_20.5=1
PercentTradesNeverDelq_lt=_76.5=1
PercentTradesNeverDelq_lt=_78.5=1
PercentTradesNeverDelq_lt=_84.5=1
MaxDelq2PublicRecLast12M_lt=_5.5=1
NumInqLast6M_lt=_7.5=1
NetFractionRevolvingBurden_lt=_35.5=1
NumRevolvingTradesWBalance_lt=_1.5=1
NumRevolvingTradesWBalance_lt=_7.5=1
PercentTradesWBalance_lt=_66.5=1
PercentTradesWBalance_lt=_73.5=1
PercentTradesWBalance_lt=_86.5=1

parameters:
[boosting: gbdt]
[objective: binary]
[metric: binary_logloss]
[tree_learner: serial]
[device_type: cpu]
[data_sample_strategy: bagging]
[data: ]
[valid: ]
[num_iterations: 25]
[learning_rate: 0.1]
[num_leaves: 31]
[num_threads: 8]
[seed: 42]
[deterministic: 0]
[force_col_wise: 0]
[force_row_wise: 0]
[histogram_pool_size: -1]
[max_depth: 3]
[min_data_in_leaf: 20]
[min_sum_hessian_in_leaf: 0.001]
[bagging_fraction: 1]
[pos_bagging_fraction: 1]
[neg_bagging_fraction: 1]
[bagging_freq: 0]
[bagging_seed: 400]
[bagging_by_query: 0]
[feature_fraction: 1]
[feature_fraction_bynode: 1]
[feature_fraction_seed: 30056]
[extra_trees: 0]
[extra_seed: 12879]
[early_stopping_round: 0]
[early_stopping_min_delta: 0]
[first_metric_only: 0]
[max_delta_step: 0]
[lambda_l1: 0]
[lambda_l2: 1]
[linear_lambda: 0]
[min_gain_to_split: 0]
[drop_rate: 0.1]
[max_drop: 50]
[skip_drop: 0.5]
[xgboost_dart_mode: 0]
[uniform_drop: 0]
[drop_seed: 17869]
[top_rate: 0.2]
[other_rate: 0.1]
[min_data_per_group: 100]
[max_cat_threshold: 32]
[cat_l2: 10]
[cat_smooth: 10]
[max_cat_to_onehot: 4]
[top_k: 20]
[monotone_constraints: ]
[monotone_constraints_method: basic]
[monotone_penalty: 0]
[feature_contri: ]
[forcedsplits_filename: ]
[refit_decay_rate: 0.9]
[cegb_tradeoff: 1]
[cegb_penalty_split: 0]
[cegb_penalty_feature_lazy: ]
[cegb_penalty_feature_coupled: ]
[path_smooth: 0]
[interaction_constraints: ]
[verbosity: -1]
[saved_feature_importance_type: 0]
[use_quantized_grad: 0]
[num_grad_quant_bins: 4]
[quant_train_renew_leaf: 0]
[stochastic_rounding: 1]
[linear_tree: 0]
[max_bin: 255]
[max_bin_by_feature: ]
[min_data_in_bin: 3]
[bin_construct_sample_cnt: 200000]
[data_random_seed: 175]
[is_enable_sparse: 1]
[enable_bundle: 1]
[use_missing: 1]
[zero_as_missing: 0]
[feature_pre_filter: 1]
[pre_partition: 0]
[two_round: 0]
[header: 0]
[label_column: ]
[weight_column: ]
[group_column: ]
[ignore_column: ]
[categorical_feature: ]
[forcedbins_filename: ]
[precise_float_parser: 0]
[parser_config_file: ]
[objective_seed: 16083]
[num_class: 1]
[is_unbalance: 0]
[scale_pos_weight: 1]
[sigmoid: 1]
[boost_from_average: 1]
[reg_sqrt: 0]
[alpha: 0.9]
[fair_c: 1]
[poisson_max_delta_step: 0.7]
[tweedie_variance_power: 1.5]
[lambdarank_truncation_level: 30]
[lambdarank_norm: 1]
[label_gain: ]
[lambdarank_position_bias_regularization: 0]
[eval_at: ]
[multi_error_top_k: 1]
[auc_mu_weights: ]
[num_machines: 1]
[local_listen_port: 12400]
[time_out: 120]
[machine_list_filename: ]
[machines: ]
[gpu_platform_id: -1]
[gpu_device_id: -1]
[gpu_use_dp: 0]
[num_gpu: 1]

end of parameters

pandas_categorical:[]
