tree
version=v4
num_class=1
num_tree_per_iteration=1
label_index=0
max_feature_idx=67
objective=binary sigmoid:1
feature_names=season_lt=_1.5 season_lt=_2.5 yr_lt=_0.5 mnth_lt=_1.5 mnth_lt=_3.5 mnth_lt=_4.5 mnth_lt=_11.5 hr_lt=_0.5 hr_lt=_5.5 hr_lt=_6.5 hr_lt=_7.5 hr_lt=_8.5 hr_lt=_9.5 hr_lt=_10.5 hr_lt=_11.5 hr_lt=_15.5 hr_lt=_16.5 hr_lt=_17.5 hr_lt=_18.5 hr_lt=_19.5 hr_lt=_20.5 hr_lt=_21.5 hr_lt=_22.5 holiday_lt=_0.5 weekday_lt=_0.5 weekday_lt=_1.5 weekday_lt=_3.5 weekday_lt=_4.5 workingday_lt=_0.5 weathersit_lt=_1.5 weathersit_lt=_2.5 temp_lt=_0.26999999582767487 temp_lt=_0.2900000065565109 temp_lt=_0.3100000023841858 temp_lt=_0.3700000047683716 temp_lt=_0.39000000059604645 temp_lt=_0.4099999964237213 temp_lt=_0.45000000298023224 temp_lt=_0.4699999988079071 temp_lt=_0.48999999463558197 temp_lt=_0.5099999904632568 atemp_lt=_0.18939999490976334 atemp_lt=_0.31059999763965607 atemp_lt=_0.3257499933242798 atemp_lt=_0.3409000039100647 atemp_lt=_0.4317999929189682 atemp_lt=_0.47725000977516174 atemp_lt=_0.49240000545978546 atemp_lt=_0.5076000094413757 atemp_lt=_0.5227500200271606 atemp_lt=_0.5985000133514404 atemp_lt=_0.7802999913692474 atemp_lt=_0.8105999827384949 atemp_lt=_0.8257499933242798 atemp_lt=_0.8409000039100647 atemp_lt=_0.9166499972343445 hum_lt=_0.625 hum_lt=_0.6349999904632568 hum_lt=_0.7400000095367432 hum_lt=_0.7950000166893005 hum_lt=_0.8050000071525574 hum_lt=_0.8149999976158142 hum_lt=_0.8349999785423279 windspeed_lt=_0.26864999532699585 windspeed_lt=_0.2910500019788742 windspeed_lt=_0.31344999372959137 windspeed_lt=_0.5074500143527985 hum_lt=_0.9850000143051147
feature_infos=[0:1] [0:1] [0:1] [0:1] [0:1] [0:1] [0:1] [0:1] [0:1] [0:1] [0:1] [0:1] [0:1] [0:1] [0:1] [0:1] [0:1] [0:1] [0:1] [0:1] [0:1] [0:1] [0:1] [0:1] [0:1] [0:1] [0:1] [0:1] [0:1] [0:1] [0:1] [0:1] [0:1] [0:1] [0:1] [0:1] [0:1] [0:1] [0:1] [0:1] [0:1] [0:1] [0:1] [0:1] [0:1] [0:1] [0:1] [0:1] [0:1] [0:1] [0:1] [0:1] [0:1] [0:1] [0:1] none [0:1] [0:1] [0:1] [0:1] [0:1] [0:1] [0:1] [0:1] [0:1] [0:1] [0:1] [0:1]
tree_sizes=895 903 902 1013 1008 1012 1015 1016 1009 1018 1016 1019 1014 1017 1017 1020 1016 1018 1015 1018 1019 1019 912 1023 917

Tree=0
num_leaves=7
num_cat=0
split_feature=9 34 22 2 8 2
split_gain=4990.34 1452.91 515.783 265.684 29.252 40.8909
threshold=1.0000000180025095e-35 1.0000000180025095e-35 1.0000000180025095e-35 1.0000000180025095e-35 1.0000000180025095e-35 1.0000000180025095e-35
decision_type=2 2 2 2 2 2
left_child=1 2 -1 -3 5 -2
right_child=4 3 -4 -5 -6 -7
leaf_value=-0.10720773748454829 -0.094061561585856407 0.017288904963985791 0.1336016562898662 -0.1051940292676538 -0.19955032351452004 -0.2011031766378146
leaf_weight=93.249594256281853 73.74967910349369 329.24856738746166 1668.7427390366793 381.49834004044533 854.99627977609634 74.249676927924156
leaf_count=373 295 1317 6675 1526 3420 297
internal_value=-0.00417176 0.0721425 0.120806 -0.0485042 -0.192202 -0.148724
internal_weight=3475.73 2472.74 1761.99 710.747 1003 147.999
internal_count=13903 9891 7048 2843 4012 592
is_linear=0
shrinkage=1


Tree=1
num_leaves=7
num_cat=0
split_feature=9 37 20 22 8 2
split_gain=4077.47 1210.41 372.227 356.469 24.4072 34.1902
threshold=1.0000000180025095e-35 1.0000000180025095e-35 1.0000000180025095e-35 1.0000000180025095e-35 1.0000000180025095e-35 1.0000000180025095e-35
decision_type=2 2 2 2 2 2
left_child=1 3 -3 -1 5 -2
right_child=4 2 -4 -5 -6 -7
leaf_value=-0.081376071797302468 -0.081204475046348118 -0.14123920081519384 0.013765072253086217 0.13845006899385709 -0.17768367280609054 -0.17934290771899247
leaf_weight=77.277739495038986 73.587112054228783 190.5906798094511 808.81145843863487 1387.30013859272 846.54459357261658 73.504318669438362
leaf_count=310 295 764 3243 5574 3420 297
internal_value=-2.49091e-05 0.0689366 -0.0159066 0.126803 -0.17093 -0.131126
internal_weight=3457.62 2463.98 999.402 1464.58 993.636 147.091
internal_count=13903 9891 4007 5884 4012 592
is_linear=0
shrinkage=0.1


Tree=2
num_leaves=7
num_cat=0
split_feature=9 44 21 2 8 2
split_gain=3376.54 1027.44 436.079 196.552 21.6239 29.9192
threshold=1.0000000180025095e-35 1.0000000180025095e-35 1.0000000180025095e-35 1.0000000180025095e-35 1.0000000180025095e-35 1.0000000180025095e-35
decision_type=2 2 2 2 2 2
left_child=1 2 -1 -3 5 -2
right_child=4 3 -4 -5 -6 -7
leaf_value=-0.038351358503289891 -0.073607870636330772 0.012535454779331524 0.11754106981309656 -0.10054397311332275 -0.16425675712759077 -0.16603754109824279
leaf_weight=201.2382745295763 73.186518922448158 283.18782709538937 1623.8159206211567 334.68433614075184 825.28937458992004 71.626787513494492
leaf_count=815 295 1134 6597 1345 3420 297
internal_value=-6.01115e-05 0.0626197 0.10034 -0.04878 -0.157803 -0.12015
internal_weight=3413.03 2442.93 1825.05 617.872 970.103 144.813
internal_count=13903 9891 7412 2479 4012 592
is_linear=0
shrinkage=0.1


Tree=3
num_leaves=8
num_cat=0
split_feature=9 38 2 22 8 2 7
split_gain=2824.58 896.816 322.907 228.623 19.996 27.0402 3.34626
threshold=1.0000000180025095e-35 1.0000000180025095e-35 1.0000000180025095e-35 1.0000000180025095e-35 1.0000000180025095e-35 1.0000000180025095e-35 1.0000000180025095e-35
decision_type=2 2 2 2 2 2 2
left_child=1 3 -3 -1 5 -2 -6
right_child=4 2 -4 -5 6 -7 -8
leaf_value=-0.063654876120594672 -0.066883869763558534 0.045622099895786049 -0.06468590492240188 0.12076940025427177 -0.15734524576744624 -0.15564159835773117 -0.13478355172162096
leaf_weight=70.341745883226395 72.619701400399208 510.01511600613594 551.12949754297733 1280.9027007818222 661.32658660411835 68.971104070544243 133.93956184387207
leaf_count=285 295 2056 2237 5313 2844 297 576
internal_value=-0.000102679 0.0571279 -0.0116758 0.111129 -0.147374 -0.110907 -0.153719
internal_weight=3349.25 2412.39 1061.14 1351.24 936.857 141.591 795.266
internal_count=13903 9891 4293 5598 4012 592 3420
is_linear=0
shrinkage=0.1


Tree=4
num_leaves=8
num_cat=0
split_feature=9 33 60 19 8 2 7
split_gain=2382.05 781.647 385.68 96.2768 19.0765 25 3.23847
threshold=1.0000000180025095e-35 1.0000000180025095e-35 1.0000000180025095e-35 1.0000000180025095e-35 1.0000000180025095e-35 1.0000000180025095e-35 1.0000000180025095e-35
decision_type=2 2 2 2 2 2 2
left_child=1 2 -1 -3 5 -2 -6
right_child=4 3 -4 -5 6 -7 -8
leaf_value=-0.019610211213876627 -0.060876488708894394 -0.1497431613147549 0.099116150156220162 -0.04173755296504493 -0.14884628794179616 -0.14731434607518878 -0.12656001127642375
leaf_weight=328.77400924265385 71.941849291324615 111.5631350427866 1620.9659720808268 314.3912493288517 630.79813903570175 65.801598832011223 128.71377754211426
leaf_count=1368 295 456 6797 1270 2844 297 576
internal_value=-0.000141052 0.0522898 0.0790962 -0.0703101 -0.138868 -0.102933 -0.145241
internal_weight=3272.95 2375.69 1949.74 425.954 897.255 137.743 759.512
internal_count=13903 9891 8165 1726 4012 592 3420
is_linear=0
shrinkage=0.1


Tree=5
num_leaves=8
num_cat=0
split_feature=9 0 21 2 8 2 7
split_gain=2018.98 706.156 365.597 216.704 18.6001 23.4817 3.28062
threshold=1.0000000180025095e-35 1.0000000180025095e-35 1.0000000180025095e-35 1.0000000180025095e-35 1.0000000180025095e-35 1.0000000180025095e-35 1.0000000180025095e-35
decision_type=2 2 2 2 2 2 2
left_child=1 2 -1 -3 5 -2 -6
right_child=4 3 -4 -5 6 -7 -8
leaf_value=-0.044566867672369524 -0.055470431041288959 0.013803263287650306 0.096952888301611861 -0.10594042084671113 -0.14193313649506453 -0.14051066799378928 -0.11946057544813793
leaf_weight=206.62919721007347 71.195193454623222 305.44019484519958 1532.1645567268133 297.76745772361755 597.14814627170563 62.316531836986542 123.07915592193604
leaf_count=849 295 1248 6567 1227 2844 297 576
internal_value=-0.000203733 0.047789 0.0801195 -0.0453845 -0.131761 -0.0959124 -0.138264
internal_weight=3195.74 2342 1738.79 603.208 853.739 133.512 720.227
internal_count=13903 9891 7416 2475 4012 592 3420
is_linear=0
shrinkage=0.1


Tree=6
num_leaves=8
num_cat=0
split_feature=9 39 20 61 8 37 7
split_gain=1720.86 626.042 283.843 180.319 18.4153 22.869 3.42264
threshold=1.0000000180025095e-35 1.0000000180025095e-35 1.0000000180025095e-35 1.0000000180025095e-35 1.0000000180025095e-35 1.0000000180025095e-35 1.0000000180025095e-35
decision_type=2 2 2 2 2 2 2
left_child=1 3 -3 -1 5 -2 -6
right_child=4 2 -4 -5 6 -7 -8
leaf_value=-0.00063650864592392506 -0.04435874871398976 -0.11695327914280192 0.013298343171164526 0.10868233230721702 -0.13621756704765328 -0.12944003291619485 -0.11320822846709749
leaf_weight=176.34043315052986 61.390033394098282 205.76822839677334 875.8409272134304 1043.8737463802099 561.84224027395248 67.686178103089333 117.24806785583496
leaf_count=759 281 854 3607 4671 2844 311 576
internal_value=-0.000253679 0.0438265 -0.0115662 0.0928964 -0.125702 -0.0896266 -0.132417
internal_weight=3109.99 2301.82 1081.61 1220.21 808.167 129.076 679.09
internal_count=13903 9891 4461 5430 4012 592 3420
is_linear=0
shrinkage=0.1


Tree=7
num_leaves=8
num_cat=0
split_feature=9 42 30 19 8 2 7
split_gain=1471.91 540.835 315.343 86.4798 18.9098 24.1307 3.63591
threshold=1.0000000180025095e-35 1.0000000180025095e-35 1.0000000180025095e-35 1.0000000180025095e-35 1.0000000180025095e-35 1.0000000180025095e-35 1.0000000180025095e-35
decision_type=2 2 2 2 2 2 2
left_child=1 2 -1 -3 5 -2 -6
right_child=4 3 -4 -5 6 -7 -8
leaf_value=-0.071614854224059041 -0.042868102041098227 -0.13213027678964059 0.077927951603180057 -0.031368627346345081 -0.13142783056655036 -0.13168221079040038 -0.10760339103689298
leaf_weight=153.47108773887157 68.950427621603012 111.66541156172752 1642.5347758978605 353.31549791991711 525.9687112569809 56.201514601707458 111.37815856933594
leaf_count=659 295 481 7313 1438 2844 297 576
internal_value=-0.000286898 0.0402363 0.0651166 -0.0557982 -0.120343 -0.0834792 -0.12744
internal_weight=3023.49 2260.99 1796.01 464.981 762.499 125.152 637.347
internal_count=13903 9891 7972 1919 4012 592 3420
is_linear=0
shrinkage=0.1


Tree=8
num_leaves=8
num_cat=0
split_feature=9 50 2 22 8 2 7
split_gain=1263.01 493.956 317.364 72.4287 19.0315 22.917 3.90296
threshold=1.0000000180025095e-35 1.0000000180025095e-35 1.0000000180025095e-35 1.0000000180025095e-35 1.0000000180025095e-35 1.0000000180025095e-35 1.0000000180025095e-35
decision_type=2 2 2 2 2 2 2
left_child=1 3 -3 -1 5 -2 -6
right_child=4 2 -4 -5 6 -7 -8
leaf_value=-0.043173474467321976 -0.039099968586067846 0.05062774756536538 -0.041806362391107445 0.11024914414581813 -0.12736766110978823 -0.12740325599550034 -0.10249879339451372
leaf_weight=31.666211903095245 68.174238875508308 729.05319401621819 755.18950410187244 707.20021115243435 490.32707959413528 52.504049688577652 105.58493041992188
leaf_count=127 295 3121 3247 3396 2844 297 576
internal_value=-0.000343367 0.0368757 0.00360037 0.103624 -0.1157 -0.0782498 -0.12314
internal_weight=2939.7 2223.11 1484.24 738.866 716.59 120.678 595.912
internal_count=13903 9891 6368 3523 4012 592 3420
is_linear=0
shrinkage=0.1


Tree=9
num_leaves=8
num_cat=0
split_feature=9 0 58 2 8 45 7
split_gain=1087.57 465.542 299.588 146.46 19.2302 22.4833 4.21234
threshold=1.0000000180025095e-35 1.0000000180025095e-35 1.0000000180025095e-35 1.0000000180025095e-35 1.0000000180025095e-35 1.0000000180025095e-35 1.0000000180025095e-35
decision_type=2 2 2 2 2 2 2
left_child=1 2 -1 -3 5 -2 -6
right_child=4 3 -4 -5 6 -7 -8
leaf_value=-0.011259165362779149 -0.030699012106188708 0.0067767775656942799 0.087447826892435146 -0.093049944025466125 -0.12389152483010071 -0.11901780275432441 -0.097783746017234441
leaf_weight=415.06208238005638 60.923020765185356 298.96721108257771 1183.0970029085875 287.83410835266113 455.49484258890152 55.373187333345413 99.951338768005371
leaf_count=1806 305 1248 5610 1227 2844 287 576
internal_value=-0.000356447 0.0338611 0.0618214 -0.0422646 -0.11154 -0.0734072 -0.119378
internal_weight=2856.7 2184.96 1598.16 586.801 671.742 116.296 555.446
internal_count=13903 9891 7416 2475 4012 592 3420
is_linear=0
shrinkage=0.1


Tree=10
num_leaves=8
num_cat=0
split_feature=9 38 20 22 8 2 7
split_gain=937.706 396.825 214.173 165.548 19.9105 23.4576 4.55586
threshold=1.0000000180025095e-35 1.0000000180025095e-35 1.0000000180025095e-35 1.0000000180025095e-35 1.0000000180025095e-35 1.0000000180025095e-35 1.0000000180025095e-35
decision_type=2 2 2 2 2 2 2
left_child=1 3 -3 -1 5 -2 -6
right_child=4 2 -4 -5 6 -7 -8
leaf_value=-0.075534023850284446 -0.029275588355552013 -0.10947311997994363 0.0078857929392575545 0.081849160242664767 -0.12088902594151255 -0.1219337843935574 -0.09337405076744687
leaf_weight=70.580674692988396 65.856538325548172 190.46638739109039 827.22605976462364 1056.8877577483654 421.87875294685364 46.775192648172379 94.535207748413086
leaf_count=285 295 823 3470 5313 2844 297 576
internal_value=-0.00038676 0.0311026 -0.0141644 0.0719386 -0.10765 -0.0684903 -0.116042
internal_weight=2774.21 2145.16 1017.69 1127.47 629.046 112.632 516.414
internal_count=13903 9891 4293 5598 4012 592 3420
is_linear=0
shrinkage=0.1


Tree=11
num_leaves=8
num_cat=0
split_feature=9 0 58 2 8 2 7
split_gain=811.017 356.85 254.129 121.551 20.1457 22.2295 4.92721
threshold=1.0000000180025095e-35 1.0000000180025095e-35 1.0000000180025095e-35 1.0000000180025095e-35 1.0000000180025095e-35 1.0000000180025095e-35 1.0000000180025095e-35
decision_type=2 2 2 2 2 2 2
left_child=1 2 -1 -3 5 -2 -6
right_child=4 3 -4 -5 6 -7 -8
leaf_value=-0.013452181733784555 -0.02665838884102998 0.0064405752055927135 0.078692564980720858 -0.085201016785617922 -0.11827478220294939 -0.11898402042931207 -0.089205076903146677
leaf_weight=408.58938336372375 65.222649648785591 296.73993943631649 1115.3391927033663 281.30633361637592 389.75431591272354 43.342505782842636 89.375049591064453
leaf_count=1806 295 1248 5610 1227 2844 297 576
internal_value=-0.000415205 0.0286273 0.0539945 -0.0382269 -0.104162 -0.0642671 -0.113049
internal_weight=2689.67 2101.97 1523.93 578.046 587.695 108.565 479.129
internal_count=13903 9891 7416 2475 4012 592 3420
is_linear=0
shrinkage=0.1


Tree=12
num_leaves=8
num_cat=0
split_feature=9 50 21 2 8 5 7
split_gain=702.23 323.639 242.188 62.394 20.3714 22.5313 5.32101
threshold=1.0000000180025095e-35 1.0000000180025095e-35 1.0000000180025095e-35 1.0000000180025095e-35 1.0000000180025095e-35 1.0000000180025095e-35 1.0000000180025095e-35
decision_type=2 2 2 2 2 2 2
left_child=1 3 -3 -1 5 -2 -6
right_child=4 2 -4 -5 6 -7 -8
leaf_value=0.11581919924019511 -0.028379940596259187 -0.1030808244927038 0.01635260131135521 0.052695514077589947 -0.11598159331042675 -0.1281742393162108 -0.085227141845427068
leaf_weight=330.39532302320004 72.186518147587776 195.83046251535416 1234.6989815980196 302.55123308300972 359.29659873247147 32.510563731193542 84.494579315185547
leaf_count=1843 403 857 5511 1680 2844 189 576
internal_value=-0.000440602 0.0262997 -5.76681e-05 0.0857765 -0.100906 -0.0602876 -0.110331
internal_weight=2611.96 2063.48 1430.53 632.947 548.488 104.697 443.791
internal_count=13903 9891 6368 3523 4012 592 3420
is_linear=0
shrinkage=0.1


Tree=13
num_leaves=8
num_cat=0
split_feature=9 33 2 28 8 2 7
split_gain=608.062 303.271 253.655 50.5405 20.985 22.4297 5.73233
threshold=1.0000000180025095e-35 1.0000000180025095e-35 1.0000000180025095e-35 1.0000000180025095e-35 1.0000000180025095e-35 1.0000000180025095e-35 1.0000000180025095e-35
decision_type=2 2 2 2 2 2 2
left_child=1 2 -1 -3 5 -2 -6
right_child=4 3 -4 -5 6 -7 -8
leaf_value=0.082445614722464644 -0.018871266298425601 -0.026321671282959303 0.0035811343423592882 -0.099932172153772689 -0.1139557150629293 -0.1153220976037031 -0.081402183058267047
leaf_weight=819.67447271943092 63.166192635893822 250.58392688632011 810.9001080095768 148.58505743741989 330.60430186986923 38.492997229099274 79.906293869018555
leaf_count=4195 295 1088 3970 638 2844 297 576
internal_value=-0.000448856 0.0241281 0.0432518 -0.0539034 -0.0977054 -0.0561597 -0.107832
internal_weight=2541.91 2029.74 1630.57 399.169 512.17 101.659 410.511
internal_count=13903 9891 8165 1726 4012 592 3420
is_linear=0
shrinkage=0.1


Tree=14
num_leaves=8
num_cat=0
split_feature=9 21 30 26 8 45 7
split_gain=527.352 278.227 271.13 64.6885 21.1122 22.4016 6.1564
threshold=1.0000000180025095e-35 1.0000000180025095e-35 1.0000000180025095e-35 1.0000000180025095e-35 1.0000000180025095e-35 1.0000000180025095e-35 1.0000000180025095e-35
decision_type=2 2 2 2 2 2 2
left_child=1 3 -3 -1 5 -2 -6
right_child=4 2 -4 -5 6 -7 -8
leaf_value=-0.017722977075535502 -0.0084287575000928146 -0.083234078623651592 0.049276498043520481 -0.11976635962711185 -0.11215353062632377 -0.10391935403783326 -0.077701390785701027
leaf_weight=109.86747016012669 53.3820895627141 170.26937782764435 1575.3994030505419 143.16867665946484 303.71857523918152 44.821193791925907 75.614201545715332
leaf_count=494 305 752 8002 643 2844 287 576
internal_value=-0.000466585 0.0220995 0.0363114 -0.0757036 -0.0947648 -0.0526201 -0.105508
internal_weight=2476.24 1998.7 1745.67 253.036 477.536 98.2033 379.333
internal_count=13903 9891 8754 1137 4012 592 3420
is_linear=0
shrinkage=0.1


Tree=15
num_leaves=8
num_cat=0
split_feature=9 50 2 14 8 2 7
split_gain=456.747 266.103 195.289 55.7303 21.5228 22.2553 6.58846
threshold=1.0000000180025095e-35 1.0000000180025095e-35 1.0000000180025095e-35 1.0000000180025095e-35 1.0000000180025095e-35 1.0000000180025095e-35 1.0000000180025095e-35
decision_type=2 2 2 2 2 2 2
left_child=1 3 -3 -1 5 -2 -6
right_child=4 2 -4 -5 6 -7 -8
leaf_value=0.093893895414744397 -0.012365185677842047 0.03506399244496624 -0.039682927642868598 0.019379070105762897 -0.11053923479422718 -0.11240254893423898 -0.074103420406842133
leaf_weight=447.57671582698822 61.296629801392555 677.21767017245293 720.25263854861259 130.08486372232437 278.63753297924995 34.161599390208721 71.616044998168945
leaf_count=2711 295 3121 3247 812 2844 297 576
internal_value=-0.000493863 0.0201497 -0.00346121 0.0771762 -0.0918144 -0.0489597 -0.103321
internal_weight=2420.84 1975.13 1397.47 577.662 445.712 95.4582 350.254
internal_count=13903 9891 6368 3523 4012 592 3420
is_linear=0
shrinkage=0.1


Tree=16
num_leaves=8
num_cat=0
split_feature=9 0 21 19 8 5 7
split_gain=396.822 251.625 192.323 80.5016 21.5004 21.8344 7.0236
threshold=1.0000000180025095e-35 1.0000000180025095e-35 1.0000000180025095e-35 1.0000000180025095e-35 1.0000000180025095e-35 1.0000000180025095e-35 1.0000000180025095e-35
decision_type=2 2 2 2 2 2 2
left_child=1 2 -1 -3 5 -2 -6
right_child=4 3 -4 -5 6 -7 -8
leaf_value=-0.051290030284784287 -0.013943210905564725 -0.11002820001173393 0.056251653809695414 -0.018076052613514321 -0.10908299619845714 -0.11973044881223611 -0.070593030267758192
leaf_weight=192.37010763585567 65.419720739126205 120.84221591055393 1194.1840652227402 438.18928541243076 255.32797122001648 26.999235346913338 67.905000686645508
leaf_count=849 403 582 6567 1893 2844 189 576
internal_value=-0.000480675 0.0184776 0.0413051 -0.0381137 -0.089052 -0.0457987 -0.10124
internal_weight=2361.24 1945.59 1386.55 559.032 415.652 92.419 323.233
internal_count=13903 9891 7416 2475 4012 592 3420
is_linear=0
shrinkage=0.1


Tree=17
num_leaves=8
num_cat=0
split_feature=9 2 5 30 8 2 7
split_gain=344.309 230.211 162.855 140.597 21.708 21.8029 7.45677
threshold=1.0000000180025095e-35 1.0000000180025095e-35 1.0000000180025095e-35 1.0000000180025095e-35 1.0000000180025095e-35 1.0000000180025095e-35 1.0000000180025095e-35
decision_type=2 2 2 2 2 2 2
left_child=1 3 -3 -1 5 -2 -6
right_child=4 2 -4 -5 6 -7 -8
leaf_value=-0.068672511365531513 -0.0069346587364635453 0.013494744984585414 -0.071484481276226239 0.064864598335547086 -0.10775973218002864 -0.10999098918772628 -0.067159999969337802
leaf_weight=86.117528140544891 59.695037677884102 630.05787213146687 350.0152292996645 846.67847028374672 233.73411932587624 30.407567672431469 64.470996379852295
leaf_count=388 295 3306 1621 4576 2844 297 576
internal_value=-0.000495965 0.0169424 -0.016896 0.0524759 -0.0862232 -0.0425394 -0.099236
internal_weight=2301.18 1912.87 980.073 932.796 388.308 90.1026 298.205
internal_count=13903 9891 4927 4964 4012 592 3420
is_linear=0
shrinkage=0.1


Tree=18
num_leaves=8
num_cat=0
split_feature=10 21 30 28 8 9 26
split_gain=303.449 218.519 205.436 95.4928 203.025 108.142 54.1613
threshold=1.0000000180025095e-35 1.0000000180025095e-35 1.0000000180025095e-35 1.0000000180025095e-35 1.0000000180025095e-35 1.0000000180025095e-35 1.0000000180025095e-35
decision_type=2 2 2 2 2 2 2
left_child=1 6 -3 4 -2 -5 -1
right_child=3 2 -4 5 -6 -7 -8
leaf_value=-0.014885020172833288 0.049509500881803059 -0.0754220740920587 0.045317124419598453 -0.28230975191083818 -0.1083460891928969 -0.086722823602707097 -0.10945108956338293
leaf_weight=107.3493525236845 142.68460790812969 156.23612107336521 1364.1903494298458 37.146553754806519 187.53128045797348 115.68349735438824 139.0412592664361
leaf_count=494 802 693 7480 177 2333 1281 643
internal_value=-0.00050388 0.018705 0.0328688 -0.0706568 -0.0401939 -0.135788 -0.0684765
internal_weight=2249.86 1766.82 1520.43 483.046 330.216 152.83 246.391
internal_count=13903 9310 8173 4593 3135 1458 1137
is_linear=0
shrinkage=0.1


Tree=19
num_leaves=8
num_cat=0
split_feature=9 36 62 1 8 5 7
split_gain=263.411 214.394 137.744 120.792 19.184 20.5127 8.9436
threshold=1.0000000180025095e-35 1.0000000180025095e-35 1.0000000180025095e-35 1.0000000180025095e-35 1.0000000180025095e-35 1.0000000180025095e-35 1.0000000180025095e-35
decision_type=2 2 2 2 2 2 2
left_child=1 2 -1 -3 5 -2 -6
right_child=4 3 -4 -5 6 -7 -8
leaf_value=-0.048604685004581441 -0.0096333670541638109 0.032475840732375395 0.056354791129471851 -0.052885237152274528 -0.10548208895682171 -0.1161531525277133 -0.058520047896914597
leaf_weight=143.09376786649227 63.260956525802612 240.47132685780525 953.78367166221142 528.77338379621506 196.24497807025909 24.430171877145767 56.7115159034729
leaf_count=648 403 1076 5807 2360 2844 189 576
internal_value=-0.000510987 0.0142614 0.0426304 -0.0261932 -0.0812414 -0.0402841 -0.0952253
internal_weight=2206.77 1866.12 1096.88 769.245 340.648 87.6911 252.956
internal_count=13903 9891 6455 3436 4012 592 3420
is_linear=0
shrinkage=0.1


Tree=20
num_leaves=8
num_cat=0
split_feature=9 2 33 5 8 2 7
split_gain=228.488 194.528 124.792 117.879 19.2014 20.9804 9.31564
threshold=1.0000000180025095e-35 1.0000000180025095e-35 1.0000000180025095e-35 1.0000000180025095e-35 1.0000000180025095e-35 1.0000000180025095e-35 1.0000000180025095e-35
decision_type=2 2 2 2 2 2 2
left_child=1 2 -1 -3 5 -2 -6
right_child=4 3 -4 -5 6 -7 -8
leaf_value=0.065902513196188436 -0.0030958257829049917 0.008031213640273328 -0.026419769641610372 -0.065330317783844127 -0.1044372925032931 -0.10812018372728927 -0.055338323726368238
leaf_weight=702.98044492304325 58.41267403960228 608.12148329615593 184.26385378837585 341.15923437476158 179.26548430323601 27.249847270548344 54.167676880955696
leaf_count=4195 295 3306 769 1621 2844 297 576
internal_value=-0.000500584 0.0130818 0.0467208 -0.018375 -0.0784691 -0.0373669 -0.0933286
internal_weight=2155.62 1836.53 887.244 949.281 319.096 85.6625 233.433
internal_count=13903 9891 4964 4927 4012 592 3420
is_linear=0
shrinkage=0.1


Tree=21
num_leaves=8
num_cat=0
split_feature=50 8 30 14 2 22 7
split_gain=202.105 121.884 132.561 107.1 68.6198 68.077 2.84733
threshold=1.0000000180025095e-35 1.0000000180025095e-35 1.0000000180025095e-35 1.0000000180025095e-35 1.0000000180025095e-35 1.0000000180025095e-35 1.0000000180025095e-35
decision_type=2 2 2 2 2 2 2
left_child=3 2 -2 5 -5 -1 -3
right_child=1 6 -4 4 -6 -7 -8
leaf_value=-0.058084444480747489 -0.089860234427990959 -0.10428752761027758 0.0030060894326871587 0.052008099593237211 -0.076888087766885396 0.094552067628741299 -0.069802412522570551
leaf_weight=31.268092751502991 174.8665199354291 135.54028702154756 1219.5778108760715 78.398179795593023 85.138686411082745 343.70195518434048 40.418509557843208
leaf_count=127 785 2355 6098 745 760 2584 449
internal_value=-0.000493141 -0.0186234 -0.00869561 0.052315 -0.0151558 0.0817033 -0.0968054
internal_weight=2108.91 1570.4 1394.44 538.507 163.537 374.97 175.959
internal_count=13903 9687 6883 4216 1505 2711 2804
is_linear=0
shrinkage=0.1


Tree=22
num_leaves=7
num_cat=0
split_feature=8 31 2 28 7 28
split_gain=178.466 167.557 164.363 41.8428 10.1561 29.0438
threshold=1.0000000180025095e-35 1.0000000180025095e-35 1.0000000180025095e-35 1.0000000180025095e-35 1.0000000180025095e-35 1.0000000180025095e-35
decision_type=2 2 2 2 2 2
left_child=1 2 -1 -3 -2 -6
right_child=4 3 -4 -5 5 -7
leaf_value=0.054664148060173459 -0.10267795169710109 -0.031855214061606171 -0.009592780923001849 -0.11177609975912717 -0.10140745656072503 0.058403322509764669
leaf_weight=775.99301294982433 151.48480420559645 175.77998961880803 815.74961168318987 104.59590315073729 33.298113189637661 16.21972319483757
leaf_count=4678 2844 854 4441 510 389 187
internal_value=-0.000445936 0.00918484 0.0217479 -0.0619615 -0.0897475 -0.048941
internal_weight=2073.12 1872.12 1591.74 280.376 201.003 49.5178
internal_count=13903 10483 9119 1364 3420 576
is_linear=0
shrinkage=0.1


Tree=23
num_leaves=8
num_cat=0
split_feature=50 21 9 14 22 2 26
split_gain=164.641 102.435 136.429 90.1817 60.893 52.4157 27.5154
threshold=1.0000000180025095e-35 1.0000000180025095e-35 1.0000000180025095e-35 1.0000000180025095e-35 1.0000000180025095e-35 1.0000000180025095e-35 1.0000000180025095e-35
decision_type=2 2 2 2 2 2 2
left_child=3 6 -3 4 -1 -5 -2
right_child=1 2 -4 5 -6 -7 -8
leaf_value=-0.054591725464206146 -0.043898920387642704 0.0066917000712854238 -0.07901567326111944 0.047780462436376722 0.090380523227301321 -0.066334381034893419 -0.12329113433114494
leaf_weight=31.218775883316994 81.235830999910831 1130.4750038087368 221.20795367658138 74.287024941295385 317.21482872962952 85.556229688227177 97.737212710082531
leaf_count=127 381 5511 3319 745 2584 760 476
internal_value=-0.00044745 -0.0168249 -0.00738268 0.0488087 0.0772723 -0.0133323 -0.0876992
internal_weight=2038.93 1530.66 1351.68 508.277 348.434 159.843 178.973
internal_count=13903 9687 8830 4216 2711 1505 857
is_linear=0
shrinkage=0.1


Tree=24
num_leaves=7
num_cat=0
split_feature=8 37 19 56 7 28
split_gain=143.169 142.654 111.046 94.5747 11.1421 27.1445
threshold=1.0000000180025095e-35 1.0000000180025095e-35 1.0000000180025095e-35 1.0000000180025095e-35 1.0000000180025095e-35 1.0000000180025095e-35
decision_type=2 2 2 2 2 2
left_child=1 3 -3 -1 -2 -6
right_child=4 2 -4 -5 5 -7
leaf_value=0.0040337494139734619 -0.10125238742956731 -0.086198072656863092 -0.0016943156228232754 0.068003692916440109 -0.098703605566216296 0.059494169607220121
leaf_weight=469.99735082685947 130.34539330005646 198.61462351679802 703.96549337729812 453.9602572247386 29.145933702588081 16.113277323544025
leaf_count=2712 2844 993 3325 3453 389 187
internal_value=-0.000408545 0.00790027 -0.0203644 0.0355031 -0.0863874 -0.0423131
internal_weight=2002.14 1826.54 902.58 923.958 175.605 45.2592
internal_count=13903 10483 4318 6165 3420 576
is_linear=0
shrinkage=0.1


end of trees

feature_importances:
yr_lt=_0.5=29
hr_lt=_5.5=24
hr_lt=_6.5=22
hr_lt=_0.5=20
hr_lt=_21.5=7
hr_lt=_22.5=7
mnth_lt=_4.5=5
workingday_lt=_0.5=5
weathersit_lt=_2.5=5
atemp_lt=_0.5985000133514404=5
season_lt=_1.5=4
hr_lt=_19.5=4
hr_lt=_11.5=3
hr_lt=_20.5=3
weekday_lt=_3.5=3
temp_lt=_0.3100000023841858=3
temp_lt=_0.45000000298023224=3
temp_lt=_0.4699999988079071=2
atemp_lt=_0.4317999929189682=2
hum_lt=_0.7400000095367432=2
season_lt=_2.5=1
hr_lt=_7.5=1
temp_lt=_0.26999999582767487=1
temp_lt=_0.3700000047683716=1
temp_lt=_0.4099999964237213=1
temp_lt=_0.48999999463558197=1
atemp_lt=_0.31059999763965607=1
atemp_lt=_0.3409000039100647=1
hum_lt=_0.625=1
hum_lt=_0.8050000071525574=1
hum_lt=_0.8149999976158142=1
hum_lt=_0.8349999785423279=1

parameters:
[boosting: gbdt]
[objective: binary]
[metric: binary_logloss]
[tree_learner: serial]
[device_type: cpu]
[data_sample_strategy: bagging]
[data: ]
[valid: ]
[num_iterations: 25]
[learning_rate: 0.1]
[num_leaves: 31]
[num_threads: 8]
[seed: 42]
[deterministic: 0]
[force_col_wise: 0]
[force_row_wise: 0]
[histogram_pool_size: -1]
[max_depth: 3]
[min_data_in_leaf: 20]
[min_sum_hessian_in_leaf: 0.001]
[bagging_fraction: 1]
[pos_bagging_fraction: 1]
[neg_bagging_fraction: 1]
[bagging_freq: 0]
[bagging_seed: 400]
[bagging_by_query: 0]
[feature_fraction: 1]
[feature_fraction_bynode: 1]
[feature_fraction_seed: 30056]
[extra_trees: 0]
[extra_seed: 12879]
[early_stopping_round: 0]
[early_stopping_min_delta: 0]
[first_metric_only: 0]
[max_delta_step: 0]
[lambda_l1: 0]
[lambda_l2: 1]
[linear_lambda: 0]
[min_gain_to_split: 0]
[drop_rate: 0.1]
[max_drop: 50]
[skip_drop: 0.5]
[xgboost_dart_mode: 0]
[uniform_drop: 0]
[drop_seed: 17869]
[top_rate: 0.2]
[other_rate: 0.1]
[min_data_per_group: 100]
[max_cat_threshold: 32]
[cat_l2: 10]
[cat_smooth: 10]
[max_cat_to_onehot: 4]
[top_k: 20]
[monotone_constraints: ]
[monotone_constraints_method: basic]
[monotone_penalty: 0]
[feature_contri: ]
[forcedsplits_filename: ]
[refit_decay_rate: 0.9]
[cegb_tradeoff: 1]
[cegb_penalty_split: 0]
[cegb_penalty_feature_lazy: ]
[cegb_penalty_feature_coupled: ]
[path_smooth: 0]
[interaction_constraints: ]
[verbosity: -1]
[saved_feature_importance_type: 0]
[use_quantized_grad: 0]
[num_grad_quant_bins: 4]
[quant_train_renew_leaf: 0]
[stochastic_rounding: 1]
[linear_tree: 0]
[max_bin: 255]
[max_bin_by_feature: ]
[min_data_in_bin: 3]
[bin_construct_sample_cnt: 200000]
[data_random_seed: 175]
[is_enable_sparse: 1]
[enable_bundle: 1]
[use_missing: 1]
[zero_as_missing: 0]
[feature_pre_filter: 1]
[pre_partition: 0]
[two_round: 0]
[header: 0]
[label_column: ]
[weight_column: ]
[group_column: ]
[ignore_column: ]
[categorical_feature: ]
[forcedbins_filename: ]
[precise_float_parser: 0]
[parser_config_file: ]
[objective_seed: 16083]
[num_class: 1]
[is_unbalance: 0]
[scale_pos_weight: 1]
[sigmoid: 1]
[boost_from_average: 1]
[reg_sqrt: 0]
[alpha: 0.9]
[fair_c: 1]
[poisson_max_delta_step: 0.7]
[tweedie_variance_power: 1.5]
[lambdarank_truncation_level: 30]
[lambdarank_norm: 1]
[label_gain: ]
[lambdarank_position_bias_regularization: 0]
[eval_at: ]
[multi_error_top_k: 1]
[auc_mu_weights: ]
[num_machines: 1]
[local_listen_port: 12400]
[time_out: 120]
[machine_list_filename: ]
[machines: ]
[gpu_platform_id: -1]
[gpu_device_id: -1]
[gpu_use_dp: 0]
[num_gpu: 1]

end of parameters

pandas_categorical:[]
