tree
version=v4
num_class=1
num_tree_per_iteration=1
label_index=0
max_feature_idx=5
objective=binary sigmoid:1
feature_names=discharge_disposition_id_lt=_10.5 number_outpatient_lt=_0.5 number_inpatient_lt=_0.5 number_inpatient_lt=_1.5 number_diagnoses_lt=_5.5 number_emergency_lt=_0.5
feature_infos=[0:1] [0:1] [0:1] [0:1] [0:1] [0:1]
tree_sizes=921 1031 1031 1025 1028 1027 1018 1025 1026 1026 1026 1031 1024 1033 1026 1025 1027 1029 1031 1027 1028 1031 1033 1029 1026

Tree=0
num_leaves=8
num_cat=0
split_feature=2 4 3 0 0 0 1
split_gain=2703.35 449.525 436.493 249.83 161.593 158.546 45.9125
threshold=1.0000000180025095e-35 1.0000000180025095e-35 1.0000000180025095e-35 1.0000000180025095e-35 1.0000000180025095e-35 1.0000000180025095e-35 1.0000000180025095e-35
decision_type=2 2 2 2 2 2 2
left_child=2 5 3 -1 -4 -2 -3
right_child=1 6 4 -5 -6 -7 -8
leaf_value=-0.0067903208200472357 -0.058354997496303802 -0.01906525885405817 -0.038116972920918445 0.097475180455137256 0.038616431224966934 -0.012621457782172253 -0.066890174462193683
leaf_weight=255.75 835.75 219 300.5 2253.5 3078.75 8072 2541
leaf_count=1023 3343 876 1202 9014 12315 32288 10164
internal_value=2.84847e-05 -0.027848 0.0552595 0.0868497 0.0317836 -0.0169184 -0.0631037
internal_weight=17556.2 11667.8 5888.5 2509.25 3379.25 8907.75 2760
internal_count=70225 46671 23554 10037 13517 35631 11040
is_linear=0
shrinkage=1


Tree=1
num_leaves=8
num_cat=0
split_feature=2 4 3 0 1 0 5
split_gain=2191.99 364.897 355.446 203.274 149.906 130.996 39.9959
threshold=1.0000000180025095e-35 1.0000000180025095e-35 1.0000000180025095e-35 1.0000000180025095e-35 1.0000000180025095e-35 1.0000000180025095e-35 1.0000000180025095e-35
decision_type=2 2 2 2 2 2 2
left_child=2 4 3 -1 -2 -4 -3
right_child=1 6 5 -5 -6 -7 -8
leaf_value=-0.0061396501316405751 0.016608198968501457 -0.00087338934169392123 -0.034356454811795119 0.087922486536759922 -0.020535289240104761 0.034743828480188324 -0.059472628473263893
leaf_weight=255.74705792963505 1265.8887650370598 121.89007596671581 300.39088499546051 2248.1555786430836 7640.8287378400564 3077.6025257259607 2635.2497874647379
leaf_count=1023 5064 488 1202 9014 30567 12315 10552
internal_value=2.4346e-07 -0.0250992 0.0497685 0.0783164 -0.0152549 0.0285907 -0.0568833
internal_weight=17545.8 11663.9 5881.9 2503.9 8906.72 3377.99 2757.14
internal_count=70225 46671 23554 10037 35631 13517 11040
is_linear=0
shrinkage=0.1


Tree=2
num_leaves=8
num_cat=0
split_feature=2 4 3 0 0 0 1
split_gain=1780.18 297.183 291.933 166.584 127.44 106.262 36.6928
threshold=1.0000000180025095e-35 1.0000000180025095e-35 1.0000000180025095e-35 1.0000000180025095e-35 1.0000000180025095e-35 1.0000000180025095e-35 1.0000000180025095e-35
decision_type=2 2 2 2 2 2 2
left_child=2 4 3 -1 -2 -4 -3
right_child=1 6 5 -5 -6 -7 -8
leaf_value=-0.0055282608932875725 -0.050911670487933318 -0.011978593380007386 -0.030962960177946898 0.079651147394152952 -0.0098823845364820525 0.031302501539038345 -0.05473458028688806
leaf_weight=255.73931403458118 834.53488911688328 218.69974330067635 300.10575667023659 2234.2458990216255 8070.1045003533363 3074.6115320920944 2531.1563282310963
leaf_count=1023 3343 876 1202 9014 32288 12315 10164
internal_value=2.47399e-06 -0.0226098 0.0449344 0.0709039 -0.0137329 0.0257578 -0.0513397
internal_weight=17519.2 11654.5 5864.7 2489.99 8904.64 3374.72 2749.86
internal_count=70225 46671 23554 10037 35631 13517 11040
is_linear=0
shrinkage=0.1


Tree=3
num_leaves=8
num_cat=0
split_feature=2 4 3 0 1 0 5
split_gain=1447.45 242.609 241.212 137.214 120.322 86.2392 32.0435
threshold=1.0000000180025095e-35 1.0000000180025095e-35 1.0000000180025095e-35 1.0000000180025095e-35 1.0000000180025095e-35 1.0000000180025095e-35 1.0000000180025095e-35
decision_type=2 2 2 2 2 2 2
left_child=2 4 3 -1 -2 -4 -3
right_child=1 6 5 -5 -6 -7 -8
leaf_value=-0.0049778150202532834 0.016179461739656783 0.0037490036491484545 -0.027916759883849104 0.072366089870763539 -0.017099554461927416 0.028214563043442401 -0.048726577801127789
leaf_weight=255.72821648418903 1265.8288863301277 121.63326624035835 299.69766798615456 2214.3811835646629 7635.3690378963947 3070.3339652717113 2617.6691086143255
leaf_count=1023 5064 488 1202 9014 30567 12315 10552
internal_value=4.65856e-06 -0.0203772 0.040626 0.06436 -0.0123657 0.023216 -0.046396
internal_weight=17480.6 11640.5 5840.14 2470.11 8901.2 3370.03 2739.3
internal_count=70225 46671 23554 10037 35631 13517 11040
is_linear=0
shrinkage=0.1


Tree=4
num_leaves=8
num_cat=0
split_feature=2 3 4 0 5 4 1
split_gain=1177.79 200.115 198.365 113.422 111.639 74.8835 29.6185
threshold=1.0000000180025095e-35 1.0000000180025095e-35 1.0000000180025095e-35 1.0000000180025095e-35 1.0000000180025095e-35 1.0000000180025095e-35 1.0000000180025095e-35
decision_type=2 2 2 2 2 2 2
left_child=1 3 4 -1 -2 -3 -4
right_child=2 5 6 -5 -6 -7 -8
leaf_value=-0.0044822156107957849 0.028354903079091706 0.027364344903474214 -0.0065777895379627443 0.065878619973577565 -0.014310303781333892 -0.013639477263850307 -0.045033237779959948
leaf_weight=255.71487808227539 661.7106267362833 2836.7358659058809 218.06119459867477 2190.5580852031708 8235.591023504734 527.67164766788483 2508.6612700223923
leaf_count=1023 2649 11397 876 9014 32982 2120 10164
internal_value=7.57145e-06 0.0367653 -0.0183687 0.0585248 -0.0111344 0.0209312 -0.0419614
internal_weight=17434.7 5810.68 11624 2446.27 8897.3 3364.41 2726.72
internal_count=70225 23554 46671 10037 35631 13517 11040
is_linear=0
shrinkage=0.1


Tree=5
num_leaves=8
num_cat=0
split_feature=2 3 4 0 0 0 5
split_gain=958.646 166.582 162.386 102 93.9745 70.2814 25.8095
threshold=1.0000000180025095e-35 1.0000000180025095e-35 1.0000000180025095e-35 1.0000000180025095e-35 1.0000000180025095e-35 1.0000000180025095e-35 1.0000000180025095e-35
decision_type=2 2 2 2 2 2 2
left_child=1 4 3 -2 -1 -3 -4
right_child=2 5 6 -5 -6 -7 -8
leaf_value=-0.0040359820385560538 -0.043367253282574986 -0.027294997358890929 0.0070482705372331179 -0.0065849114357776732 0.060051742762894295 0.023390822023687086 -0.040083324376423965
leaf_weight=255.70016773045063 830.75751833617687 299.58118951320648 121.34963376820087 8062.8921113610268 2164.2973644137383 3060.4580497741699 2591.3784031122923
leaf_count=1023 3343 1202 488 32288 9014 12315 10552
internal_value=1.03325e-05 0.0332811 -0.0165601 -0.0100252 0.0532813 0.0188649 -0.0379731
internal_weight=17386.4 5780.04 11606.4 8893.65 2420 3360.04 2712.73
internal_count=70225 23554 46671 35631 10037 13517 11040
is_linear=0
shrinkage=0.1


Tree=6
num_leaves=8
num_cat=0
split_feature=2 5 1 4 0 3 0
split_gain=780.69 148.518 137.068 107.318 87.5636 77.4631 21.9374
threshold=1.0000000180025095e-35 1.0000000180025095e-35 1.0000000180025095e-35 1.0000000180025095e-35 1.0000000180025095e-35 1.0000000180025095e-35 1.0000000180025095e-35
decision_type=2 2 2 2 2 2 2
left_child=1 4 6 -4 -1 -3 -2
right_child=2 5 3 -5 -6 -7 -8
leaf_value=-0.044137016263383011 -0.036648465560234385 0.038712302658121853 -0.013217345961863062 -0.037162718556205003 0.07024957425834559 0.012092418375439009 0.016392953236226561
leaf_weight=70.855712920427322 81.638178005814552 1768.0440791398287 7623.207621768117 2480.7773368060589 1042.1792566180229 2864.9891965389252 1401.3048223406076
leaf_count=284 328 7412 30567 10164 4311 11547 5612
internal_value=1.21083e-05 0.0301461 -0.014933 -0.0190996 0.0629347 0.0222572 0.0134502
internal_weight=17333 5746.07 11586.9 10104 1113.03 4633.03 1482.94
internal_count=70225 23554 46671 40731 4595 18959 5940
is_linear=0
shrinkage=0.1


Tree=7
num_leaves=8
num_cat=0
split_feature=2 1 5 1 3 0 0
split_gain=635.504 124.839 118.651 96.7979 76.1548 63.5583 19.8476
threshold=1.0000000180025095e-35 1.0000000180025095e-35 1.0000000180025095e-35 1.0000000180025095e-35 1.0000000180025095e-35 1.0000000180025095e-35 1.0000000180025095e-35
decision_type=2 2 2 2 2 2 2
left_child=1 5 6 -4 -3 -1 -2
right_child=2 4 3 -5 -6 -7 -8
leaf_value=-0.022946041364321462 -0.045342820667734977 0.035624938827586237 0.0099037881722951054 -0.019633048633803916 0.0086361362155726994 0.060432675670661629 0.027729668242557945
leaf_weight=98.292440861463547 38.241610407829285 1714.6475730091333 1255.1046167463064 9529.3004714995623 2678.9960185736418 1223.8659954965115 744.48642364144325
leaf_count=394 154 7261 5028 38506 10815 5084 2983
internal_value=1.34413e-05 0.0272894 -0.0134659 -0.0161949 0.0191744 0.0542214 0.0241063
internal_weight=17282.9 5715.8 11567.1 10784.4 4393.64 1322.16 782.728
internal_count=70225 23554 46671 43534 18076 5478 3137
is_linear=0
shrinkage=0.1


Tree=8
num_leaves=8
num_cat=0
split_feature=2 5 4 0 0 1 5
split_gain=517.223 118.277 108.585 77.364 68.9542 56.2735 16.8432
threshold=1.0000000180025095e-35 1.0000000180025095e-35 1.0000000180025095e-35 1.0000000180025095e-35 1.0000000180025095e-35 1.0000000180025095e-35 1.0000000180025095e-35
decision_type=2 2 2 2 2 2 2
left_child=1 4 3 -2 -1 -3 -4
right_child=2 5 6 -5 -6 -7 -8
leaf_value=-0.040743906151130077 -0.035964932618345227 0.040006903406735191 0.0065660043191669059 -0.0038227776335470389 0.060912992801968935 0.012182250540208413 -0.031522128325944566
leaf_weight=70.715915903449059 824.68037284910679 904.68493324518204 121.30147238075733 8050.746261537075 1020.142536431551 3690.3899110406637 2554.1966733038425
leaf_count=284 3343 3768 488 32288 4311 15191 10552
internal_value=1.53249e-05 0.0247026 -0.012138 -0.00681305 0.0542917 0.0176679 -0.0297935
internal_weight=17236.9 5685.93 11550.9 8875.43 1090.86 4595.07 2675.5
internal_count=70225 23554 46671 35631 4595 18959 11040
is_linear=0
shrinkage=0.1


Tree=9
num_leaves=8
num_cat=0
split_feature=2 0 3 5 4 0 4
split_gain=420.916 103.663 106.796 91.5075 76.7938 14.8858 7.78038
threshold=1.0000000180025095e-35 1.0000000180025095e-35 1.0000000180025095e-35 1.0000000180025095e-35 1.0000000180025095e-35 1.0000000180025095e-35 1.0000000180025095e-35
decision_type=2 2 2 2 2 2 2
left_child=1 6 -3 5 -5 -2 -1
right_child=3 2 -4 4 -6 -7 -8
leaf_value=-0.023328845134432029 -0.038343574603463687 0.044312261391982674 0.014850654967896821 -0.0086472336128837549 -0.028544780791536762 0.025169052877637595 0.011277358865318849
leaf_weight=480.39687909185886 37.95615541934967 2071.3557179123163 3032.4253128170967 8208.9547670185566 2539.4578031003475 744.82744129002094 74.49109810590744
leaf_count=1926 154 9014 12315 32982 10552 2983 299
internal_value=1.55822e-05 0.0223511 0.0268139 -0.0109461 -0.0133505 0.0220444 -0.0186712
internal_weight=17189.9 5658.67 5103.78 11531.2 10748.4 782.784 554.888
internal_count=70225 23554 21329 46671 43534 3137 2225
is_linear=0
shrinkage=0.1


Tree=10
num_leaves=8
num_cat=0
split_feature=2 5 1 5 0 4 0
split_gain=342.779 95.8196 84.6356 63.8531 51.2278 47.2121 14.6781
threshold=1.0000000180025095e-35 1.0000000180025095e-35 1.0000000180025095e-35 1.0000000180025095e-35 1.0000000180025095e-35 1.0000000180025095e-35 1.0000000180025095e-35
decision_type=2 2 2 2 2 2 2
left_child=1 4 6 -4 -1 -3 -2
right_child=2 5 3 -5 -6 -7 -8
leaf_value=-0.034837642497110764 -0.028700259269958586 0.018280603390426326 0.019769235760176401 -0.015096499521567264 0.05302739138924898 -0.0098330636367687987 0.014836117710575782
leaf_weight=70.412450015544891 81.061570480465889 3852.4534354954958 555.25460471212864 9475.8682878166437 996.90223024785519 706.26111380755901 1400.2782561630011
leaf_count=284 328 16040 2225 38506 4311 2919 5612
internal_value=1.63805e-05 0.0202446 -0.00986988 -0.0131648 0.0472036 0.0139239 0.012436
internal_weight=17138.5 5626.03 11512.5 10031.1 1067.31 4558.71 1481.34
internal_count=70225 23554 46671 40731 4595 18959 5940
is_linear=0
shrinkage=0.1


Tree=11
num_leaves=8
num_cat=0
split_feature=3 4 0 0 5 1 4
split_gain=288.615 127.926 103.348 48.6013 42.2073 21.4272 7.78601
threshold=1.0000000180025095e-35 1.0000000180025095e-35 1.0000000180025095e-35 1.0000000180025095e-35 1.0000000180025095e-35 1.0000000180025095e-35 1.0000000180025095e-35
decision_type=2 2 2 2 2 2 2
left_child=3 2 -2 6 -5 -3 -1
right_child=1 5 -4 4 -6 -7 -8
leaf_value=-0.01465297073363561 -0.029766808508580586 0.0035102720222949797 0.0027622904466649504 0.062272759178393235 0.029569738008704341 -0.025475623813292755 0.037246535051012913
leaf_weight=223.15863141417503 1075.0712843388319 279.51182851195335 10575.092008978128 538.23983995616436 1490.041037529707 2884.0984789580107 32.216474995017052
leaf_count=894 4375 1132 42653 2459 6555 12028 129
internal_value=1.69766e-05 -0.00508492 -0.000241776 0.0331001 0.0382745 -0.0229144 -0.00798592
internal_weight=17097.4 14813.8 11650.2 2283.66 2028.28 3163.61 255.375
internal_count=70225 60188 47028 10037 9014 13160 1023
is_linear=0
shrinkage=0.1


Tree=12
num_leaves=8
num_cat=0
split_feature=2 1 1 5 0 3 0
split_gain=246.602 79.896 64.2259 50.8277 36.8884 34.8212 10.2186
threshold=1.0000000180025095e-35 1.0000000180025095e-35 1.0000000180025095e-35 1.0000000180025095e-35 1.0000000180025095e-35 1.0000000180025095e-35 1.0000000180025095e-35
decision_type=2 2 2 2 2 2 2
left_child=1 4 6 -4 -1 -3 -2
right_child=2 5 3 -5 -6 -7 -8
leaf_value=-0.019468775665193755 -0.023375517084808457 0.022205732843549694 0.018144526014340401 -0.01296800115092038 0.044242381961977391 0.0036962787027640001 0.013065715923498439
leaf_weight=97.962899655103683 80.523547232151031 1643.9085990637541 555.13831847906113 9444.7954724878073 1171.2084468901157 2661.2620382159948 1400.3373379707336
leaf_count=394 328 7261 2225 38506 5084 10815 5612
internal_value=1.7769e-05 0.0172727 -0.00836092 -0.0112392 0.0393133 0.0107675 0.0110697
internal_weight=17055.1 5574.34 11480.8 9999.93 1269.17 4305.17 1480.86
internal_count=70225 23554 46671 40731 5478 18076 5940
is_linear=0
shrinkage=0.1


Tree=13
num_leaves=8
num_cat=0
split_feature=2 5 4 0 0 1 1
split_gain=200.617 66.4119 55.2203 44.4574 35.6978 34.0997 7.02368
threshold=1.0000000180025095e-35 1.0000000180025095e-35 1.0000000180025095e-35 1.0000000180025095e-35 1.0000000180025095e-35 1.0000000180025095e-35 1.0000000180025095e-35
decision_type=2 2 2 2 2 2 2
left_child=1 4 3 -2 -1 -3 -4
right_child=2 5 6 -5 -6 -7 -8
leaf_value=-0.030104844862212984 -0.02603049710889041 0.028081475527196711 -0.0030483873925091654 -0.0015020919553544493 0.043513286974976279 0.0061211933828714199 -0.021843157608346216
leaf_weight=70.016295924782753 812.80089135468006 876.87928062677383 217.15485335886478 8033.8503572046757 962.39584355056286 3639.4429639428854 2402.0872730314732
leaf_count=284 3343 3768 876 32288 4311 15191 10164
internal_value=1.82083e-05 0.0156257 -0.0075355 -0.00375837 0.0384963 0.0103902 -0.0202867
internal_weight=17014.6 5548.73 11465.9 8846.65 1032.41 4516.32 2619.24
internal_count=70225 23554 46671 35631 4595 18959 11040
is_linear=0
shrinkage=0.1


Tree=14
num_leaves=8
num_cat=0
split_feature=3 4 0 0 1 1 4
split_gain=174.745 86.4009 68.9951 35.3808 31.0551 11.6494 6.2377
threshold=1.0000000180025095e-35 1.0000000180025095e-35 1.0000000180025095e-35 1.0000000180025095e-35 1.0000000180025095e-35 1.0000000180025095e-35 1.0000000180025095e-35
decision_type=2 2 2 2 2 2 2
left_child=3 2 -2 6 -5 -3 -1
right_child=1 5 -4 4 -6 -7 -8
leaf_value=-0.014827877519493991 -0.024189186368277788 0.00083758226027866387 0.0024994287997761812 0.051082589658138867 0.022924091255983377 -0.020571823329773049 0.031685138009185702
leaf_weight=222.96857690811157 1065.514329329133 278.9261594414711 10555.133543401957 540.82781633734703 1427.8014938831329 2851.6420922279358 32.13977986574173
leaf_count=894 4375 1132 42653 2546 6468 12028 129
internal_value=1.7531e-05 -0.00392235 5.04395e-05 0.0261429 0.0306819 -0.0186646 -0.00886711
internal_weight=16975 14751.2 11620.6 2223.74 1968.63 3130.57 255.108
internal_count=70225 60188 47028 10037 9014 13160 1023
is_linear=0
shrinkage=0.1


Tree=15
num_leaves=8
num_cat=0
split_feature=2 5 5 1 4 0 0
split_gain=144.057 52.0015 47.2083 40.7785 29.801 26.6849 8.62064
threshold=1.0000000180025095e-35 1.0000000180025095e-35 1.0000000180025095e-35 1.0000000180025095e-35 1.0000000180025095e-35 1.0000000180025095e-35 1.0000000180025095e-35
decision_type=2 2 2 2 2 2 2
left_child=1 5 6 -4 -3 -1 -2
right_child=2 4 3 -5 -6 -7 -8
leaf_value=-0.025674454559638876 -0.028972646687410675 0.012198351251550492 0.0088196952766217383 -0.010379699708490382 -0.010223489418337953 0.038201249304369141 0.019691476988853138
leaf_weight=69.600261151790619 37.411359027028084 3789.5218712389469 1253.0243365764618 9400.0856824666262 701.86730341613293 941.83867996931076 744.1245386749506
leaf_count=284 154 16040 5028 38506 2919 4311 2983
internal_value=1.75189e-05 0.0133103 -0.0063801 -0.00812084 0.008693 0.0337847 0.0173279
internal_weight=16937.5 5502.83 11434.6 10653.1 4491.39 1011.44 781.536
internal_count=70225 23554 46671 43534 18959 4595 3137
is_linear=0
shrinkage=0.1


Tree=16
num_leaves=8
num_cat=0
split_feature=3 4 0 0 1 1 4
split_gain=126.194 65.1427 53.9552 27.329 25.7192 7.99683 5.50279
threshold=1.0000000180025095e-35 1.0000000180025095e-35 1.0000000180025095e-35 1.0000000180025095e-35 1.0000000180025095e-35 1.0000000180025095e-35 1.0000000180025095e-35
decision_type=2 2 2 2 2 2 2
left_child=3 2 -2 6 -5 -3 -1
right_child=1 5 -4 4 -6 -7 -8
leaf_value=-0.013932498653619778 -0.021363488092542928 -4.0180851854411937e-06 0.0022946819419101768 0.045345715514542757 0.01940399527117696 -0.017746970537888991 0.02977852055893275
leaf_weight=222.8160392343998 1059.9977569580078 279.01796026527882 10541.991186380386 525.3285696208477 1408.3328455835581 2834.1999329924583 32.101656764745712
leaf_count=894 4375 1132 42653 2546 6468 12028 129
internal_value=1.71371e-05 -0.00331547 0.000131535 0.0224156 0.0264715 -0.0161573 -0.00833314
internal_weight=16903.8 14715.2 11602 2188.58 1933.66 3113.22 254.918
internal_count=70225 60188 47028 10037 9014 13160 1023
is_linear=0
shrinkage=0.1


Tree=17
num_leaves=8
num_cat=0
split_feature=5 2 1 0 0 3 3
split_gain=109.577 63.5471 31.2079 24.5859 22.1647 20.2129 1.04896
threshold=1.0000000180025095e-35 1.0000000180025095e-35 1.0000000180025095e-35 1.0000000180025095e-35 1.0000000180025095e-35 1.0000000180025095e-35 1.0000000180025095e-35
decision_type=2 2 2 2 2 2 2
left_child=3 4 -3 6 -2 -5 -1
right_child=1 2 -4 5 -6 -7 -8
leaf_value=-0.010035772435922363 -0.012951083517580869 0.0078660357386724378 -0.0089337054170729891 0.043591719189585355 0.0097099834050482295 0.019380567321607922 -0.030743426862638413
leaf_weight=40.879937991499901 483.14334870874882 1252.8235484957695 9374.6766153424978 488.80727888643742 3986.2387451529503 1177.733700543642 65.378443017601967
leaf_count=166 1941 5028 38506 2459 17018 4835 272
internal_value=1.68339e-05 -0.00274549 -0.00695271 0.0235286 0.00725796 0.0265037 -0.0229446
internal_weight=16869.7 15096.9 10627.5 1772.8 4469.38 1666.54 106.258
internal_count=70225 62493 43534 7732 18959 7294 438
is_linear=0
shrinkage=0.1


Tree=18
num_leaves=8
num_cat=0
split_feature=3 4 0 1 0 0 1
split_gain=89.472 51.5238 40.2823 21.1838 9.44133 9.25685 5.41455
threshold=1.0000000180025095e-35 1.0000000180025095e-35 1.0000000180025095e-35 1.0000000180025095e-35 1.0000000180025095e-35 1.0000000180025095e-35 1.0000000180025095e-35
decision_type=2 2 2 2 2 2 2
left_child=3 2 -2 5 -5 -1 -3
right_child=1 6 -4 4 -6 -7 -8
leaf_value=-0.0025095958413152465 -0.018339882083281713 -0.00093858234730743659 0.0021533619111906346 -0.0073147955489012055 0.016009350937607459 0.039886461359546266 -0.015546576116279361
leaf_weight=57.144136384129524 1054.2642241567373 278.97935727238655 10531.528204634786 197.71985051035881 1389.0350512862206 510.10418975353241 2817.9588527232409
leaf_count=230 4375 1132 42653 793 6468 2546 12028
internal_value=1.65797e-05 -0.00277593 0.000287131 0.0190441 0.0131002 0.0356186 -0.0142314
internal_weight=16836.7 14682.7 11585.8 2154 1586.75 567.248 3096.94
internal_count=70225 60188 47028 10037 7261 2776 13160
is_linear=0
shrinkage=0.1


Tree=19
num_leaves=8
num_cat=0
split_feature=5 1 2 0 3 0 3
split_gain=84.6944 49.7691 29.7216 18.4122 14.2611 9.65275 0.766825
threshold=1.0000000180025095e-35 1.0000000180025095e-35 1.0000000180025095e-35 1.0000000180025095e-35 1.0000000180025095e-35 1.0000000180025095e-35 1.0000000180025095e-35
decision_type=2 2 2 2 2 2 2
left_child=3 5 -3 6 -5 -2 -1
right_child=1 2 -4 4 -6 -7 -8
leaf_value=-0.0085160165943795399 -0.013030968813590569 0.002996253893838403 -0.0076954327543425037 0.038051939953231924 0.017471325523938028 0.013709390687079659 -0.026261946443010838
leaf_weight=40.803692147135735 144.22308214008808 3600.524099200964 9351.7637728750706 473.33014160394669 1174.8315471112728 1956.1276850700378 64.724561110138893
leaf_count=166 587 15191 38506 2459 4835 8209 272
internal_value=1.58626e-05 -0.00240765 -0.00472332 0.0208074 0.0234013 0.0118679 -0.0195446
internal_weight=16806.3 15052.6 12952.3 1753.69 1648.16 2100.35 105.528
internal_count=70225 62493 53697 7732 7294 8796 438
is_linear=0
shrinkage=0.1


Tree=20
num_leaves=8
num_cat=0
split_feature=5 1 4 0 3 3 3
split_gain=69.0969 40.3767 29.3071 15.0573 12.2009 8.12426 0.631662
threshold=1.0000000180025095e-35 1.0000000180025095e-35 1.0000000180025095e-35 1.0000000180025095e-35 1.0000000180025095e-35 1.0000000180025095e-35 1.0000000180025095e-35
decision_type=2 2 2 2 2 2 2
left_child=3 5 -3 6 -5 -2 -1
right_child=1 2 -4 4 -6 -7 -8
leaf_value=-0.0076933983693281641 0.024260736319642321 -0.0017176914321862349 -0.013180342288194445 0.034927665491824564 0.015761360799454054 0.0078379027927736791 -0.023821320163593791
leaf_weight=40.759358137845993 364.19363871216774 10076.336720377207 2863.7638881504536 464.66323085129261 1172.3080653846264 1732.5218687951565 64.343639150261879
leaf_count=166 1758 41350 12347 2459 4835 7038 272
internal_value=1.53956e-05 -0.00216928 -0.0042553 0.018863 0.0212198 0.0107007 -0.0176983
internal_weight=16778.9 15036.8 12940.1 1742.07 1636.97 2096.72 105.103
internal_count=70225 62493 53697 7732 7294 8796 438
is_linear=0
shrinkage=0.1


Tree=21
num_leaves=8
num_cat=0
split_feature=2 1 5 4 1 0 0
split_gain=57.1854 28.1327 19.4531 16.4613 14.6293 13.7265 2.73854
threshold=1.0000000180025095e-35 1.0000000180025095e-35 1.0000000180025095e-35 1.0000000180025095e-35 1.0000000180025095e-35 1.0000000180025095e-35 1.0000000180025095e-35
decision_type=2 2 2 2 2 2 2
left_child=1 5 6 -3 -4 -1 -2
right_child=2 3 4 -5 -6 -7 -8
leaf_value=-0.013782985270758084 -0.015271332624173437 0.0074277161352525592 0.0050141302033564162 -0.0094644422803298513 -0.0064942039847384146 0.025333628544914867 0.012557856614420089
leaf_weight=97.160305619239807 36.307666793465614 3522.1602906137705 1252.1199511885643 688.95758566260338 9331.7345374822617 1085.8010808229446 741.76078520715237
leaf_count=394 154 15184 5028 2892 38506 5084 2983
internal_value=1.49797e-05 0.00849267 -0.0040102 0.00466249 -0.00513237 0.0221119 0.0112413
internal_weight=16756 5394.08 11361.9 4211.12 10583.9 1182.96 778.068
internal_count=70225 23554 46671 18076 43534 5478 3137
is_linear=0
shrinkage=0.1


Tree=22
num_leaves=8
num_cat=0
split_feature=3 4 0 0 5 5 1
split_gain=50.4046 31.6449 28.3463 11.7329 11.3006 2.00937 0.131314
threshold=1.0000000180025095e-35 1.0000000180025095e-35 1.0000000180025095e-35 1.0000000180025095e-35 1.0000000180025095e-35 1.0000000180025095e-35 1.0000000180025095e-35
decision_type=2 2 2 2 2 2 2
left_child=3 2 -2 6 -5 -3 -1
right_child=1 5 -4 4 -6 -7 -8
leaf_value=-0.0013711231722216238 -0.01535013393959773 -0.00049294772237992149 0.0018930623784307846 0.030949472141570795 0.012775919321017635 -0.011709479926197693 -0.0068412417861770025
leaf_weight=57.071613997220993 1047.4808078557253 169.11180132627487 10508.565948262811 453.53267420828342 1397.7106725424528 2900.6610411256552 197.71623502671719
leaf_count=230 4375 690 42653 2459 6555 12470 793
internal_value=1.42484e-05 -0.00206879 0.000328885 0.0144745 0.0172425 -0.0110919 -0.0056261
internal_weight=16731.9 14625.8 11556 2106.03 1851.24 3069.77 254.788
internal_count=70225 60188 47028 10037 9014 13160 1023
is_linear=0
shrinkage=0.1


Tree=23
num_leaves=8
num_cat=0
split_feature=5 2 4 1 0 3 3
split_gain=44.2665 25.1695 12.3638 11.5151 9.88987 7.73396 0.41346
threshold=1.0000000180025095e-35 1.0000000180025095e-35 1.0000000180025095e-35 1.0000000180025095e-35 1.0000000180025095e-35 1.0000000180025095e-35 1.0000000180025095e-35
decision_type=2 2 2 2 2 2 2
left_child=4 2 -2 -3 6 -6 -1
right_child=1 3 -4 -5 5 -7 -8
leaf_value=-0.006428203581142689 0.0068932895231588152 0.0046217617452327144 -0.0075903640768224551 -0.0055913753345979804 0.028333848576384258 0.012842481011461182 -0.01952067125295024
leaf_weight=40.684422791004181 3724.3629900962114 1251.6176734864712 699.28945191204548 9313.5994313955307 446.34477274119854 1167.4705123901367 63.624878838658333
leaf_count=166 16040 5028 2919 38506 2459 4835 272
internal_value=1.34077e-05 -0.00172967 0.00460252 -0.00438114 0.0152122 0.0171419 -0.0145237
internal_weight=16707 14988.9 4423.65 10565.2 1718.12 1613.82 104.309
internal_count=70225 62493 18959 43534 7732 7294 438
is_linear=0
shrinkage=0.1


Tree=24
num_leaves=8
num_cat=0
split_feature=1 3 4 2 0 0 4
split_gain=37.1491 17.6641 17.1789 12.1634 9.89056 4.78911 3.49127
threshold=1.0000000180025095e-35 1.0000000180025095e-35 1.0000000180025095e-35 1.0000000180025095e-35 1.0000000180025095e-35 1.0000000180025095e-35 1.0000000180025095e-35
decision_type=2 2 2 2 2 2 2
left_child=3 5 -3 4 -1 -2 -5
right_child=1 2 -4 6 -6 -7 -8
leaf_value=-0.011948288512484244 -0.006482089480297608 -0.001298566620520125 -0.010212829349831254 0.0068841614107668595 0.021314881266333827 0.010154337316560548 -0.0068132780094322847
leaf_weight=96.928589463233948 197.69615197181702 9715.0184819251299 2779.7496797144413 1258.4689571559429 1066.694600969553 1352.9307103604078 217.5149395018816
leaf_count=394 793 39518 12028 5064 5084 6468 876
internal_value=1.27875e-05 -0.00203297 -0.00328241 0.010895 0.0185362 0.00803048 0.00486233
internal_weight=16685 14045.4 12494.8 2639.61 1163.62 1550.63 1475.98
internal_count=70225 58807 51546 11418 5478 7261 5940
is_linear=0
shrinkage=0.1


end of trees

feature_importances:
discharge_disposition_id_lt=_10.5=51
number_outpatient_lt=_0.5=30
number_diagnoses_lt=_5.5=27
number_inpatient_lt=_1.5=25
number_emergency_lt=_0.5=23
number_inpatient_lt=_0.5=19

parameters:
[boosting: gbdt]
[objective: binary]
[metric: binary_logloss]
[tree_learner: serial]
[device_type: cpu]
[data_sample_strategy: bagging]
[data: ]
[valid: ]
[num_iterations: 25]
[learning_rate: 0.1]
[num_leaves: 31]
[num_threads: 8]
[seed: 42]
[deterministic: 0]
[force_col_wise: 0]
[force_row_wise: 0]
[histogram_pool_size: -1]
[max_depth: 3]
[min_data_in_leaf: 20]
[min_sum_hessian_in_leaf: 0.001]
[bagging_fraction: 1]
[pos_bagging_fraction: 1]
[neg_bagging_fraction: 1]
[bagging_freq: 0]
[bagging_seed: 400]
[bagging_by_query: 0]
[feature_fraction: 1]
[feature_fraction_bynode: 1]
[feature_fraction_seed: 30056]
[extra_trees: 0]
[extra_seed: 12879]
[early_stopping_round: 0]
[early_stopping_min_delta: 0]
[first_metric_only: 0]
[max_delta_step: 0]
[lambda_l1: 0]
[lambda_l2: 1]
[linear_lambda: 0]
[min_gain_to_split: 0]
[drop_rate: 0.1]
[max_drop: 50]
[skip_drop: 0.5]
[xgboost_dart_mode: 0]
[uniform_drop: 0]
[drop_seed: 17869]
[top_rate: 0.2]
[other_rate: 0.1]
[min_data_per_group: 100]
[max_cat_threshold: 32]
[cat_l2: 10]
[cat_smooth: 10]
[max_cat_to_onehot: 4]
[top_k: 20]
[monotone_constraints: ]
[monotone_constraints_method: basic]
[monotone_penalty: 0]
[feature_contri: ]
[forcedsplits_filename: ]
[refit_decay_rate: 0.9]
[cegb_tradeoff: 1]
[cegb_penalty_split: 0]
[cegb_penalty_feature_lazy: ]
[cegb_penalty_feature_coupled: ]
[path_smooth: 0]
[interaction_constraints: ]
[verbosity: -1]
[saved_feature_importance_type: 0]
[use_quantized_grad: 0]
[num_grad_quant_bins: 4]
[quant_train_renew_leaf: 0]
[stochastic_rounding: 1]
[linear_tree: 0]
[max_bin: 255]
[max_bin_by_feature: ]
[min_data_in_bin: 3]
[bin_construct_sample_cnt: 200000]
[data_random_seed: 175]
[is_enable_sparse: 1]
[enable_bundle: 1]
[use_missing: 1]
[zero_as_missing: 0]
[feature_pre_filter: 1]
[pre_partition: 0]
[two_round: 0]
[header: 0]
[label_column: ]
[weight_column: ]
[group_column: ]
[ignore_column: ]
[categorical_feature: ]
[forcedbins_filename: ]
[precise_float_parser: 0]
[parser_config_file: ]
[objective_seed: 16083]
[num_class: 1]
[is_unbalance: 0]
[scale_pos_weight: 1]
[sigmoid: 1]
[boost_from_average: 1]
[reg_sqrt: 0]
[alpha: 0.9]
[fair_c: 1]
[poisson_max_delta_step: 0.7]
[tweedie_variance_power: 1.5]
[lambdarank_truncation_level: 30]
[lambdarank_norm: 1]
[label_gain: ]
[lambdarank_position_bias_regularization: 0]
[eval_at: ]
[multi_error_top_k: 1]
[auc_mu_weights: ]
[num_machines: 1]
[local_listen_port: 12400]
[time_out: 120]
[machine_list_filename: ]
[machines: ]
[gpu_platform_id: -1]
[gpu_device_id: -1]
[gpu_use_dp: 0]
[num_gpu: 1]

end of parameters

pandas_categorical:[]
