tree
version=v4
num_class=1
num_tree_per_iteration=1
label_index=0
max_feature_idx=11
objective=binary sigmoid:1
feature_names=yr_lt=_0.5 hr_lt=_5.5 hr_lt=_6.5 hr_lt=_21.5 hr_lt=_22.5 temp_lt=_0.3100000023841858 temp_lt=_0.3500000089406967 temp_lt=_0.3700000047683716 temp_lt=_0.4699999988079071 atemp_lt=_0.5985000133514404 atemp_lt=_0.6136500239372253 atemp_lt=_0.3257499933242798
feature_infos=[0:1] [0:1] [0:1] [0:1] [0:1] [0:1] [0:1] [0:1] [0:1] [0:1] [0:1] [0:1]
tree_sizes=893 904 899 898 898 906 909 907 1012 1016 1013 1018 1014 1020 1018 1012 1017 1019 1020 1017 910 1018 1024 910 1025

Tree=0
num_leaves=7
num_cat=0
split_feature=2 7 4 0 1 0
split_gain=4990.34 1452.91 515.783 265.684 29.252 40.8909
threshold=1.0000000180025095e-35 1.0000000180025095e-35 1.0000000180025095e-35 1.0000000180025095e-35 1.0000000180025095e-35 1.0000000180025095e-35
decision_type=2 2 2 2 2 2
left_child=1 2 -1 -3 5 -2
right_child=4 3 -4 -5 -6 -7
leaf_value=-0.10720773748454829 -0.094061561585856407 0.017288904963985791 0.1336016562898662 -0.1051940292676538 -0.19955032351452004 -0.2011031766378146
leaf_weight=93.249594256281853 73.74967910349369 329.24856738746166 1668.7427390366793 381.49834004044533 854.99627977609634 74.249676927924156
leaf_count=373 295 1317 6675 1526 3420 297
internal_value=-0.00417176 0.0721425 0.120806 -0.0485042 -0.192202 -0.148724
internal_weight=3475.73 2472.74 1761.99 710.747 1003 147.999
internal_count=13903 9891 7048 2843 4012 592
is_linear=0
shrinkage=1


Tree=1
num_leaves=7
num_cat=0
split_feature=2 8 0 4 1 0
split_gain=4077.47 1207.63 362.402 317.388 24.4072 34.1902
threshold=1.0000000180025095e-35 1.0000000180025095e-35 1.0000000180025095e-35 1.0000000180025095e-35 1.0000000180025095e-35 1.0000000180025095e-35
decision_type=2 2 2 2 2 2
left_child=1 3 -3 -1 5 -2
right_child=4 2 -4 -5 -6 -7
leaf_value=-0.074770296869321726 -0.081204475046348118 0.04965414378627081 -0.066700729703372916 0.14133226814249858 -0.17768367280609054 -0.17934290771899247
leaf_weight=71.045663729310036 73.587112054228783 513.17080762982368 557.42310070991516 1322.3404442667961 846.54459357261658 73.504318669438362
leaf_count=285 295 2056 2237 5313 3420 297
internal_value=-2.49091e-05 0.0689366 -0.0109337 0.130268 -0.17093 -0.131126
internal_weight=3457.62 2463.98 1070.59 1393.39 993.636 147.091
internal_count=13903 9891 4293 5598 4012 592
is_linear=0
shrinkage=0.1


Tree=2
num_leaves=7
num_cat=0
split_feature=2 6 3 3 1 0
split_gain=3376.94 1031.7 433.015 159.633 21.6239 29.9192
threshold=1.0000000180025095e-35 1.0000000180025095e-35 1.0000000180025095e-35 1.0000000180025095e-35 1.0000000180025095e-35 1.0000000180025095e-35
decision_type=2 2 2 2 2 2
left_child=1 2 -1 -3 5 -2
right_child=4 3 -4 -5 -6 -7
leaf_value=-0.039072606449910674 -0.073607870636330772 -0.17811943894645899 0.11707165532651245 -0.02949684236877332 -0.16425675712759077 -0.16603754109824279
leaf_weight=198.76831850409508 73.186518922448158 82.877953723073006 1633.715339615941 527.1126281619072 825.28937458992004 71.626787513494492
leaf_count=804 295 333 6636 2118 3420 297
internal_value=-5.4982e-05 0.0626384 0.100123 -0.0499483 -0.157803 -0.12015
internal_weight=3412.58 2442.47 1832.48 609.991 970.103 144.813
internal_count=13903 9891 7440 2451 4012 592
is_linear=0
shrinkage=0.1


Tree=3
num_leaves=7
num_cat=0
split_feature=2 8 3 4 1 0
split_gain=2824.15 888.76 299.008 229.56 19.996 27.0402
threshold=1.0000000180025095e-35 1.0000000180025095e-35 1.0000000180025095e-35 1.0000000180025095e-35 1.0000000180025095e-35 1.0000000180025095e-35
decision_type=2 2 2 2 2 2
left_child=1 3 -3 -1 5 -2
right_child=4 2 -4 -5 -6 -7
leaf_value=-0.064177202246539583 -0.066883869763558534 -0.14904555223519925 0.0090904828500603559 0.12056775652482848 -0.15371942308383846 -0.15564159835773117
leaf_weight=70.386661738157272 72.619701400399208 136.26247043907642 926.93219247460365 1280.2770615667105 795.26614844799042 68.971104070544243
leaf_count=285 295 552 3741 5313 3420 297
internal_value=-0.00010134 0.057095 -0.0112978 0.1109 -0.147374 -0.110907
internal_weight=3350.72 2413.86 1063.19 1350.66 936.857 141.591
internal_count=13903 9891 4293 5598 4012 592
is_linear=0
shrinkage=0.1


Tree=4
num_leaves=7
num_cat=0
split_feature=2 5 3 0 1 0
split_gain=2380.99 787.703 369.634 76.9296 19.0649 25
threshold=1.0000000180025095e-35 1.0000000180025095e-35 1.0000000180025095e-35 1.0000000180025095e-35 1.0000000180025095e-35 1.0000000180025095e-35
decision_type=2 2 2 2 2 2
left_child=1 2 -1 -3 5 -2
right_child=4 3 -4 -5 -6 -7
leaf_value=-0.043725443706149475 -0.060876488708894394 -0.023456242538729077 0.094560581801101815 -0.10886583860274941 -0.14522896752875236 -0.14731434607518878
leaf_weight=216.94748362898827 71.941849291324615 191.70859563350677 1733.6359494775534 235.28139309585094 759.4768300652504 65.801598832011223
leaf_count=889 295 769 7276 957 3420 297
internal_value=-0.000143293 0.0522394 0.0791656 -0.0706633 -0.138857 -0.102933
internal_weight=3274.79 2377.57 1950.58 426.99 897.22 137.743
internal_count=13903 9891 8165 1726 4012 592
is_linear=0
shrinkage=0.1


Tree=5
num_leaves=7
num_cat=0
split_feature=2 8 0 4 1 0
split_gain=2018.98 688.328 274.628 169.152 18.5766 23.4817
threshold=1.0000000180025095e-35 1.0000000180025095e-35 1.0000000180025095e-35 1.0000000180025095e-35 1.0000000180025095e-35 1.0000000180025095e-35
decision_type=2 2 2 2 2 2
left_child=1 3 -3 -1 5 -2
right_child=4 2 -4 -5 -6 -7
leaf_value=-0.054395875951702394 -0.055470431041288959 0.040956542055829104 -0.061216979524737959 0.10551334159414756 -0.13823900978739831 -0.14051066799378928
leaf_weight=69.356741532683372 71.195193454623222 505.19200463593006 546.7760366499424 1217.6971237957478 720.16593754291534 62.316531836986542
leaf_count=285 295 2056 2237 5313 3420 297
internal_value=-0.000198592 0.0478459 -0.0121574 0.0968606 -0.131739 -0.0959124
internal_weight=3192.7 2339.02 1051.97 1287.05 853.678 133.512
internal_count=13903 9891 4293 5598 4012 592
is_linear=0
shrinkage=0.1


Tree=6
num_leaves=7
num_cat=0
split_feature=2 11 3 0 1 0
split_gain=1721.67 598.967 277.915 79.9344 18.3796 22.2933
threshold=1.0000000180025095e-35 1.0000000180025095e-35 1.0000000180025095e-35 1.0000000180025095e-35 1.0000000180025095e-35 1.0000000180025095e-35
decision_type=2 2 2 2 2 2
left_child=1 2 -1 -3 5 -2
right_child=4 3 -4 -5 -6 -7
leaf_value=-0.037364258125927821 -0.050578522370063411 -0.007027269800889354 0.086035677623734957 -0.085582224805251794 -0.13237850415608524 -0.1348606763317915
leaf_weight=205.98155504465103 70.411814749240875 236.64493039250374 1567.0284289717674 285.70698088407516 679.01006877422333 58.664396747946739
leaf_count=854 295 952 6899 1186 3420 297
internal_value=-0.000229136 0.0439677 0.0716866 -0.0500753 -0.125669 -0.0896266
internal_weight=3103.45 2295.36 1773.01 522.352 808.086 129.076
internal_count=13903 9891 7753 2138 4012 592
is_linear=0
shrinkage=0.1


Tree=7
num_leaves=7
num_cat=0
split_feature=2 9 0 0 1 0
split_gain=1473.58 559.123 304.195 51.9513 18.3772 21.3136
threshold=1.0000000180025095e-35 1.0000000180025095e-35 1.0000000180025095e-35 1.0000000180025095e-35 1.0000000180025095e-35 1.0000000180025095e-35
decision_type=2 2 2 2 2 2
left_child=1 3 -3 -1 5 -2
right_child=4 2 -4 -5 -6 -7
leaf_value=0.13513472011892075 -0.046133451797760301 0.050707884828508035 -0.039629533788639482 0.082299508720422881 -0.12738579391140517 -0.13010395913260511
leaf_weight=398.11581778526306 69.615833163261414 731.88884894549847 757.56001463532448 363.22163054347038 637.25396990776062 54.955746173858643
leaf_count=1843 295 3121 3247 1680 3420 297
internal_value=-0.000275674 0.0404175 0.00476492 0.110069 -0.120398 -0.0839188
internal_weight=3012.61 2250.79 1489.45 761.337 761.826 124.572
internal_count=13903 9891 6368 3523 4012 592
is_linear=0
shrinkage=0.1


Tree=8
num_leaves=8
num_cat=0
split_feature=2 9 3 4 1 8 10
split_gain=1264.81 481.57 249.478 50.4102 18.5036 21.724 0.163077
threshold=1.0000000180025095e-35 1.0000000180025095e-35 1.0000000180025095e-35 1.0000000180025095e-35 1.0000000180025095e-35 1.0000000180025095e-35 1.0000000180025095e-35
decision_type=2 2 2 2 2 2 2
left_child=1 3 -3 -1 5 -2 -6
right_child=4 2 -4 -5 6 -7 -8
leaf_value=-0.020772985777194261 -0.030827198012827642 -0.098355324026385971 0.020672134053690179 0.10896425024104231 -0.10989078591213704 -0.11678889334519467 -0.12502447318414681
leaf_weight=30.979710593819618 54.050478130578995 203.14607562124729 1280.4429840147495 699.95862823724747 84.319520950317383 66.046611726284027 511.49197006225586
leaf_count=127 266 857 5511 3396 484 326 2936
internal_value=-0.000290231 0.0370686 0.00431857 0.103445 -0.115743 -0.0786753 -0.12307
internal_weight=2930.44 2214.53 1483.59 730.938 715.909 120.097 595.811
internal_count=13903 9891 6368 3523 4012 592 3420
is_linear=0
shrinkage=0.1


Tree=9
num_leaves=8
num_cat=0
split_feature=2 5 0 3 1 0 10
split_gain=1087.94 453.629 259.205 44.9158 19.2254 22.1425 0.258507
threshold=1.0000000180025095e-35 1.0000000180025095e-35 1.0000000180025095e-35 1.0000000180025095e-35 1.0000000180025095e-35 1.0000000180025095e-35 1.0000000180025095e-35
decision_type=2 2 2 2 2 2 2
left_child=1 2 -1 -3 5 -2 -6
right_child=4 3 -4 -5 6 -7 -8
leaf_value=0.094037238965859846 -0.035276021168556188 -0.14337978193615558 0.017309204312415033 -0.046908680943423195 -0.10569479735366223 -0.12388089287823806 -0.12133252255461356
leaf_weight=891.3922930508852 67.338950574398041 55.271368741989136 870.15021781623363 358.16713128983974 79.205665349960327 49.027647972106934 476.19843018054962
leaf_count=4195 295 248 3970 1478 484 297 2936
internal_value=-0.000317589 0.0340448 0.0561672 -0.0601205 -0.111457 -0.0733445 -0.119296
internal_weight=2846.75 2174.98 1761.54 413.439 671.771 116.367 555.404
internal_count=13903 9891 8165 1726 4012 592 3420
is_linear=0
shrinkage=0.1


Tree=10
num_leaves=8
num_cat=0
split_feature=2 8 3 4 1 0 10
split_gain=938.188 402.48 169.201 112.685 19.4544 21.1248 0.365257
threshold=1.0000000180025095e-35 1.0000000180025095e-35 1.0000000180025095e-35 1.0000000180025095e-35 1.0000000180025095e-35 1.0000000180025095e-35 1.0000000180025095e-35
decision_type=2 2 2 2 2 2 2
left_child=1 3 -3 -1 5 -2 -6
right_child=4 2 -4 -5 6 -7 -8
leaf_value=-0.050954099947918691 -0.032154023566937466 -0.12266317671861041 0.001034007615109685 0.080665805392782453 -0.10180472570060815 -0.12068030590044737 -0.11809027519730264
leaf_weight=68.677162751555443 66.625462904572487 125.20474542677402 893.15664093196392 1051.3197779506445 74.302094757556915 45.502838686108589 442.12686622142792
leaf_count=285 295 552 3741 5313 484 297 2936
internal_value=-0.000361902 0.0312149 -0.0142796 0.0725567 -0.107665 -0.0688281 -0.115948
internal_weight=2766.92 2138.36 1018.36 1120 628.557 112.128 516.429
internal_count=13903 9891 4293 5598 4012 592 3420
is_linear=0
shrinkage=0.1


Tree=11
num_leaves=8
num_cat=0
split_feature=2 9 0 0 1 8 10
split_gain=811.309 365.936 224.062 46.8925 19.6988 21.2075 0.480867
threshold=1.0000000180025095e-35 1.0000000180025095e-35 1.0000000180025095e-35 1.0000000180025095e-35 1.0000000180025095e-35 1.0000000180025095e-35 1.0000000180025095e-35
decision_type=2 2 2 2 2 2 2
left_child=1 3 -3 -1 5 -2 -6
right_child=4 2 -4 -5 6 -7 -8
leaf_value=0.11709430586119805 -0.016057923426852718 0.041108518467200116 -0.037753737870222091 0.063180925372447377 -0.098152533901306849 -0.10497158349116026 -0.11521095814247771
leaf_weight=331.99630099534988 49.720564156770706 699.29005470871925 741.00434435904026 322.74016964435577 69.639835894107819 58.350711658596992 409.55937695503235
leaf_count=1843 266 3121 3247 1680 484 326 2936
internal_value=-0.000394439 0.0287308 0.000537329 0.0906556 -0.104168 -0.0645872 -0.112941
internal_weight=2682.3 2095.03 1440.29 654.736 587.27 108.071 479.199
internal_count=13903 9891 6368 3523 4012 592 3420
is_linear=0
shrinkage=0.1


Tree=12
num_leaves=8
num_cat=0
split_feature=2 5 0 3 1 0 10
split_gain=701.74 324.719 199.393 34.0178 20.3783 21.5536 0.603588
threshold=1.0000000180025095e-35 1.0000000180025095e-35 1.0000000180025095e-35 1.0000000180025095e-35 1.0000000180025095e-35 1.0000000180025095e-35 1.0000000180025095e-35
decision_type=2 2 2 2 2 2 2
left_child=1 2 -1 -3 5 -2 -6
right_child=4 3 -4 -5 6 -7 -8
leaf_value=0.081203460049642809 -0.023622696444336271 -0.1302581457093559 0.011793904340672602 -0.042692393888303336 -0.094684273741292319 -0.11661292209985091 -0.11262574968340913
leaf_weight=815.31675992906094 64.463736936450005 50.18901264667511 840.32409510016441 354.25195468962193 65.237387955188751 40.344745650887489 378.67559909820557
leaf_count=4195 295 248 3970 1478 484 297 2936
internal_value=-0.000392654 0.0263822 0.0460029 -0.0538533 -0.100779 -0.060182 -0.110208
internal_weight=2608.8 2060.08 1655.64 404.441 548.721 104.808 443.913
internal_count=13903 9891 8165 1726 4012 592 3420
is_linear=0
shrinkage=0.1


Tree=13
num_leaves=8
num_cat=0
split_feature=2 9 3 4 1 0 10
split_gain=607.923 304.252 169.447 44.3729 20.5584 20.4085 0.732017
threshold=1.0000000180025095e-35 1.0000000180025095e-35 1.0000000180025095e-35 1.0000000180025095e-35 1.0000000180025095e-35 1.0000000180025095e-35 1.0000000180025095e-35
decision_type=2 2 2 2 2 2 2
left_child=1 3 -3 -1 5 -2 -6
right_child=4 2 -4 -5 6 -7 -8
leaf_value=-0.031891460017778872 -0.021483774156991826 -0.088792421129334331 0.012387152729050933 0.089427803043879511 -0.091356993770433367 -0.11429066229460445 -0.11027910129394286
leaf_weight=31.324075326323509 63.922752663493156 190.34150460362434 1225.5081723481417 578.76638668775558 61.103730082511902 37.228319138288498 349.57733845710754
leaf_count=127 295 857 5511 3396 484 297 2936
internal_value=-0.000425107 0.0241841 -0.00126812 0.0831569 -0.0976906 -0.0564255 -0.107693
internal_weight=2537.77 2025.94 1415.85 610.09 511.832 101.151 410.681
internal_count=13903 9891 6368 3523 4012 592 3420
is_linear=0
shrinkage=0.1


Tree=14
num_leaves=8
num_cat=0
split_feature=2 9 0 0 1 8 10
split_gain=527.419 263.406 162.534 42.9104 20.6968 20.59 0.8649
threshold=1.0000000180025095e-35 1.0000000180025095e-35 1.0000000180025095e-35 1.0000000180025095e-35 1.0000000180025095e-35 1.0000000180025095e-35 1.0000000180025095e-35
decision_type=2 2 2 2 2 2 2
left_child=1 3 -3 -1 5 -2 -6
right_child=4 2 -4 -5 6 -7 -8
leaf_value=0.10667551005911219 -0.0040409348444869599 0.034186878568538671 -0.033728764861485142 0.052014290172390058 -0.088136451524304882 -0.095665906165274484 -0.10812548287030313
leaf_weight=283.26604105532169 46.157440423965454 676.05546337366104 733.80338340997696 297.86247155070305 57.240723013877869 51.557693749666214 322.30757921934128
leaf_count=1843 266 3121 3247 1680 484 326 2936
internal_value=-0.000436453 0.0222048 -0.00116071 0.0787959 -0.0947374 -0.0528646 -0.10535
internal_weight=2468.25 1990.99 1409.86 581.129 477.263 97.7151 379.548
internal_count=13903 9891 6368 3523 4012 592 3420
is_linear=0
shrinkage=0.1


Tree=15
num_leaves=8
num_cat=0
split_feature=2 5 3 3 1 0 8
split_gain=457.358 242.89 170.857 26.8509 21.1512 20.4085 1.0184
threshold=1.0000000180025095e-35 1.0000000180025095e-35 1.0000000180025095e-35 1.0000000180025095e-35 1.0000000180025095e-35 1.0000000180025095e-35 1.0000000180025095e-35
decision_type=2 2 2 2 2 2 2
left_child=1 2 -1 -3 5 -2 -6
right_child=4 3 -4 -5 6 -7 -8
leaf_value=-0.04760844696128385 -0.014767498464957896 -0.12113880723404336 0.050822462851388042 -0.039868837491973466 -0.094741821108460952 -0.1114675565632999 -0.1101247687866741
leaf_weight=201.75857727229595 62.038822531700134 45.437878459692001 1361.691248819232 350.82012231647968 165.67731419205666 32.984771601855755 184.83314576745033
leaf_count=889 295 248 7276 1478 1592 297 1828
internal_value=-0.000425998 0.0203754 0.0380979 -0.0494693 -0.0917629 -0.0491455 -0.103144
internal_weight=2405.24 1959.71 1563.45 396.258 445.534 95.0236 350.51
internal_count=13903 9891 8165 1726 4012 592 3420
is_linear=0
shrinkage=0.1


Tree=16
num_leaves=8
num_cat=0
split_feature=2 9 0 0 1 11 10
split_gain=397.018 217.731 136.089 42.5741 21.1344 20.1309 1.20189
threshold=1.0000000180025095e-35 1.0000000180025095e-35 1.0000000180025095e-35 1.0000000180025095e-35 1.0000000180025095e-35 1.0000000180025095e-35 1.0000000180025095e-35
decision_type=2 2 2 2 2 2 2
left_child=1 3 -3 -1 5 -2 -6
right_child=4 2 -4 -5 6 -7 -8
leaf_value=0.10181360022099253 -0.015322834937031404 0.030471717027979933 -0.03223461050427328 0.045383756162059183 -0.081555040022626257 -0.11723204786885758 -0.10428387989158452
leaf_weight=257.88714934885502 65.188431479036808 660.55667260289192 724.81953608989716 282.6165519952774 49.935387074947357 26.815411001443863 273.6130285859108
leaf_count=1843 406 3121 3247 1680 484 186 2936
internal_value=-0.000458808 0.0186789 -0.0023354 0.0724461 -0.0889848 -0.0459664 -0.101038
internal_weight=2341.43 1925.88 1385.38 540.504 415.552 92.0038 323.548
internal_count=13903 9891 6368 3523 4012 592 3420
is_linear=0
shrinkage=0.1


Tree=17
num_leaves=8
num_cat=0
split_feature=2 7 0 3 1 0 8
split_gain=344.458 199.107 112.521 69.4571 21.3666 20.042 1.37663
threshold=1.0000000180025095e-35 1.0000000180025095e-35 1.0000000180025095e-35 1.0000000180025095e-35 1.0000000180025095e-35 1.0000000180025095e-35 1.0000000180025095e-35
decision_type=2 2 2 2 2 2 2
left_child=1 2 -1 -3 5 -2 -6
right_child=4 3 -4 -5 6 -7 -8
leaf_value=0.072358276730102131 -0.0092486538026913152 -0.11930641665123845 0.012193257005848479 -0.016048209316780616 -0.089430032393491149 -0.10909491769746532 -0.10714637828606194
leaf_weight=586.12679360806942 60.455665752291679 72.506250411272049 661.62726786732674 577.16205640137196 142.59486624598503 29.278154611587524 155.95870104432106
leaf_count=3647 295 384 3401 2459 1592 297 1828
internal_value=-0.000444302 0.0171273 0.0404908 -0.027738 -0.0861339 -0.0426696 -0.0990115
internal_weight=2285.71 1897.42 1247.75 649.668 388.287 89.7338 298.554
internal_count=13903 9891 7048 2843 4012 592 3420
is_linear=0
shrinkage=0.1


Tree=18
num_leaves=8
num_cat=0
split_feature=2 9 3 4 1 11 10
split_gain=299.073 175.836 114.975 40.4736 21.1655 18.9785 1.5463
threshold=1.0000000180025095e-35 1.0000000180025095e-35 1.0000000180025095e-35 1.0000000180025095e-35 1.0000000180025095e-35 1.0000000180025095e-35 1.0000000180025095e-35
decision_type=2 2 2 2 2 2 2
left_child=1 3 -3 -1 5 -2 -6
right_child=4 2 -4 -5 6 -7 -8
leaf_value=-0.042856740118419681 -0.010228792014272516 -0.077507679693219964 0.0083150228071785497 0.073386346309394737 -0.075085532640632779 -0.11303793485747944 -0.10083096178472191
leaf_weight=31.342384770512581 62.829915747046471 178.7403731495142 1185.8737999349833 472.73004915565252 43.676319479942322 24.271822482347488 231.80929893255234
leaf_count=127 406 857 5511 3396 484 186 2936
internal_value=-0.000457675 0.0156801 -0.00297476 0.066088 -0.0834421 -0.0398355 -0.0970355
internal_weight=2231.27 1868.69 1364.61 504.072 362.587 87.1017 275.486
internal_count=13903 9891 6368 3523 4012 592 3420
is_linear=0
shrinkage=0.1


Tree=19
num_leaves=8
num_cat=0
split_feature=2 11 3 3 1 0 8
split_gain=259.318 160.341 115.318 30.4666 21.1457 19.4199 1.76767
threshold=1.0000000180025095e-35 1.0000000180025095e-35 1.0000000180025095e-35 1.0000000180025095e-35 1.0000000180025095e-35 1.0000000180025095e-35 1.0000000180025095e-35
decision_type=2 2 2 2 2 2 2
left_child=1 2 -1 -3 5 -2 -6
right_child=4 3 -4 -5 6 -7 -8
leaf_value=-0.040550482926674375 -0.0047120523121665005 -0.1121602571459325 0.043582472021549856 -0.026917312252175942 -0.084179982392585784 -0.10709795072322892 -0.10460183420626722
leaf_weight=188.39722910523415 59.086516007781029 45.59273399412632 1171.6169428452849 435.44741789996624 122.92965364456177 26.05242133140564 131.27608844637871
leaf_count=854 295 283 6899 1855 1592 297 1828
internal_value=-0.000457301 0.0143598 0.0319066 -0.0352125 -0.0806509 -0.0369216 -0.0950947
internal_weight=2180.4 1841.05 1360.01 481.04 339.345 85.1389 254.206
internal_count=13903 9891 7753 2138 4012 592 3420
is_linear=0
shrinkage=0.1


Tree=20
num_leaves=7
num_cat=0
split_feature=1 8 0 3 8 0
split_gain=227.633 160.061 85.3015 70.2255 1.94358 3.9179
threshold=1.0000000180025095e-35 1.0000000180025095e-35 1.0000000180025095e-35 1.0000000180025095e-35 1.0000000180025095e-35 1.0000000180025095e-35
decision_type=2 2 2 2 2 2
left_child=1 2 -1 -3 5 -2
right_child=4 3 -4 -5 -6 -7
leaf_value=0.074130034197061864 -0.061670831161249856 -0.095308797343229848 0.012517019172871572 -0.0076533313784044868 -0.10341483592714538 -0.10132423420384676
leaf_weight=423.82504500448704 58.971810057759285 100.85692113637924 478.06160002946854 892.5350081846118 120.08866709470749 55.59634755551815
leaf_count=3042 821 552 2822 4067 1828 771
internal_value=-0.000475434 0.0110439 0.041521 -0.0166397 -0.0931671 -0.0816236
internal_weight=2129.94 1895.28 901.887 993.392 234.657 114.568
internal_count=13903 10483 5864 4619 3420 1592
is_linear=0
shrinkage=0.1


Tree=21
num_leaves=8
num_cat=0
split_feature=2 0 5 10 1 0 8
split_gain=201.922 133.445 77.4519 73.3439 17.6499 16.9291 2.11589
threshold=1.0000000180025095e-35 1.0000000180025095e-35 1.0000000180025095e-35 1.0000000180025095e-35 1.0000000180025095e-35 1.0000000180025095e-35 1.0000000180025095e-35
decision_type=2 2 2 2 2 2 2
left_child=1 2 -1 -3 5 -2 -6
right_child=4 3 -4 -5 6 -7 -8
leaf_value=0.057986824464056411 -0.0074609610387692234 0.035606254820237299 -0.015462075058179392 -0.028730326675224533 -0.07908056474320109 -0.10572537283838396 -0.10228539727591011
leaf_weight=644.3515919148922 59.598085165023804 233.25108696520329 184.1790693551302 727.1723168939352 106.97744692862034 23.941437229514122 109.81031046807766
leaf_count=4195 295 1545 769 3382 1592 297 1828
internal_value=-0.000470484 0.012279 0.0416605 -0.0130846 -0.0762037 -0.0365399 -0.0912503
internal_weight=2089.28 1788.95 828.531 960.423 300.327 83.5395 216.788
internal_count=13903 9891 4964 4927 4012 592 3420
is_linear=0
shrinkage=0.1


Tree=22
num_leaves=8
num_cat=0
split_feature=1 9 0 0 10 0 8
split_gain=176.265 128.318 78.9795 42.0159 2.31799 2.95972 0.452085
threshold=1.0000000180025095e-35 1.0000000180025095e-35 1.0000000180025095e-35 1.0000000180025095e-35 1.0000000180025095e-35 1.0000000180025095e-35 1.0000000180025095e-35
decision_type=2 2 2 2 2 2 2
left_child=1 3 -3 -1 5 -2 -6
right_child=4 2 -4 -5 6 -7 -8
leaf_value=0.089167883785241014 -0.029327351436386862 0.018929489340882358 -0.028721156319457458 0.027954786826911843 -0.083009735115275207 -0.090532162355490706 -0.10119968984358606
leaf_weight=201.94497521966696 16.841569125652313 667.59808576107025 724.10523527115583 253.67453930526972 66.414306595921516 16.69204019010067 100.38278089463711
leaf_count=1877 239 3382 3501 1723 1108 245 1828
internal_value=-0.000456392 0.00922236 -0.00586603 0.0552222 -0.0893102 -0.0615327 -0.0944948
internal_weight=2047.65 1847.32 1391.7 455.62 200.331 33.5336 166.797
internal_count=13903 10483 6883 3600 3420 484 2936
is_linear=0
shrinkage=0.1


Tree=23
num_leaves=7
num_cat=0
split_feature=2 4 5 0 8 8
split_gain=156.933 108.793 111.625 17.8014 21.8596 8.79029
threshold=1.0000000180025095e-35 1.0000000180025095e-35 1.0000000180025095e-35 1.0000000180025095e-35 1.0000000180025095e-35 1.0000000180025095e-35
decision_type=2 2 2 2 2 2
left_child=1 5 -3 4 -2 -1
right_child=3 2 -4 -5 -6 -7
leaf_value=-0.058571506449987376 -0.012407039433681696 0.030954958318363614 -0.032246752070406809 -0.10213495436716609 -0.087405226293769733 -0.11649649879640496
leaf_weight=66.861454382538795 79.658098787069321 1274.9830863401294 356.93522157520056 111.73943236470222 75.613956987857819 47.40790481120348
leaf_count=285 955 7731 1598 1983 1074 277
internal_value=-0.000432018 0.0104978 0.0171201 -0.0716828 -0.0492551 -0.0834055
internal_weight=2013.2 1746.19 1631.92 267.011 155.272 114.269
internal_count=13903 9891 9329 4012 2029 562
is_linear=0
shrinkage=0.1


Tree=24
num_leaves=8
num_cat=0
split_feature=1 9 0 0 10 0 8
split_gain=139.114 103.255 67.3499 39.7756 2.51477 2.59348 0.572879
threshold=1.0000000180025095e-35 1.0000000180025095e-35 1.0000000180025095e-35 1.0000000180025095e-35 1.0000000180025095e-35 1.0000000180025095e-35 1.0000000180025095e-35
decision_type=2 2 2 2 2 2 2
left_child=1 3 -3 -1 5 -2 -6
right_child=4 2 -4 -5 6 -7 -8
leaf_value=0.085201973352907467 -0.026323166269251186 0.017506109812412393 -0.026821363719601695 0.02379834960961124 -0.079180752796571677 -0.086283967693381938 -0.09916669162262759
leaf_weight=186.03105016052723 16.254374541342258 656.25750130414963 715.39469598978758 244.56019161641598 58.895901516079903 14.128679279237987 84.259164974093437
leaf_count=1877 239 3382 3501 1723 1108 245 1828
internal_value=-0.000448377 0.00780298 -0.00561589 0.0504629 -0.0856949 -0.056067 -0.0915505
internal_weight=1975.78 1802.24 1371.65 430.591 173.538 30.3831 143.155
internal_count=13903 10483 6883 3600 3420 484 2936
is_linear=0
shrinkage=0.1


end of trees

feature_importances:
yr_lt=_0.5=42
hr_lt=_5.5=24
hr_lt=_6.5=22
hr_lt=_21.5=17
temp_lt=_0.4699999988079071=17
atemp_lt=_0.6136500239372253=12
hr_lt=_22.5=9
atemp_lt=_0.5985000133514404=9
temp_lt=_0.3100000023841858=6
atemp_lt=_0.3257499933242798=4
temp_lt=_0.3700000047683716=2
temp_lt=_0.3500000089406967=1

parameters:
[boosting: gbdt]
[objective: binary]
[metric: binary_logloss]
[tree_learner: serial]
[device_type: cpu]
[data_sample_strategy: bagging]
[data: ]
[valid: ]
[num_iterations: 25]
[learning_rate: 0.1]
[num_leaves: 31]
[num_threads: 8]
[seed: 42]
[deterministic: 0]
[force_col_wise: 0]
[force_row_wise: 0]
[histogram_pool_size: -1]
[max_depth: 3]
[min_data_in_leaf: 20]
[min_sum_hessian_in_leaf: 0.001]
[bagging_fraction: 1]
[pos_bagging_fraction: 1]
[neg_bagging_fraction: 1]
[bagging_freq: 0]
[bagging_seed: 400]
[bagging_by_query: 0]
[feature_fraction: 1]
[feature_fraction_bynode: 1]
[feature_fraction_seed: 30056]
[extra_trees: 0]
[extra_seed: 12879]
[early_stopping_round: 0]
[early_stopping_min_delta: 0]
[first_metric_only: 0]
[max_delta_step: 0]
[lambda_l1: 0]
[lambda_l2: 1]
[linear_lambda: 0]
[min_gain_to_split: 0]
[drop_rate: 0.1]
[max_drop: 50]
[skip_drop: 0.5]
[xgboost_dart_mode: 0]
[uniform_drop: 0]
[drop_seed: 17869]
[top_rate: 0.2]
[other_rate: 0.1]
[min_data_per_group: 100]
[max_cat_threshold: 32]
[cat_l2: 10]
[cat_smooth: 10]
[max_cat_to_onehot: 4]
[top_k: 20]
[monotone_constraints: ]
[monotone_constraints_method: basic]
[monotone_penalty: 0]
[feature_contri: ]
[forcedsplits_filename: ]
[refit_decay_rate: 0.9]
[cegb_tradeoff: 1]
[cegb_penalty_split: 0]
[cegb_penalty_feature_lazy: ]
[cegb_penalty_feature_coupled: ]
[path_smooth: 0]
[interaction_constraints: ]
[verbosity: -1]
[saved_feature_importance_type: 0]
[use_quantized_grad: 0]
[num_grad_quant_bins: 4]
[quant_train_renew_leaf: 0]
[stochastic_rounding: 1]
[linear_tree: 0]
[max_bin: 255]
[max_bin_by_feature: ]
[min_data_in_bin: 3]
[bin_construct_sample_cnt: 200000]
[data_random_seed: 175]
[is_enable_sparse: 1]
[enable_bundle: 1]
[use_missing: 1]
[zero_as_missing: 0]
[feature_pre_filter: 1]
[pre_partition: 0]
[two_round: 0]
[header: 0]
[label_column: ]
[weight_column: ]
[group_column: ]
[ignore_column: ]
[categorical_feature: ]
[forcedbins_filename: ]
[precise_float_parser: 0]
[parser_config_file: ]
[objective_seed: 16083]
[num_class: 1]
[is_unbalance: 0]
[scale_pos_weight: 1]
[sigmoid: 1]
[boost_from_average: 1]
[reg_sqrt: 0]
[alpha: 0.9]
[fair_c: 1]
[poisson_max_delta_step: 0.7]
[tweedie_variance_power: 1.5]
[lambdarank_truncation_level: 30]
[lambdarank_norm: 1]
[label_gain: ]
[lambdarank_position_bias_regularization: 0]
[eval_at: ]
[multi_error_top_k: 1]
[auc_mu_weights: ]
[num_machines: 1]
[local_listen_port: 12400]
[time_out: 120]
[machine_list_filename: ]
[machines: ]
[gpu_platform_id: -1]
[gpu_device_id: -1]
[gpu_use_dp: 0]
[num_gpu: 1]

end of parameters

pandas_categorical:[]
