tree
version=v4
num_class=1
num_tree_per_iteration=1
label_index=0
max_feature_idx=24
objective=binary sigmoid:1
feature_names=V4_lt=_0.05223605036735535 V4_lt=_0.7131027281284332 V4_lt=_0.7563397884368896 V4_lt=_0.7563583552837372 V4_lt=_1.5782626867294312 V4_lt=_1.6225031018257141 V4_lt=_1.6730803847312927 V10_lt=_-1.7765860557556152 V10_lt=_-1.7227753400802612 V10_lt=_-1.408359408378601 V12_lt=_-0.24669199436903 V12_lt=_-0.2135860025882721 V14_lt=_-2.7358014583587646 V14_lt=_-2.7159359455108643 V14_lt=_-1.8273465633392334 V14_lt=_-1.812438189983368 V14_lt=_-1.7687879800796509 V14_lt=_-1.5627466440200806 V14_lt=_-1.4205476641654968 V14_lt=_-1.349036455154419 V14_lt=_-0.7452503144741058 V14_lt=_-0.7145193219184875 V14_lt=_-0.6914466023445129 V14_lt=_-0.641162782907486 V4_lt=_0.38157644867897034
feature_infos=[0:1] [0:1] [0:1] [0:1] [0:1] [0:1] [0:1] [0:1] [0:1] [0:1] [0:1] [0:1] [0:1] [0:1] [0:1] [0:1] [0:1] [0:1] [0:1] [0:1] [0:1] [0:1] [0:1] [0:1] [0:1]
tree_sizes=924 1028 1032 1030 1026 1020 1032 1034 1029 1034 1022 1036 1036 1038 1039 1035 1039 1034 1037 1035 1034 1039 1041 1029 1038

Tree=0
num_leaves=8
num_cat=0
split_feature=15 3 11 0 8 9 0
split_gain=263206 9858.31 8341.71 5531.12 1860.98 1189.47 807.536
threshold=1.0000000180025095e-35 1.0000000180025095e-35 1.0000000180025095e-35 1.0000000180025095e-35 1.0000000180025095e-35 1.0000000180025095e-35 1.0000000180025095e-35
decision_type=2 2 2 2 2 2 2
left_child=1 2 -1 4 -2 -5 -3
right_child=3 6 -4 5 -6 -7 -8
leaf_value=-0.14858209793557256 0.12329183972913077 -0.16159625506511177 0.0031741053112292446 -0.14315020164604067 0.19951698289826059 0.091096902934253918 -0.1941716230996185
leaf_weight=8872.25 3516 11309.25 6120.5 574.25 36682 347 23559
leaf_count=35489 14064 45237 24482 2297 146728 1388 94236
internal_value=5.49691e-06 -0.154453 -0.0866345 0.187301 0.192853 -0.0549151 -0.183611
internal_weight=90980.2 49861 14992.8 41119.2 40198 921.25 34868.2
internal_count=363921 199444 59971 164477 160792 3685 139473
is_linear=0
shrinkage=1


Tree=1
num_leaves=8
num_cat=0
split_feature=16 3 11 0 8 9 0
split_gain=215124 8006.45 6663.35 4972.64 1624.08 1020.6 662.155
threshold=1.0000000180025095e-35 1.0000000180025095e-35 1.0000000180025095e-35 1.0000000180025095e-35 1.0000000180025095e-35 1.0000000180025095e-35 1.0000000180025095e-35
decision_type=2 2 2 2 2 2 2
left_child=1 2 -1 4 -2 -5 -3
right_child=3 6 -4 5 -6 -7 -8
leaf_value=-0.13471041799044395 0.11080855604950633 -0.14692738478539524 0.0014789578593552071 -0.13251883320236421 0.18140941879159883 0.079832681061133601 -0.17657244892415974
leaf_weight=8807.5504899024963 3585.6521100699902 11206.679935455322 6066.9848119020462 611.4387816041708 36334.850433140993 358.16868513822556 23286.320474267006
leaf_count=35425 14397 45120 24268 2459 146790 1436 94026
internal_value=4.07101e-06 -0.140499 -0.0791655 0.169636 0.175071 -0.0540757 -0.166945
internal_weight=90257.6 49367.5 14874.5 40890.1 39920.5 969.607 34493
internal_count=363921 198839 59693 165082 161187 3895 139146
is_linear=0
shrinkage=0.1


Tree=2
num_leaves=8
num_cat=0
split_feature=15 4 0 22 10 8 9
split_gain=178465 7227.24 3796.47 3035.5 2442.51 1392.58 795.195
threshold=1.0000000180025095e-35 1.0000000180025095e-35 1.0000000180025095e-35 1.0000000180025095e-35 1.0000000180025095e-35 1.0000000180025095e-35 1.0000000180025095e-35
decision_type=2 2 2 2 2 2 2
left_child=1 4 5 -3 -1 -2 -4
right_child=2 3 6 -5 -6 -7 -8
leaf_value=-0.095943896405357817 0.1013656149089073 -0.15532614743984099 -0.11801936208219564 -0.083601006058893645 0.029106049614146385 0.16781783248268814 0.074630407774094479
leaf_weight=2890.970463603735 3468.2647898197174 35252.575438022614 563.47688421607018 7091.3275357186794 3395.5577794462442 35382.848165512085 344.47773110866547
leaf_count=11790 14064 144975 2297 29096 13583 146728 1388
internal_value=1.73604e-05 -0.128463 0.157164 -0.143317 -0.0284065 0.161888 -0.0449264
internal_weight=88389.5 48630.4 39759.1 42343.9 6286.53 38851.1 907.955
internal_count=363921 199444 164477 174071 25373 160792 3685
is_linear=0
shrinkage=0.1


Tree=3
num_leaves=8
num_cat=0
split_feature=16 3 23 0 8 9 0
split_gain=149647 6493.01 6116.83 3559.74 1337.53 699.483 643.661
threshold=1.0000000180025095e-35 1.0000000180025095e-35 1.0000000180025095e-35 1.0000000180025095e-35 1.0000000180025095e-35 1.0000000180025095e-35 1.0000000180025095e-35
decision_type=2 2 2 2 2 2 2
left_child=1 2 -1 4 -2 -5 -3
right_child=3 6 -4 5 -6 -7 -8
leaf_value=-0.098872511835737156 0.092288054863810975 -0.12374078823473987 0.055533285297770733 -0.11173328342821716 0.15723609088113952 0.065853104834189616 -0.15366854349589401
leaf_weight=11217.900365740061 3501.7857300341129 10719.718472987413 3325.6537064015865 591.40385636687279 34068.874442458153 353.7043496966362 22011.314800277352
leaf_count=46169 14397 45120 13524 2459 146790 1436 94026
internal_value=4.37684e-05 -0.119167 -0.0635634 0.146363 0.151185 -0.0452727 -0.143871
internal_weight=85790.4 47274.6 14543.6 38515.8 37570.7 945.108 32731
internal_count=363921 198839 59693 165082 161187 3895 139146
is_linear=0
shrinkage=0.1


Tree=4
num_leaves=8
num_cat=0
split_feature=17 3 0 11 7 9 0
split_gain=126569 5336.87 4582.55 4410.96 1487.82 692.19 522.47
threshold=1.0000000180025095e-35 1.0000000180025095e-35 1.0000000180025095e-35 1.0000000180025095e-35 1.0000000180025095e-35 1.0000000180025095e-35 1.0000000180025095e-35
decision_type=2 2 2 2 2 2 2
left_child=1 3 4 -1 -2 -4 -3
right_child=2 6 5 -5 -6 -7 -8
leaf_value=-0.10875804816009074 0.083931510838288315 -0.11755081010728097 -0.11201078697345068 0.005122810268039478 0.14885886378738905 0.050499435955520117 -0.14519575972502341
leaf_weight=8240.938345015049 3964.8244324922562 10234.575743585825 790.81281550228596 5790.7937637865543 32464.943642139435 391.06889547407627 20806.393405333161
leaf_count=34993 16572 44451 3396 23290 146694 1613 92912
internal_value=6.96184e-05 -0.11295 0.135508 -0.0617632 0.141795 -0.0582411 -0.136085
internal_weight=82684.4 45072.7 37611.6 14031.7 36429.8 1181.88 31041
internal_count=363921 195646 168275 58283 163266 5009 137363
is_linear=0
shrinkage=0.1


Tree=5
num_leaves=8
num_cat=0
split_feature=15 3 21 8 6 0 0
split_gain=107781 5442 5048.01 2649.41 2881.2 617.938 117.18
threshold=1.0000000180025095e-35 1.0000000180025095e-35 1.0000000180025095e-35 1.0000000180025095e-35 1.0000000180025095e-35 1.0000000180025095e-35 1.0000000180025095e-35
decision_type=2 2 2 2 2 2 2
left_child=1 2 -1 4 -2 -3 -5
right_child=3 5 -4 6 -6 -7 -8
leaf_value=-0.083876210540484872 0.13172097740590308 -0.10717882209669929 0.0602891537016245 0.14196021011215013 -0.040406266988613389 -0.13758705774998917 0.069429039284038013
leaf_weight=11111.095982730389 2158.5979800224304 10060.149797603488 3107.4331908971071 30721.270418763161 1768.4151230454445 20058.314447462559 227.22781245410442
leaf_count=47292 9212 45237 12679 146728 7598 94236 939
internal_value=9.18349e-05 -0.103362 -0.0523671 0.131612 0.054218 -0.127434 0.14143
internal_weight=79212.5 44337 14218.5 34875.5 3927.01 30118.5 30948.5
internal_count=363921 199444 59971 164477 16810 139473 147667
is_linear=0
shrinkage=0.1


Tree=6
num_leaves=8
num_cat=0
split_feature=18 24 3 11 8 9 0
split_gain=92371.2 4774.87 4171.27 3543.27 1262.82 886.155 410.506
threshold=1.0000000180025095e-35 1.0000000180025095e-35 1.0000000180025095e-35 1.0000000180025095e-35 1.0000000180025095e-35 1.0000000180025095e-35 1.0000000180025095e-35
decision_type=2 2 2 2 2 2 2
left_child=2 4 3 -1 -2 -3 -4
right_child=1 5 6 -5 -6 -7 -8
leaf_value=-0.099053701587161896 0.076195717718858913 -0.092009758010045711 -0.10615890265629245 0.0055651414981595327 0.13651383564868574 0.056130772321064129 -0.13194335875775545
leaf_weight=7715.8045607358217 3950.8113323003054 1140.2869643270969 9331.3576368540525 5576.7181341201067 28835.177342578769 624.05552184581757 18447.7376229316
leaf_count=34465 17054 5192 43679 22563 146336 2779 91853
internal_value=0.000125426 0.120624 -0.101241 -0.055165 0.129248 -0.0396097 -0.123286
internal_weight=75621.9 34550.3 41071.6 13292.5 32786 1764.34 27779.1
internal_count=363921 171361 192560 57028 163390 7971 135532
is_linear=0
shrinkage=0.1


Tree=7
num_leaves=8
num_cat=0
split_feature=14 5 23 7 6 10 12
split_gain=79287.9 4859.52 2538.26 2331.99 2352.06 1302.91 101.974
threshold=1.0000000180025095e-35 1.0000000180025095e-35 1.0000000180025095e-35 1.0000000180025095e-35 1.0000000180025095e-35 1.0000000180025095e-35 1.0000000180025095e-35
decision_type=2 2 2 2 2 2 2
left_child=1 5 -3 4 -2 -1 -5
right_child=3 2 -4 6 -6 -7 -8
leaf_value=-0.060761634801106225 0.11923302197354005 -0.11830707815188819 -0.050134894966822489 0.076203683000551428 -0.039112179246057317 0.034908526106868724 0.13177923873014477
leaf_weight=2503.5350896716118 2062.8285023868084 28373.288698151708 6766.1471282839775 338.97138370573521 1719.0730183422565 3297.0744718313217 26855.5005607903
leaf_count=11304 9399 143096 31995 1733 7515 13288 145591
internal_value=0.000147931 -0.0911847 -0.105182 0.120857 0.0472655 -0.00638594 0.131089
internal_weight=71916.4 40940 35139.4 30976.4 3781.9 5800.61 27194.5
internal_count=363921 199683 175091 164238 16914 24592 147324
is_linear=0
shrinkage=0.1


Tree=8
num_leaves=8
num_cat=0
split_feature=18 0 3 23 7 0 9
split_gain=68490.2 3907.8 3844.69 2851.85 1459.85 472.852 453.83
threshold=1.0000000180025095e-35 1.0000000180025095e-35 1.0000000180025095e-35 1.0000000180025095e-35 1.0000000180025095e-35 1.0000000180025095e-35 1.0000000180025095e-35
decision_type=2 2 2 2 2 2 2
left_child=2 4 3 -1 -2 -4 -3
right_child=1 6 5 -5 -6 -7 -8
leaf_value=-0.069519244369479524 0.063366804415351904 -0.098761309846772394 -0.093857282797256081 0.047586850748606815 0.12765922366947055 -0.12294028673853155 0.029038945681691981
leaf_weight=10121.034277573228 4109.6592063754797 889.97106085717678 8514.9491553157568 2616.4907397627831 25249.544132575393 16401.070953309536 403.23840321600437
leaf_count=46169 18441 4322 43679 10859 146852 91853 1746
internal_value=0.000187568 0.111168 -0.0901585 -0.0454619 0.118662 -0.113005 -0.05892
internal_weight=68306 30652.4 37653.5 12737.5 29359.2 24916 1293.21
internal_count=363921 171361 192560 57028 165293 135532 6068
is_linear=0
shrinkage=0.1


Tree=9
num_leaves=8
num_cat=0
split_feature=18 6 3 11 7 0 12
split_gain=59062.7 3646.31 3638.22 2790.4 2392.89 485.416 55.1974
threshold=1.0000000180025095e-35 1.0000000180025095e-35 1.0000000180025095e-35 1.0000000180025095e-35 1.0000000180025095e-35 1.0000000180025095e-35 1.0000000180025095e-35
decision_type=2 2 2 2 2 2 2
left_child=2 6 3 -1 -3 -4 -2
right_child=1 4 5 -5 -6 -7 -8
leaf_value=-0.083398846091685186 0.10197322163926772 -0.032032182932687024 -0.08863710731374691 0.011688913779907342 0.10918459804151762 -0.11889772674790784 0.12433061959273169
leaf_weight=7029.0603162199259 1193.4577874541283 2799.4687984287739 8134.8725053668022 5500.7217733561993 2098.6029705703259 15318.754619419575 22657.132491454482
leaf_count=34465 5745 12656 43679 22563 12620 91853 140340
internal_value=0.000213609 0.107077 -0.085165 -0.0416566 0.0284828 -0.108406 0.123216
internal_weight=64732.1 28748.7 35983.4 12529.8 4898.07 23453.6 23850.6
internal_count=363921 171361 192560 57028 25276 135532 146085
is_linear=0
shrinkage=0.1


Tree=10
num_leaves=8
num_cat=0
split_feature=14 24 23 7 6 0 0
split_gain=51103.3 4020.81 3993.5 2115.56 1650.44 257.54 117.628
threshold=1.0000000180025095e-35 1.0000000180025095e-35 1.0000000180025095e-35 1.0000000180025095e-35 1.0000000180025095e-35 1.0000000180025095e-35 1.0000000180025095e-35
decision_type=2 2 2 2 2 2 2
left_child=1 2 -1 4 -2 -3 -5
right_child=3 5 -4 6 -6 -7 -8
leaf_value=-0.069210863602315167 0.1028912884528711 -0.08589196783544914 0.042525787036362749 0.12124380361636339 -0.034245032120950189 -0.11468792817544432 0.043411981921696374
leaf_weight=12944.112339481711 1823.2409952580929 3956.2074800878763 4247.5863223075867 21633.966653883457 1690.4551294893026 14748.08803024888 197.3768739849329
leaf_count=64672 9399 22166 18497 146423 7515 94348 901
internal_value=0.000241493 -0.0765162 -0.041603 0.108952 0.0369234 -0.108602 0.120542
internal_weight=61241 35896 17191.7 25345 3513.7 18704.3 21831.3
internal_count=363921 199683 83169 164238 16914 116514 147324
is_linear=0
shrinkage=0.1


Tree=11
num_leaves=8
num_cat=0
split_feature=18 3 7 11 6 0 0
split_gain=44302.5 3329.64 3203.49 2410.98 1813.8 489.124 212.16
threshold=1.0000000180025095e-35 1.0000000180025095e-35 1.0000000180025095e-35 1.0000000180025095e-35 1.0000000180025095e-35 1.0000000180025095e-35 1.0000000180025095e-35
decision_type=2 2 2 2 2 2 2
left_child=1 3 4 -1 -2 -3 -4
right_child=2 5 6 -5 -6 -7 -8
leaf_value=-0.075093366639965312 0.097816448278935333 -0.080060697259520641 0.11867341388956781 0.014732082193593544 -0.025800613031193406 -0.11206735855735568 0.019465611514641795
leaf_weight=6604.9699041545391 2074.1059084534645 7479.7232164740562 20074.842225000262 5455.5188502371311 2772.4619603455067 13273.556259870529 218.33721527457237
leaf_count=34465 10843 43679 146852 22563 12656 91853 1010
internal_value=0.000274797 -0.0762533 0.100163 -0.0344633 0.027111 -0.100536 0.117607
internal_weight=57953.5 32813.8 25139.7 12060.5 4846.57 20753.3 20293.2
internal_count=363921 192560 171361 57028 23499 135532 147862
is_linear=0
shrinkage=0.1


Tree=12
num_leaves=8
num_cat=0
split_feature=14 24 11 7 6 0 12
split_gain=38460.6 3614.57 3352.31 2006.35 1222.93 276.523 131.947
threshold=1.0000000180025095e-35 1.0000000180025095e-35 1.0000000180025095e-35 1.0000000180025095e-35 1.0000000180025095e-35 1.0000000180025095e-35 1.0000000180025095e-35
decision_type=2 2 2 2 2 2 2
left_child=1 2 -1 4 -2 -3 -5
right_child=3 5 -4 6 -6 -7 -8
leaf_value=-0.073392623490357939 0.092828160437830209 -0.076977155932790184 0.018110632637293286 0.044824390181219941 -0.028140629714648459 -0.10838959648036124 0.11661891420089965
leaf_weight=9567.3177431672812 1645.8305375427008 3606.6236465126276 6884.0431725531816 261.2772851139307 1696.0350726544857 12766.342217072845 18339.197099164128
leaf_count=52937 9399 22166 30232 1733 7515 94348 145591
internal_value=0.000302802 -0.0682127 -0.0351045 0.102796 0.0314451 -0.101475 0.115613
internal_weight=54766.7 32824.3 16451.4 21942.3 3341.87 16373 18600.5
internal_count=363921 199683 83169 164238 16914 116514 147324
is_linear=0
shrinkage=0.1


Tree=13
num_leaves=8
num_cat=0
split_feature=18 1 7 23 6 0 24
split_gain=33594.9 2942.78 2836.48 2014.23 1310.97 474.592 220.382
threshold=1.0000000180025095e-35 1.0000000180025095e-35 1.0000000180025095e-35 1.0000000180025095e-35 1.0000000180025095e-35 1.0000000180025095e-35 1.0000000180025095e-35
decision_type=2 2 2 2 2 2 2
left_child=1 3 4 -1 -2 -3 -4
right_child=2 5 6 -5 -6 -7 -8
leaf_value=-0.051689577368263767 0.088966102410687295 -0.072622264380381288 0.11473549901212265 0.04786889567398514 -0.019201190927732814 -0.10636577723703762 0.030217954450280332
leaf_weight=9313.0395322144032 1895.2721104770899 6579.3206978142262 16923.557077184319 2598.3839507102966 2738.077129483223 11427.321224540472 315.10812589526176
leaf_count=47776 10843 41821 146025 11110 12656 91853 1837
internal_value=0.000329031 -0.0685339 0.0945233 -0.0299695 0.0250543 -0.0940412 0.113192
internal_weight=51790.1 29918.1 21872 11911.4 4633.35 18006.6 17238.7
internal_count=363921 192560 171361 58886 23499 133674 147862
is_linear=0
shrinkage=0.1


Tree=14
num_leaves=8
num_cat=0
split_feature=8 22 0 4 0 12 10
split_gain=29242.8 4893.55 2345.67 1682.48 1153.68 200.088 117.079
threshold=1.0000000180025095e-35 1.0000000180025095e-35 1.0000000180025095e-35 1.0000000180025095e-35 1.0000000180025095e-35 1.0000000180025095e-35 1.0000000180025095e-35
decision_type=2 2 2 2 2 2 2
left_child=1 3 -3 -1 6 -6 -2
right_child=4 2 -4 -5 5 -7 -8
leaf_value=-0.019702944581961451 0.045745099301794115 0.037007245015306819 -0.077518068687281227 -0.091533854493047018 -0.066783912797122452 0.085447667078122166 0.11423386479300819
leaf_weight=3925.3665926605463 255.42220655083656 6775.9888323545456 2428.5412194430828 19278.797098010778 427.23829358071089 107.23179587721825 15799.233994007111
leaf_count=18694 2039 33313 16999 142312 3258 536 146770
internal_value=0.000360209 -0.0549111 0.00678552 -0.0793838 0.108336 -0.0361389 0.113147
internal_weight=48997.8 32408.7 9204.53 23204.2 16589.1 534.47 16054.7
internal_count=363921 211318 50312 161006 152603 3794 148809
is_linear=0
shrinkage=0.1


Tree=15
num_leaves=8
num_cat=0
split_feature=8 23 0 4 0 12 10
split_gain=25595.4 4301.52 2149.47 1560.63 1050.89 168.699 122.344
threshold=1.0000000180025095e-35 1.0000000180025095e-35 1.0000000180025095e-35 1.0000000180025095e-35 1.0000000180025095e-35 1.0000000180025095e-35 1.0000000180025095e-35
decision_type=2 2 2 2 2 2 2
left_child=1 3 -3 -1 6 -6 -2
right_child=4 2 -4 -5 5 -7 -8
leaf_value=-0.01823805978784741 0.041930426285277246 0.032655687127311206 -0.075688096505404423 -0.088711034141994966 -0.062229200842697466 0.080222209899585284 0.11254920195490277
leaf_weight=3816.326085999608 251.1201061680913 7029.7349908649921 2475.0247595831752 17808.292743422091 413.47254905849695 103.07996585965157 14498.776816576719
leaf_count=18321 2039 34741 18434 139822 3258 536 146770
internal_value=0.000382645 -0.0516317 0.00443814 -0.0762753 0.10644 -0.0337024 0.11135
internal_weight=46395.8 31129.4 9504.76 21624.6 15266.4 516.553 14749.9
internal_count=363921 211318 53175 158143 152603 3794 148809
is_linear=0
shrinkage=0.1


Tree=16
num_leaves=8
num_cat=0
split_feature=9 0 11 24 17 7 20
split_gain=22448.4 3441.35 3004.24 1496.44 225.304 158.578 121.018
threshold=1.0000000180025095e-35 1.0000000180025095e-35 1.0000000180025095e-35 1.0000000180025095e-35 1.0000000180025095e-35 1.0000000180025095e-35 1.0000000180025095e-35
decision_type=2 2 2 2 2 2 2
left_child=1 2 -1 5 -5 -2 -3
right_child=3 6 -4 4 -6 -7 -8
leaf_value=-0.060064157623647918 0.055948947250912678 -0.10647123945390216 0.019670574280152005 -0.049734702639415367 0.040542900952020039 0.11053783416771241 -0.077758146401712996
leaf_weight=11468.53073951602 557.47139207273722 7563.6444808617234 8035.6899268478155 648.79586277902126 480.18648403137922 13375.691146418452 1839.3292348533869
leaf_count=73735 3021 76119 40437 6062 2633 147478 14436
internal_value=0.000403194 -0.0511737 -0.0272143 0.0993861 -0.0113353 0.108358 -0.100863
internal_weight=43969.3 28907.2 19504.2 15062.1 1128.98 13933.2 9402.97
internal_count=363921 204727 114172 159194 8695 150499 90555
is_linear=0
shrinkage=0.1


Tree=17
num_leaves=8
num_cat=0
split_feature=12 23 6 0 10 6 7
split_gain=19645.2 3138.46 1798.04 1594.25 676.414 1005.57 183.013
threshold=1.0000000180025095e-35 1.0000000180025095e-35 1.0000000180025095e-35 1.0000000180025095e-35 1.0000000180025095e-35 1.0000000180025095e-35 1.0000000180025095e-35
decision_type=2 2 2 2 2 2 2
left_child=1 2 -1 -3 5 -2 -6
right_child=4 3 -4 -5 6 -7 -8
leaf_value=-0.0047143923619276957 0.086355465147805677 0.032170140428005006 -0.081792042335440601 -0.065230398086336142 0.064327400834413531 -0.22372439770321462 0.108994494256552
leaf_weight=3708.3174001723528 313.80529893189669 6060.9229060262442 16462.958568237722 2324.0323052182794 1000.466372013092 155.62079200148582 11757.918038733304
leaf_count=17887 2632 29605 143719 18976 6320 706 144076
internal_value=0.000418008 -0.0462495 -0.0676229 0.00516937 0.10116 -0.0166971 0.105497
internal_weight=41784 28556.2 20171.3 8384.96 13227.8 469.426 12758.4
internal_count=363921 210187 161606 48581 153734 3338 150396
is_linear=0
shrinkage=0.1


Tree=18
num_leaves=8
num_cat=0
split_feature=9 0 11 1 16 20 7
split_gain=17390.3 3114.84 2438.09 1242.89 267.592 138.051 135.306
threshold=1.0000000180025095e-35 1.0000000180025095e-35 1.0000000180025095e-35 1.0000000180025095e-35 1.0000000180025095e-35 1.0000000180025095e-35 1.0000000180025095e-35
decision_type=2 2 2 2 2 2 2
left_child=1 2 -1 6 -5 -3 -2
right_child=3 5 -4 4 -6 -7 -8
leaf_value=-0.05370263722092844 0.052802816635017513 -0.10333207911754237 0.01941740196525767 -0.042090069875563081 0.050723093872314544 -0.070971731600306315 0.10858840334770591
leaf_weight=10777.973191842437 455.39549428224564 6517.0125492587686 7903.2736993283033 663.67693077772856 582.19672986119986 1665.6025515496731 11131.705850891769
leaf_count=73735 2625 76119 40437 6462 3916 14436 146191
internal_value=0.000438479 -0.0453075 -0.0227691 0.0961968 0.00128742 -0.0967545 0.106401
internal_weight=39696.8 26863.9 18681.2 12833 1245.87 8182.62 11587.1
internal_count=363921 204727 114172 159194 10378 90555 148816
is_linear=0
shrinkage=0.1


Tree=19
num_leaves=8
num_cat=0
split_feature=8 23 0 4 1 12 10
split_gain=15196.1 3184.12 1297.31 1169.73 820.525 283.404 48.8949
threshold=1.0000000180025095e-35 1.0000000180025095e-35 1.0000000180025095e-35 1.0000000180025095e-35 1.0000000180025095e-35 1.0000000180025095e-35 1.0000000180025095e-35
decision_type=2 2 2 2 2 2 2
left_child=1 3 -3 -1 6 -6 -2
right_child=4 2 -4 -5 5 -7 -8
leaf_value=-0.013881523802721445 0.054714337340346544 0.029770667763790188 -0.061139188434980687 -0.076988118528450417 -0.056389250659064721 0.079296696100421254 0.10807859400903347
leaf_weight=3695.7680478990078 177.85813240706921 6879.7340917438269 2032.6798053458333 14318.835827291012 425.5748451128602 239.85404199361801 10042.07795779407
leaf_count=18321 1791 34741 18434 139822 3650 2448 144714
internal_value=0.00044971 -0.0398569 0.00903206 -0.064043 0.10015 -0.00743561 0.107155
internal_weight=37812.4 26927 8912.41 18014.6 10885.4 665.429 10219.9
internal_count=363921 211318 53175 158143 152603 6098 146505
is_linear=0
shrinkage=0.1


Tree=20
num_leaves=8
num_cat=0
split_feature=9 0 11 1 16 20 7
split_gain=13377.4 2806.41 2001.94 1038.73 191.872 155.284 147.78
threshold=1.0000000180025095e-35 1.0000000180025095e-35 1.0000000180025095e-35 1.0000000180025095e-35 1.0000000180025095e-35 1.0000000180025095e-35 1.0000000180025095e-35
decision_type=2 2 2 2 2 2 2
left_child=1 2 -1 6 -5 -3 -2
right_child=3 5 -4 4 -6 -7 -8
leaf_value=-0.047884264128411895 0.046729207451204957 -0.10047720815015609 0.01948351730920253 -0.034695572282935461 0.046289545395501355 -0.064289199960869139 0.10622218754757957
leaf_weight=10168.955412529409 439.4526796117425 5618.7245896309614 7789.0905702710152 613.57106018811464 557.338189676404 1512.4475028961897 9308.2869262211025
leaf_count=73735 2625 76119 40437 6462 3916 14436 146191
internal_value=0.000466611 -0.0397428 -0.0186648 0.0928562 0.00385894 -0.0928122 0.103545
internal_weight=36007.9 25089.2 17958 10918.6 1170.91 7131.17 9747.74
internal_count=363921 204727 114172 159194 10378 90555 148816
is_linear=0
shrinkage=0.1


Tree=21
num_leaves=8
num_cat=0
split_feature=8 23 0 0 1 12 10
split_gain=11688.1 2703.05 1038.51 992.433 738.612 225.903 64.1964
threshold=1.0000000180025095e-35 1.0000000180025095e-35 1.0000000180025095e-35 1.0000000180025095e-35 1.0000000180025095e-35 1.0000000180025095e-35 1.0000000180025095e-35
decision_type=2 2 2 2 2 2 2
left_child=1 2 -1 -3 6 -6 -2
right_child=4 3 -4 -5 5 -7 -8
leaf_value=-0.041551711456769079 0.042682401779888759 0.028227806808628405 -0.095704015617681146 -0.054242386155475997 -0.052002138012023573 0.073904261107567121 0.10607327965045391
leaf_weight=11433.419849634171 164.70557579398155 6816.3515100926161 5131.8186786174774 1855.573788434267 405.27379094064236 218.50146905332804 8377.1633521914482
leaf_count=82450 1791 34741 75693 18434 3650 2448 144714
internal_value=0.000472325 -0.0346545 -0.0583326 0.010577 0.0971857 -0.00785084 0.104856
internal_weight=34402.8 25237.2 16565.2 8671.93 9165.64 623.775 8541.87
internal_count=363921 211318 158143 53175 152603 6098 146505
is_linear=0
shrinkage=0.1


Tree=22
num_leaves=8
num_cat=0
split_feature=9 0 11 1 20 7 17
split_gain=10303.6 2413.32 1679.27 866.319 166.684 160.038 135.936
threshold=1.0000000180025095e-35 1.0000000180025095e-35 1.0000000180025095e-35 1.0000000180025095e-35 1.0000000180025095e-35 1.0000000180025095e-35 1.0000000180025095e-35
decision_type=2 2 2 2 2 2 2
left_child=1 2 -1 5 -3 -2 -5
right_child=3 4 -4 6 -6 -7 -8
leaf_value=-0.043303715807318108 0.040944115289006072 -0.097449144129206203 0.019165997053677483 -0.030007611519751017 -0.057925647374559068 0.10408459624944089 0.040165631082039591
leaf_weight=9730.5150057151914 425.12484906613827 4759.9524675682187 7713.3843282312155 530.51668776571751 1382.6320515945554 7771.4309295415878 573.38397318869829
leaf_count=73735 2625 76119 40437 6255 14436 146191 4123
internal_value=0.000483556 -0.0346648 -0.0156812 0.0896159 -0.0885637 0.100815 0.00644488
internal_weight=32886.9 23586.5 17443.9 9300.46 6142.58 8196.56 1103.9
internal_count=363921 204727 114172 159194 90555 148816 10378
is_linear=0
shrinkage=0.1


Tree=23
num_leaves=8
num_cat=0
split_feature=12 23 4 10 6 7 8
split_gain=9030.06 1925.33 1172.03 720.68 681.07 1035.91 22.3768
threshold=1.0000000180025095e-35 1.0000000180025095e-35 1.0000000180025095e-35 1.0000000180025095e-35 1.0000000180025095e-35 1.0000000180025095e-35 1.0000000180025095e-35
decision_type=2 2 2 2 2 2 2
left_child=1 2 -1 -3 6 -6 -2
right_child=4 3 -4 -5 5 -7 -8
leaf_value=-0.0021956273919439238 0.086705378664791277 -0.015775391748662181 -0.06618698054352444 0.046398289024681877 -0.12329032293860334 0.090090190281129467 0.10447066305376956
leaf_weight=3757.3143868744373 840.99878403544426 4471.3875280246139 12013.70021706447 3196.1818843185902 353.2735934779048 634.91842396557331 6262.3050083518028
leaf_count=19165 6244 27919 142441 20662 1684 11710 134096
internal_value=0.000484299 -0.0309595 -0.0509427 0.010144 0.09156 0.0137602 0.10238
internal_weight=31530.1 23438.6 15771 7667.57 8091.5 988.192 7103.3
internal_count=363921 210187 161606 48581 153734 13394 140340
is_linear=0
shrinkage=0.1


Tree=24
num_leaves=8
num_cat=0
split_feature=9 0 23 1 7 15 16
split_gain=7976.91 2196.56 1393.7 760.006 162.163 160.499 91.1533
threshold=1.0000000180025095e-35 1.0000000180025095e-35 1.0000000180025095e-35 1.0000000180025095e-35 1.0000000180025095e-35 1.0000000180025095e-35 1.0000000180025095e-35
decision_type=2 2 2 2 2 2 2
left_child=1 2 -1 4 -2 -3 -5
right_child=3 5 -4 6 -6 -7 -8
leaf_value=-0.034355738150538648 0.03739181009463316 -0.089458127514924102 0.025222334751341075 -0.021663293527368246 0.10237310175047587 -0.015651279774660316 0.03724795936299969
leaf_weight=10594.270213536918 409.76652508229017 5153.2315914481878 6237.2509479522705 535.85829859226942 6494.8800252079964 312.99492666125298 513.28190478682518
leaf_count=82010 2625 88258 32162 6462 146191 2297 3916
internal_value=0.000503135 -0.0301662 -0.0122777 0.0864748 0.0985227 -0.0852356 0.0071665
internal_weight=30251.5 22297.7 16831.5 7953.79 6904.65 5466.23 1049.14
internal_count=363921 204727 114172 159194 148816 90555 10378
is_linear=0
shrinkage=0.1


end of trees

feature_importances:
V4_lt=_0.05223605036735535=34
V10_lt=_-1.7765860557556152=15
V10_lt=_-1.408359408378601=12
V10_lt=_-1.7227753400802612=11
V12_lt=_-0.2135860025882721=11
V14_lt=_-0.641162782907486=11
V4_lt=_1.6730803847312927=10
V4_lt=_0.7563583552837372=9
V14_lt=_-2.7358014583587646=9
V12_lt=_-0.24669199436903=8
V4_lt=_0.7131027281284332=7
V4_lt=_1.5782626867294312=5
V14_lt=_-1.7687879800796509=5
V14_lt=_-1.4205476641654968=5
V4_lt=_0.38157644867897034=5
V14_lt=_-1.812438189983368=4
V14_lt=_-0.7452503144741058=4
V14_lt=_-1.8273465633392334=3
V14_lt=_-1.5627466440200806=3
V14_lt=_-0.6914466023445129=2
V4_lt=_1.6225031018257141=1
V14_lt=_-0.7145193219184875=1

parameters:
[boosting: gbdt]
[objective: binary]
[metric: binary_logloss]
[tree_learner: serial]
[device_type: cpu]
[data_sample_strategy: bagging]
[data: ]
[valid: ]
[num_iterations: 25]
[learning_rate: 0.1]
[num_leaves: 31]
[num_threads: 8]
[seed: 42]
[deterministic: 0]
[force_col_wise: 0]
[force_row_wise: 0]
[histogram_pool_size: -1]
[max_depth: 3]
[min_data_in_leaf: 20]
[min_sum_hessian_in_leaf: 0.001]
[bagging_fraction: 1]
[pos_bagging_fraction: 1]
[neg_bagging_fraction: 1]
[bagging_freq: 0]
[bagging_seed: 400]
[bagging_by_query: 0]
[feature_fraction: 1]
[feature_fraction_bynode: 1]
[feature_fraction_seed: 30056]
[extra_trees: 0]
[extra_seed: 12879]
[early_stopping_round: 0]
[early_stopping_min_delta: 0]
[first_metric_only: 0]
[max_delta_step: 0]
[lambda_l1: 0]
[lambda_l2: 1]
[linear_lambda: 0]
[min_gain_to_split: 0]
[drop_rate: 0.1]
[max_drop: 50]
[skip_drop: 0.5]
[xgboost_dart_mode: 0]
[uniform_drop: 0]
[drop_seed: 17869]
[top_rate: 0.2]
[other_rate: 0.1]
[min_data_per_group: 100]
[max_cat_threshold: 32]
[cat_l2: 10]
[cat_smooth: 10]
[max_cat_to_onehot: 4]
[top_k: 20]
[monotone_constraints: ]
[monotone_constraints_method: basic]
[monotone_penalty: 0]
[feature_contri: ]
[forcedsplits_filename: ]
[refit_decay_rate: 0.9]
[cegb_tradeoff: 1]
[cegb_penalty_split: 0]
[cegb_penalty_feature_lazy: ]
[cegb_penalty_feature_coupled: ]
[path_smooth: 0]
[interaction_constraints: ]
[verbosity: -1]
[saved_feature_importance_type: 0]
[use_quantized_grad: 0]
[num_grad_quant_bins: 4]
[quant_train_renew_leaf: 0]
[stochastic_rounding: 1]
[linear_tree: 0]
[max_bin: 255]
[max_bin_by_feature: ]
[min_data_in_bin: 3]
[bin_construct_sample_cnt: 200000]
[data_random_seed: 175]
[is_enable_sparse: 1]
[enable_bundle: 1]
[use_missing: 1]
[zero_as_missing: 0]
[feature_pre_filter: 1]
[pre_partition: 0]
[two_round: 0]
[header: 0]
[label_column: ]
[weight_column: ]
[group_column: ]
[ignore_column: ]
[categorical_feature: ]
[forcedbins_filename: ]
[precise_float_parser: 0]
[parser_config_file: ]
[objective_seed: 16083]
[num_class: 1]
[is_unbalance: 0]
[scale_pos_weight: 1]
[sigmoid: 1]
[boost_from_average: 1]
[reg_sqrt: 0]
[alpha: 0.9]
[fair_c: 1]
[poisson_max_delta_step: 0.7]
[tweedie_variance_power: 1.5]
[lambdarank_truncation_level: 30]
[lambdarank_norm: 1]
[label_gain: ]
[lambdarank_position_bias_regularization: 0]
[eval_at: ]
[multi_error_top_k: 1]
[auc_mu_weights: ]
[num_machines: 1]
[local_listen_port: 12400]
[time_out: 120]
[machine_list_filename: ]
[machines: ]
[gpu_platform_id: -1]
[gpu_device_id: -1]
[gpu_use_dp: 0]
[num_gpu: 1]

end of parameters

pandas_categorical:[]
