tree
version=v4
num_class=1
num_tree_per_iteration=1
label_index=0
max_feature_idx=5
objective=binary sigmoid:1
feature_names=number_outpatient_lt=_0.5 number_emergency_lt=_0.5 number_inpatient_lt=_0.5 number_inpatient_lt=_1.5 number_diagnoses_lt=_5.5 discharge_disposition_id_lt=_10.5
feature_infos=[0:1] [0:1] [0:1] [0:1] [0:1] [0:1]
tree_sizes=1017 1031 1026 1027 1034 1030 1019 1027 1024 1024 1027 1030 1030 1026 1032 1027 1036 1025 1027 1029 1024 1031 1022 1028 1032

Tree=0
num_leaves=8
num_cat=0
split_feature=2 3 4 5 1 5 1
split_gain=3709.83 595.354 537.847 279.928 225.95 179.72 60.2577
threshold=1.0000000180025095e-35 1.0000000180025095e-35 1.0000000180025095e-35 1.0000000180025095e-35 1.0000000180025095e-35 1.0000000180025095e-35 1.0000000180025095e-35
decision_type=2 2 2 2 2 2 2
left_child=1 3 4 -1 -2 -3 -4
right_child=2 5 6 -5 -6 -7 -8
leaf_value=-0.15262702472386627 -0.1243036184603932 -0.18944056529710823 -0.15908383809533647 -0.051707769993915784 -0.18028178173009207 -0.11532076470823349 -0.2258721369318209
leaf_weight=307.35673677921295 779.6972029209137 360.03226482868195 141.37912952899933 2604.7054742574692 9459.2327964305878 3508.1404742002487 3067.852569937706
leaf_count=1237 3138 1449 569 10483 38070 14119 12347
internal_value=-0.156809 -0.0965015 -0.187216 -0.0623543 -0.176016 -0.122226 -0.222931
internal_weight=20228.4 6780.23 13448.2 2912.06 10238.9 3868.17 3209.23
internal_count=81412 27288 54124 11720 41208 15568 12916
is_linear=0
shrinkage=1


Tree=1
num_leaves=8
num_cat=0
split_feature=2 3 4 5 0 5 1
split_gain=3000.36 477.497 440.99 224.22 205.304 145.181 49.4907
threshold=1.0000000180025095e-35 1.0000000180025095e-35 1.0000000180025095e-35 1.0000000180025095e-35 1.0000000180025095e-35 1.0000000180025095e-35 1.0000000180025095e-35
decision_type=2 2 2 2 2 2 2
left_child=1 3 4 -1 -2 -3 -4
right_child=2 5 6 -5 -6 -7 -8
leaf_value=0.0037634187609307764 0.017458380045691595 -0.029464990099273627 -0.0020497740362993102 0.094045189638154905 -0.023091442978982996 0.037228981094208045 -0.062591618504824739
leaf_weight=307.45597863197327 1455.167316198349 359.01926475763321 141.35377803444862 2618.9990547448397 8766.8938775360584 3518.0405622720718 3047.7123236507177
leaf_count=1237 5864 1449 569 10483 35344 14119 12347
internal_value=-9.65309e-06 0.0540761 -0.0274495 0.0845646 -0.0173178 0.0310471 -0.0599096
internal_weight=20214.6 6803.51 13411.1 2926.46 10222.1 3877.06 3189.07
internal_count=81412 27288 54124 11720 41208 15568 12916
is_linear=0
shrinkage=0.1


Tree=2
num_leaves=8
num_cat=0
split_feature=2 3 4 5 1 5 0
split_gain=2431.78 387.424 362.639 181.58 178.289 117.412 48.773
threshold=1.0000000180025095e-35 1.0000000180025095e-35 1.0000000180025095e-35 1.0000000180025095e-35 1.0000000180025095e-35 1.0000000180025095e-35 1.0000000180025095e-35
decision_type=2 2 2 2 2 2 2
left_child=1 3 4 -1 -2 -3 -4
right_child=2 5 6 -5 -6 -7 -8
leaf_value=0.0033872888907185402 0.0302774439921299 -0.026610401619979702 -0.011886587952528416 0.084621125795547758 -0.01941948893024064 0.033443383391060108 -0.057990591408585014
leaf_weight=307.5430364459753 780.86964958906174 357.94470651447773 249.69285595417023 2619.575934112072 9424.2622099518776 3524.3741276264191 2915.0547433793545
leaf_count=1237 3138 1449 1018 10483 38070 14119 11898
internal_value=-1.45883e-05 0.0486239 -0.0247885 0.0760902 -0.0156142 0.0279011 -0.054358
internal_weight=20179.3 6809.44 13369.9 2927.12 10205.1 3882.32 3164.75
internal_count=81412 27288 54124 11720 41208 15568 12916
is_linear=0
shrinkage=0.1


Tree=3
num_leaves=8
num_cat=0
split_feature=2 3 4 0 5 5 1
split_gain=1973.99 316.96 298.684 162.358 148.22 95.0349 40.357
threshold=1.0000000180025095e-35 1.0000000180025095e-35 1.0000000180025095e-35 1.0000000180025095e-35 1.0000000180025095e-35 1.0000000180025095e-35 1.0000000180025095e-35
decision_type=2 2 2 2 2 2 2
left_child=1 4 3 -2 -1 -3 -4
right_child=2 5 6 -5 -6 -7 -8
leaf_value=0.0030488576990204438 0.016833272296088213 -0.024034372117546117 0.0029637538295971821 -0.019232824137275631 0.076447844552589336 0.030067275978345118 -0.051816726677267402
leaf_weight=307.61956916749477 1455.5250215530396 356.8454472720623 140.68763847649097 8732.0917287170887 2610.21761675179 3527.9915646016598 2997.5657608807087
leaf_count=1237 5864 1449 569 35344 10483 14119 12347
internal_value=-1.64138e-05 0.0438101 -0.0223908 -0.0140788 0.0687133 0.0250928 -0.0493608
internal_weight=20128.5 6802.67 13325.9 10187.6 2917.84 3884.84 3138.25
internal_count=81412 27288 54124 41208 11720 15568 12916
is_linear=0
shrinkage=0.1


Tree=4
num_leaves=8
num_cat=0
split_feature=2 3 4 5 5 4 0
split_gain=1604.12 260.832 246.322 158.836 121.677 86.2351 39.9697
threshold=1.0000000180025095e-35 1.0000000180025095e-35 1.0000000180025095e-35 1.0000000180025095e-35 1.0000000180025095e-35 1.0000000180025095e-35 1.0000000180025095e-35
decision_type=2 2 2 2 2 2 2
left_child=1 4 3 -2 -1 -3 -4
right_child=2 5 6 -5 -6 -7 -8
leaf_value=0.0027443290499670056 -0.050766391547295342 0.029078612678315276 -0.0062654462319694168 -0.0085913591480434731 0.069262894333896638 -0.01155112473678448 -0.048183369703247957
leaf_weight=307.68695925176144 988.26356348395348 3263.9799847304821 247.45323413610458 9182.4060003757477 2593.8280256092548 621.33119165897369 2862.6445450037718
leaf_count=1237 4007 13079 1018 37201 10483 2489 11898
internal_value=-1.64981e-05 0.0395303 -0.0202274 -0.012694 0.0622124 0.0225799 -0.0448513
internal_weight=20067.6 6786.83 13280.8 10170.7 2901.51 3885.31 3110.1
internal_count=81412 27288 54124 41208 11720 15568 12916
is_linear=0
shrinkage=0.1


Tree=5
num_leaves=8
num_cat=0
split_feature=2 3 4 1 5 0 0
split_gain=1304.25 215.671 203.221 139.544 100.284 82.0213 33.0883
threshold=1.0000000180025095e-35 1.0000000180025095e-35 1.0000000180025095e-35 1.0000000180025095e-35 1.0000000180025095e-35 1.0000000180025095e-35 1.0000000180025095e-35
decision_type=2 2 2 2 2 2 2
left_child=1 4 3 -2 -1 -3 -4
right_child=2 5 6 -5 -6 -7 -8
leaf_value=0.0024702880134322941 0.029136099567007991 0.049042035082694696 -0.0056475628564918359 -0.014828978881052899 0.062879808199574991 0.01296558521649787 -0.043819723585711484
leaf_weight=307.74642325937748 781.24308434128761 790.72817866504192 247.19720959663391 9374.1728501915932 2572.6350116282701 3095.575382694602 2834.5578093975782
leaf_count=1237 3138 3166 1018 38070 10483 12402 11898
internal_value=-1.59239e-05 0.0356945 -0.018272 -0.0114443 0.0564286 0.0203166 -0.0407606
internal_weight=20003.9 6766.68 13237.2 10155.4 2880.38 3886.3 3081.76
internal_count=81412 27288 54124 41208 11720 15568 12916
is_linear=0
shrinkage=0.1


Tree=6
num_leaves=8
num_cat=0
split_feature=2 1 0 1 3 5 5
split_gain=1060.99 203.094 179.712 132.174 103.5 93.1469 38.0036
threshold=1.0000000180025095e-35 1.0000000180025095e-35 1.0000000180025095e-35 1.0000000180025095e-35 1.0000000180025095e-35 1.0000000180025095e-35 1.0000000180025095e-35
decision_type=2 2 2 2 2 2 2
left_child=1 5 6 -4 -3 -1 -2
right_child=2 4 3 -5 -6 -7 -8
leaf_value=-0.032397689181102751 -0.047255886415671064 0.041003683182198769 0.02267999043266801 -0.023629515655486998 0.012628113216471094 0.074282684938635532 0.017463787905828292
leaf_weight=87.072148054838181 95.208966821432114 2101.1181304603815 652.70457415282726 10838.390683501959 3312.3325084894896 1241.7786382585764 1606.4481993615627
leaf_count=351 386 8619 2629 44613 13270 5048 6496
internal_value=-1.39707e-05 0.0322541 -0.0165061 -0.0209973 0.023647 0.0672734 0.013817
internal_weight=19935.1 6742.3 13192.8 11491.1 5413.45 1328.85 1701.66
internal_count=81412 27288 54124 47242 21889 5399 6882
is_linear=0
shrinkage=0.1


Tree=7
num_leaves=8
num_cat=0
split_feature=2 1 4 5 3 5 1
split_gain=862.917 167.444 165.085 123.429 85.0805 76.3945 27.7198
threshold=1.0000000180025095e-35 1.0000000180025095e-35 1.0000000180025095e-35 1.0000000180025095e-35 1.0000000180025095e-35 1.0000000180025095e-35 1.0000000180025095e-35
decision_type=2 2 2 2 2 2 2
left_child=1 5 3 -2 -3 -1 -4
right_child=2 4 6 -5 -6 -7 -8
leaf_value=-0.02928670457239967 -0.042539996605333932 0.037141156773804244 0.0081047958221833732 -0.0051488337726380822 0.011366322023891113 0.067489996590646792 -0.037435998213424568
leaf_weight=86.80958491563797 976.30102244019508 2088.451188325882 139.77542690932751 9138.0802441984415 3312.1534545719624 1230.7617730647326 2899.1082331836224
leaf_count=351 4007 8619 569 37201 13270 5048 12347
internal_value=-1.18018e-05 0.0291439 -0.0149045 -0.0087619 0.0213387 0.0610964 -0.0353393
internal_weight=19871.4 6718.18 13153.3 10114.4 5400.6 1317.57 3038.88
internal_count=81412 27288 54124 41208 21889 5399 12916
is_linear=0
shrinkage=0.1


Tree=8
num_leaves=8
num_cat=0
split_feature=2 0 0 4 3 5 5
split_gain=702.093 150.083 142.453 107.729 77.753 58.7217 27.7502
threshold=1.0000000180025095e-35 1.0000000180025095e-35 1.0000000180025095e-35 1.0000000180025095e-35 1.0000000180025095e-35 1.0000000180025095e-35 1.0000000180025095e-35
decision_type=2 2 2 2 2 2 2
left_child=1 5 6 -4 -3 -1 -2
right_child=2 4 3 -5 -6 -7 -8
leaf_value=-0.013443098378576485 -0.038987822556153386 0.033278716095360233 -0.011987766414772179 -0.034662438291091557 0.0080363215374820492 0.058784924230880657 0.016625526345072261
leaf_weight=121.58099447190762 94.092401474714279 2015.2989377826452 8646.3270169049501 2765.4448375105858 3093.1420741528273 1461.9029099494219 1607.057275146246
leaf_count=489 386 8396 35344 11898 12402 6001 6496
internal_value=-1.0723e-05 0.0263434 -0.013461 -0.0174851 0.0179991 0.0532342 0.0135284
internal_weight=19804.8 6691.92 13112.9 11411.8 5108.44 1583.48 1701.15
internal_count=81412 27288 54124 47242 20798 6490 6882
is_linear=0
shrinkage=0.1


Tree=9
num_leaves=8
num_cat=0
split_feature=2 1 1 4 5 5 5
split_gain=571.211 132.56 122.26 100.106 69.961 59.8858 24.3874
threshold=1.0000000180025095e-35 1.0000000180025095e-35 1.0000000180025095e-35 1.0000000180025095e-35 1.0000000180025095e-35 1.0000000180025095e-35 1.0000000180025095e-35
decision_type=2 2 2 2 2 2 2
left_child=1 5 6 -4 -3 -1 -2
right_child=2 4 3 -5 -6 -7 -8
leaf_value=-0.027546754365906048 -0.046033754707243676 -0.015889884724994068 -0.0097978576488311816 -0.031226511566426352 0.020851222062076721 0.058260861730821983 0.026747040640730635
leaf_weight=86.624046236276627 47.70648019015789 580.39766053855419 9304.7025894075632 2846.8685248196125 4789.6675208806992 1209.2391762733459 874.22513735294342
leaf_count=351 193 2335 38070 12347 19554 5048 3514
internal_value=-9.55698e-06 0.0238114 -0.0121563 -0.0148203 0.016878 0.0525081 0.0229351
internal_weight=19739.4 6665.93 13073.5 12151.6 5370.07 1295.86 921.932
internal_count=81412 27288 54124 50417 21889 5399 3707
is_linear=0
shrinkage=0.1


Tree=10
num_leaves=8
num_cat=0
split_feature=2 0 0 1 3 5 5
split_gain=464.684 119.718 111.562 83.7126 63.1082 41.3939 21.8048
threshold=1.0000000180025095e-35 1.0000000180025095e-35 1.0000000180025095e-35 1.0000000180025095e-35 1.0000000180025095e-35 1.0000000180025095e-35 1.0000000180025095e-35
decision_type=2 2 2 2 2 2 2
left_child=1 5 6 -4 -3 -1 -2
right_child=2 4 3 -5 -6 -7 -8
leaf_value=-0.010299911378129578 -0.033873895784738983 0.027954571357824334 0.020158862268007598 -0.016685851929227332 0.0051203965931489182 0.050452836594117006 0.015635433428564934
leaf_weight=121.28164112567902 93.241079330444336 1989.9660855382681 653.60563872754574 10681.518216818571 3088.5457504093647 1440.1718020290136 1607.2459599673748
leaf_count=489 386 8396 2629 44613 12402 6001 6496
internal_value=-8.61348e-06 0.0215222 -0.0109766 -0.0145597 0.0140715 0.0457305 0.0129024
internal_weight=19675.6 6639.97 13035.6 11335.1 5078.51 1561.45 1700.49
internal_count=81412 27288 54124 47242 20798 6490 6882
is_linear=0
shrinkage=0.1


Tree=11
num_leaves=8
num_cat=0
split_feature=2 1 4 5 4 5 1
split_gain=378.002 105.247 92.9107 91.2435 55.4374 47.1707 14.2203
threshold=1.0000000180025095e-35 1.0000000180025095e-35 1.0000000180025095e-35 1.0000000180025095e-35 1.0000000180025095e-35 1.0000000180025095e-35 1.0000000180025095e-35
decision_type=2 2 2 2 2 2 2
left_child=1 5 3 -2 -3 -1 -4
right_child=2 4 6 -5 -6 -7 -8
leaf_value=-0.02579613962220997 -0.034603395667489274 0.017673383667341461 0.0055436848243826204 -0.002226938894742687 -0.010390586703658812 0.050485123576882063 -0.027061055097356998
leaf_weight=86.412539482116699 961.63274440169334 4507.6390059888363 140.1268049031496 9091.610545232892 833.42637923359871 1186.1894246041775 2809.1356423646212
leaf_count=351 4007 18488 569 37201 3401 5048 12347
internal_value=-6.56041e-06 0.0194557 -0.00990671 -0.00532701 0.0132931 0.0452893 -0.0255106
internal_weight=19616.2 6613.67 13002.5 10053.2 5341.07 1272.6 2949.26
internal_count=81412 27288 54124 41208 21889 5399 12916
is_linear=0
shrinkage=0.1


Tree=12
num_leaves=8
num_cat=0
split_feature=3 4 5 0 5 0 5
split_gain=326.917 135.248 131.975 52.3922 31.774 22.6108 16.3741
threshold=1.0000000180025095e-35 1.0000000180025095e-35 1.0000000180025095e-35 1.0000000180025095e-35 1.0000000180025095e-35 1.0000000180025095e-35 1.0000000180025095e-35
decision_type=2 2 2 2 2 2 2
left_child=3 2 -2 6 -5 -3 -1
right_child=1 5 -4 4 -6 -7 -8
leaf_value=0.0088157732150923977 -0.031303692437243014 0.0027465992179774535 0.0026514067805836396 -0.010914393474997411 0.028127834688275951 -0.025080105107645342 0.059035213180437612
leaf_weight=72.069841220974922 1264.1462727934122 320.86166325211525 12019.707182869315 236.43436244130135 1731.0797019451857 3225.0852230489254 691.26402777433395
leaf_count=290 5258 1326 49029 947 7449 14079 3034
internal_value=-6.04119e-06 -0.00521416 -0.000582014 0.032081 0.023433 -0.0225621 0.0543115
internal_weight=19560.6 16829.8 13283.9 2730.85 1967.51 3545.95 763.334
internal_count=81412 69692 54287 11720 8396 15405 3324
is_linear=0
shrinkage=0.1


Tree=13
num_leaves=8
num_cat=0
split_feature=2 0 0 1 5 5 5
split_gain=271.414 83.0931 82.645 63.6512 46.3411 28.1208 13.5006
threshold=1.0000000180025095e-35 1.0000000180025095e-35 1.0000000180025095e-35 1.0000000180025095e-35 1.0000000180025095e-35 1.0000000180025095e-35 1.0000000180025095e-35
decision_type=2 2 2 2 2 2 2
left_child=2 6 5 -3 -4 -1 -2
right_child=1 3 4 -5 -6 -7 -8
leaf_value=-0.0092391034996749336 -0.024989823943390388 0.01874274671571758 -0.017156209594739746 -0.013387329753526423 0.013717541064335412 0.040923422469622751 0.014327704776375363
leaf_weight=121.04643370211124 91.452360898256302 653.82234232127666 544.27995447814465 10591.874350547791 4493.4319460093975 1404.8529346138239 1608.3526558578014
leaf_count=489 386 2629 2197 44613 18601 6001 6496
internal_value=-4.45101e-06 -0.00840298 0.0165588 -0.0115178 0.0103792 0.0369407 0.0121989
internal_weight=19509.1 12945.5 6563.61 11245.7 5037.71 1525.9 1699.81
internal_count=81412 54124 27288 47242 20798 6490 6882
is_linear=0
shrinkage=0.1


Tree=14
num_leaves=8
num_cat=0
split_feature=3 4 5 1 0 5 0
split_gain=238.173 106.867 98.8309 44.9449 17.9788 16.6832 14.8422
threshold=1.0000000180025095e-35 1.0000000180025095e-35 1.0000000180025095e-35 1.0000000180025095e-35 1.0000000180025095e-35 1.0000000180025095e-35 1.0000000180025095e-35
decision_type=2 2 2 2 2 2 2
left_child=3 2 -2 5 -5 -1 -3
right_child=1 6 -4 4 -6 -7 -8
leaf_value=-0.0050734244771266672 -0.027038817020693131 0.00055329547393996776 0.0024669603398488446 0.037034548320674897 0.014746878367776271 0.054140321573743516 -0.021997580404736348
leaf_weight=51.257552146911621 1252.8023030459881 321.15991774201393 12001.527435317636 474.41627459228039 1529.564950093627 634.15525658428669 3192.6594785451889
leaf_count=208 5258 1326 49029 2087 6532 2893 14079
internal_value=-3.38341e-06 -0.0044347 -0.000323762 0.0276169 0.020039 0.0497112 -0.0199369
internal_weight=19457.5 16768.1 13254.3 2689.39 2003.98 685.413 3513.82
internal_count=81412 69692 54287 11720 8619 3101 15405
is_linear=0
shrinkage=0.1


Tree=15
num_leaves=8
num_cat=0
split_feature=2 1 0 1 4 5 5
split_gain=194.691 68.6667 63.6229 50.8099 34.1216 27.5728 9.41612
threshold=1.0000000180025095e-35 1.0000000180025095e-35 1.0000000180025095e-35 1.0000000180025095e-35 1.0000000180025095e-35 1.0000000180025095e-35 1.0000000180025095e-35
decision_type=2 2 2 2 2 2 2
left_child=1 5 6 -4 -3 -1 -2
right_child=2 4 3 -5 -6 -7 -8
leaf_value=-0.019198192111210516 -0.02035710162146372 0.012598012911787866 0.017168861457588943 -0.011537576045463802 -0.0094839382943264737 0.03947322840269079 0.012661135362794626
leaf_weight=85.550687745213509 90.383713901042938 4458.4197584539652 654.01957334578037 10540.206272557378 829.25346264243126 1142.8234059363604 1610.2959479987621
leaf_count=351 386 18488 2629 44613 3401 5048 6496
internal_value=-2.00697e-06 0.0140853 -0.00712114 -0.00985903 0.00913381 0.0353747 0.0108954
internal_weight=19411 6516.05 12894.9 11194.2 5287.67 1228.37 1700.68
internal_count=81412 27288 54124 47242 21889 5399 6882
is_linear=0
shrinkage=0.1


Tree=16
num_leaves=8
num_cat=0
split_feature=3 4 5 1 5 5 0
split_gain=171.564 81.014 77.3324 32.3978 17.1112 11.4602 10.1258
threshold=1.0000000180025095e-35 1.0000000180025095e-35 1.0000000180025095e-35 1.0000000180025095e-35 1.0000000180025095e-35 1.0000000180025095e-35 1.0000000180025095e-35
decision_type=2 2 2 2 2 2 2
left_child=3 2 -2 5 -5 -1 -3
right_child=1 6 -4 4 -6 -7 -8
leaf_value=-0.0027042673373899946 -0.023908321123525464 -0.00040539834820672464 0.0022859558906761003 -0.0068232941517784324 0.020794840081549287 0.046532967774420377 -0.019031749287013146
leaf_weight=51.102689564228058 1243.0461605638266 321.56254567205906 11984.838865622878 257.21165163815022 1731.5465625822544 612.56037864089012 3163.2406379878521
leaf_count=208 5258 1326 49029 1029 7590 2893 14079
internal_value=-1.01707e-06 -0.00375116 -0.000177185 0.0236208 0.0172213 0.0427433 -0.0173136
internal_weight=19365.1 16712.7 13227.9 2652.42 1988.76 663.663 3484.8
internal_count=81412 69692 54287 11720 8619 3101 15405
is_linear=0
shrinkage=0.1


Tree=17
num_leaves=8
num_cat=0
split_feature=1 2 0 5 0 3 3
split_gain=140.211 88.596 41.524 31.2641 26.8346 20.3547 3.41965
threshold=1.0000000180025095e-35 1.0000000180025095e-35 1.0000000180025095e-35 1.0000000180025095e-35 1.0000000180025095e-35 1.0000000180025095e-35 1.0000000180025095e-35
decision_type=2 2 2 2 2 2 2
left_child=3 4 -3 6 -2 -5 -1
right_child=1 2 -4 5 -6 -7 -8
leaf_value=-0.0024399269940481977 0.022176113333564174 0.0081990977183326926 -0.0099467857898655407 0.042716174389015572 0.0042585780565333256 0.020676154243414277 -0.03546286312501154
leaf_weight=51.084546476602554 1041.1165375262499 1432.5417142808437 10494.111903250217 601.26613587141037 4227.2776242047548 1392.9833468794823 80.856783166527748
leaf_count=208 4439 5804 44613 2893 17450 5669 336
internal_value=-1.8502e-07 -0.00299617 -0.00776673 0.0242192 0.0078029 0.0273393 -0.0227917
internal_weight=19321.2 17195 11926.7 2126.19 5268.39 1994.25 131.941
internal_count=81412 72306 50417 9106 21889 8562 544
is_linear=0
shrinkage=0.1


Tree=18
num_leaves=8
num_cat=0
split_feature=3 4 5 0 5 5 1
split_gain=120.719 64.0359 60.3974 28.0188 14.5217 8.2094 7.72891
threshold=1.0000000180025095e-35 1.0000000180025095e-35 1.0000000180025095e-35 1.0000000180025095e-35 1.0000000180025095e-35 1.0000000180025095e-35 1.0000000180025095e-35
decision_type=2 2 2 2 2 2 2
left_child=3 2 -2 5 -5 -1 -3
right_child=1 6 -4 4 -6 -7 -8
leaf_value=0.0048417969576110172 -0.021016996007866464 0.003858615384162432 0.0022109385990293716 -0.0095377398326702365 0.016921602714840066 0.040512355744240051 -0.016412666689896504
leaf_weight=72.082443535327911 1233.900939360261 199.23624186217785 11970.843078002334 236.20782981812954 1667.9712528735399 638.64294809103012 3259.6163558214903
leaf_count=290 5258 813 49029 947 7449 3034 14592
internal_value=9.78343e-07 -0.00313405 3.90059e-05 0.0199726 0.0136361 0.0369065 -0.0152442
internal_weight=19278.5 16663.6 13204.7 2614.9 1904.18 710.725 3458.85
internal_count=81412 69692 54287 11720 8396 3324 15405
is_linear=0
shrinkage=0.1


Tree=19
num_leaves=8
num_cat=0
split_feature=1 2 0 5 4 3 3
split_gain=106.439 63.1858 32.8462 23.1826 20.8929 14.2141 2.58495
threshold=1.0000000180025095e-35 1.0000000180025095e-35 1.0000000180025095e-35 1.0000000180025095e-35 1.0000000180025095e-35 1.0000000180025095e-35 1.0000000180025095e-35
decision_type=2 2 2 2 2 2 2
left_child=3 4 -3 6 -2 -5 -1
right_child=1 2 -4 5 -6 -7 -8
leaf_value=-0.0017461782406184023 0.0092595327792072187 0.0075545769614802881 -0.0085874075380865979 0.03701296972745844 -0.0080581128393114269 0.018396726058989014 -0.030516328521495613
leaf_weight=51.040178000926971 4421.4813197255135 1432.6389726996422 10453.45984813571 583.81920325756073 826.12213405966759 1390.8322484344244 79.981960207223892
leaf_count=208 18488 5804 44613 2893 3401 5669 336
internal_value=1.44511e-06 -0.00260647 -0.00664133 0.021213 0.00653223 0.0239167 -0.0194069
internal_weight=19239.4 17133.7 11886.1 2105.67 5247.6 1974.65 131.022
internal_count=81412 72306 50417 9106 21889 8562 544
is_linear=0
shrinkage=0.1


Tree=20
num_leaves=8
num_cat=0
split_feature=0 1 4 3 5 5 5
split_gain=89.0582 45.7039 35.2357 25.6418 15.0108 13.5872 6.48968
threshold=1.0000000180025095e-35 1.0000000180025095e-35 1.0000000180025095e-35 1.0000000180025095e-35 1.0000000180025095e-35 1.0000000180025095e-35 1.0000000180025095e-35
decision_type=2 2 2 2 2 2 2
left_child=3 4 -3 6 -2 -5 -1
right_child=1 2 -4 5 -6 -7 -8
leaf_value=0.0038298293717945273 -0.024513112471393969 -0.002081804999002864 -0.013968881606934686 -0.019895609583824112 0.017026058533383109 0.012358587416148965 0.035574838503752371
leaf_weight=72.093305706977844 92.344899669289589 11459.776423126459 3186.3297953009605 137.4876653701067 1303.5657470524311 2326.790566444397 623.20075565576553
leaf_count=290 384 47642 14421 585 5593 9463 3034
internal_value=2.06155e-06 -0.00302057 -0.00466867 0.0153449 0.0142625 0.0105517 0.0322935
internal_weight=19201.6 16042 14646.1 3159.57 1395.91 2464.28 695.294
internal_count=81412 68040 62063 13372 5977 10048 3324
is_linear=0
shrinkage=0.1


Tree=21
num_leaves=8
num_cat=0
split_feature=3 0 4 0 5 5 1
split_gain=76.9678 41.6126 30.1657 16.7934 11.0379 10.4682 6.43913
threshold=1.0000000180025095e-35 1.0000000180025095e-35 1.0000000180025095e-35 1.0000000180025095e-35 1.0000000180025095e-35 1.0000000180025095e-35 1.0000000180025095e-35
decision_type=2 2 2 2 2 2 2
left_child=3 4 -3 6 -2 -5 -1
right_child=1 2 -4 5 -6 -7 -8
leaf_value=0.042845980429936169 -0.018009686687780024 -0.0021324481060296671 -0.013294229676072113 -0.0084571525893277297 0.011126459826775107 0.014030525473580902 0.022366698077154717
leaf_weight=236.79093892872334 136.83693790435791 11036.699283838272 3100.9693048745394 236.01661704480648 2326.1550297290087 1649.5483342707157 449.19076760113239
leaf_count=1237 585 45565 14079 947 9463 7449 2087
internal_value=2.41093e-06 -0.00249162 -0.00458145 0.0160974 0.00950108 0.0112127 0.0294879
internal_weight=19172.2 16600.7 14137.7 2571.55 2462.99 1885.56 685.982
internal_count=81412 69692 59644 11720 10048 8396 3324
is_linear=0
shrinkage=0.1


Tree=22
num_leaves=8
num_cat=0
split_feature=1 2 5 0 5 3 3
split_gain=67.7526 42.7701 18.0263 16.9116 14.8272 8.66553 1.76806
threshold=1.0000000180025095e-35 1.0000000180025095e-35 1.0000000180025095e-35 1.0000000180025095e-35 1.0000000180025095e-35 1.0000000180025095e-35 1.0000000180025095e-35
decision_type=2 2 2 2 2 2 2
left_child=4 2 -2 -3 6 -6 -1
right_child=1 3 -4 -5 5 -7 -8
leaf_value=-0.001008229376801575 -0.01121085796595757 0.0047741217016437926 0.0075277107345563497 -0.0068043954743511117 0.029721003477788412 0.014970405774719748 -0.024864626689738059
leaf_weight=50.988757759332657 576.17171993851662 1434.864614456892 4650.3308962285519 10400.595210835338 560.96923848986626 1386.4499682337046 78.859112739562988
leaf_count=208 2335 5804 19554 44613 2893 5669 336
internal_value=2.9573e-06 -0.0020734 0.00546021 -0.0054004 0.0170502 0.0192325 -0.015576
internal_weight=19139.2 17062 5226.5 11835.5 2077.27 1947.42 129.848
internal_count=81412 72306 21889 50417 9106 8562 544
is_linear=0
shrinkage=0.1


Tree=23
num_leaves=8
num_cat=0
split_feature=1 2 5 0 5 3 3
split_gain=55.1783 34.6963 14.624 13.7247 12.0973 7.3574 1.45193
threshold=1.0000000180025095e-35 1.0000000180025095e-35 1.0000000180025095e-35 1.0000000180025095e-35 1.0000000180025095e-35 1.0000000180025095e-35 1.0000000180025095e-35
decision_type=2 2 2 2 2 2 2
left_child=4 2 -2 -3 6 -6 -1
right_child=1 3 -4 -5 5 -7 -8
leaf_value=-0.0009094763627393442 -0.010102331727482382 0.0042954674648628495 0.0067841476200506739 -0.0061346458196020999 0.027156513665878346 0.013494347519056824 -0.022554926878111493
leaf_weight=50.981591746211052 575.5968451499939 1435.3640899658203 4644.4499214738607 10383.52664797008 553.07492887973785 1384.5097368806601 78.370267003774643
leaf_count=208 2335 5804 19554 44613 2893 5669 336
internal_value=3.17866e-06 -0.00186885 0.00492055 -0.00486769 0.0154288 0.0174061 -0.0140962
internal_weight=19105.9 17038.9 5220.05 11818.9 2066.94 1937.58 129.352
internal_count=81412 72306 21889 50417 9106 8562 544
is_linear=0
shrinkage=0.1


Tree=24
num_leaves=8
num_cat=0
split_feature=3 4 5 0 5 5 5
split_gain=47.4575 32.56 36.8362 13.1882 5.45054 4.04253 2.95824
threshold=1.0000000180025095e-35 1.0000000180025095e-35 1.0000000180025095e-35 1.0000000180025095e-35 1.0000000180025095e-35 1.0000000180025095e-35 1.0000000180025095e-35
decision_type=2 2 2 2 2 2 2
left_child=3 2 -2 5 -5 -1 -3
right_child=1 6 -4 4 -6 -7 -8
leaf_value=0.0023947178070168034 -0.016247130277076846 -0.00096013124538610198 0.0019999614854804208 -0.0057712407983697422 0.010474171781981777 0.02747913658436037 -0.011569030048017348
leaf_weight=72.202590137720108 1218.4491355270147 287.29766984283924 11926.244022026658 235.88041953742504 1627.2592407315969 597.10931676626205 3110.7519987821579
leaf_count=290 5258 1327 49029 947 7449 3034 14078
internal_value=3.30904e-06 -0.00194849 0.000307438 0.0127488 0.00841545 0.0247807 -0.0106726
internal_weight=19075.2 16542.7 13144.7 2532.45 1863.14 669.312 3398.05
internal_count=81412 69692 54287 11720 8396 3324 15405
is_linear=0
shrinkage=0.1


end of trees

feature_importances:
discharge_disposition_id_lt=_10.5=55
number_outpatient_lt=_0.5=29
number_emergency_lt=_0.5=27
number_inpatient_lt=_1.5=25
number_diagnoses_lt=_5.5=21
number_inpatient_lt=_0.5=18

parameters:
[boosting: gbdt]
[objective: binary]
[metric: binary_logloss]
[tree_learner: serial]
[device_type: cpu]
[data_sample_strategy: bagging]
[data: ]
[valid: ]
[num_iterations: 25]
[learning_rate: 0.1]
[num_leaves: 31]
[num_threads: 8]
[seed: 42]
[deterministic: 0]
[force_col_wise: 0]
[force_row_wise: 0]
[histogram_pool_size: -1]
[max_depth: 3]
[min_data_in_leaf: 20]
[min_sum_hessian_in_leaf: 0.001]
[bagging_fraction: 1]
[pos_bagging_fraction: 1]
[neg_bagging_fraction: 1]
[bagging_freq: 0]
[bagging_seed: 400]
[bagging_by_query: 0]
[feature_fraction: 1]
[feature_fraction_bynode: 1]
[feature_fraction_seed: 30056]
[extra_trees: 0]
[extra_seed: 12879]
[early_stopping_round: 0]
[early_stopping_min_delta: 0]
[first_metric_only: 0]
[max_delta_step: 0]
[lambda_l1: 0]
[lambda_l2: 1]
[linear_lambda: 0]
[min_gain_to_split: 0]
[drop_rate: 0.1]
[max_drop: 50]
[skip_drop: 0.5]
[xgboost_dart_mode: 0]
[uniform_drop: 0]
[drop_seed: 17869]
[top_rate: 0.2]
[other_rate: 0.1]
[min_data_per_group: 100]
[max_cat_threshold: 32]
[cat_l2: 10]
[cat_smooth: 10]
[max_cat_to_onehot: 4]
[top_k: 20]
[monotone_constraints: ]
[monotone_constraints_method: basic]
[monotone_penalty: 0]
[feature_contri: ]
[forcedsplits_filename: ]
[refit_decay_rate: 0.9]
[cegb_tradeoff: 1]
[cegb_penalty_split: 0]
[cegb_penalty_feature_lazy: ]
[cegb_penalty_feature_coupled: ]
[path_smooth: 0]
[interaction_constraints: ]
[verbosity: -1]
[saved_feature_importance_type: 0]
[use_quantized_grad: 0]
[num_grad_quant_bins: 4]
[quant_train_renew_leaf: 0]
[stochastic_rounding: 1]
[linear_tree: 0]
[max_bin: 255]
[max_bin_by_feature: ]
[min_data_in_bin: 3]
[bin_construct_sample_cnt: 200000]
[data_random_seed: 175]
[is_enable_sparse: 1]
[enable_bundle: 1]
[use_missing: 1]
[zero_as_missing: 0]
[feature_pre_filter: 1]
[pre_partition: 0]
[two_round: 0]
[header: 0]
[label_column: ]
[weight_column: ]
[group_column: ]
[ignore_column: ]
[categorical_feature: ]
[forcedbins_filename: ]
[precise_float_parser: 0]
[parser_config_file: ]
[objective_seed: 16083]
[num_class: 1]
[is_unbalance: 0]
[scale_pos_weight: 1]
[sigmoid: 1]
[boost_from_average: 1]
[reg_sqrt: 0]
[alpha: 0.9]
[fair_c: 1]
[poisson_max_delta_step: 0.7]
[tweedie_variance_power: 1.5]
[lambdarank_truncation_level: 30]
[lambdarank_norm: 1]
[label_gain: ]
[lambdarank_position_bias_regularization: 0]
[eval_at: ]
[multi_error_top_k: 1]
[auc_mu_weights: ]
[num_machines: 1]
[local_listen_port: 12400]
[time_out: 120]
[machine_list_filename: ]
[machines: ]
[gpu_platform_id: -1]
[gpu_device_id: -1]
[gpu_use_dp: 0]
[num_gpu: 1]

end of parameters

pandas_categorical:[]
