tree
version=v4
num_class=1
num_tree_per_iteration=1
label_index=0
max_feature_idx=23
objective=binary sigmoid:1
feature_names=season_lt=_1.5 season_lt=_3.5 yr_lt=_0.5 mnth_lt=_3.5 hr_lt=_5.5 hr_lt=_6.5 hr_lt=_7.5 hr_lt=_8.5 hr_lt=_19.5 hr_lt=_21.5 hr_lt=_22.5 workingday_lt=_0.5 weathersit_lt=_2.5 temp_lt=_0.3100000023841858 temp_lt=_0.32999999821186066 temp_lt=_0.3700000047683716 temp_lt=_0.39000000059604645 temp_lt=_0.45000000298023224 temp_lt=_0.4699999988079071 temp_lt=_0.48999999463558197 atemp_lt=_0.3257499933242798 atemp_lt=_0.5985000133514404 hum_lt=_0.7950000166893005 weekday_lt=_3.5
feature_infos=[0:1] [0:1] [0:1] [0:1] [0:1] [0:1] [0:1] [0:1] [0:1] [0:1] [0:1] [0:1] [0:1] [0:1] [0:1] [0:1] [0:1] [0:1] [0:1] [0:1] [0:1] [0:1] [0:1] [0:1]
tree_sizes=895 905 899 900 899 906 907 905 904 1019 1012 1019 1022 1022 1021 1023 1016 1016 1021 1021 1017 915 918 1020 1015

Tree=0
num_leaves=7
num_cat=0
split_feature=5 15 10 2 4 2
split_gain=4990.34 1452.91 515.783 265.684 29.252 40.8909
threshold=1.0000000180025095e-35 1.0000000180025095e-35 1.0000000180025095e-35 1.0000000180025095e-35 1.0000000180025095e-35 1.0000000180025095e-35
decision_type=2 2 2 2 2 2
left_child=1 2 -1 -3 5 -2
right_child=4 3 -4 -5 -6 -7
leaf_value=-0.10720773748454829 -0.094061561585856407 0.017288904963985791 0.1336016562898662 -0.1051940292676538 -0.19955032351452004 -0.2011031766378146
leaf_weight=93.249594256281853 73.74967910349369 329.24856738746166 1668.7427390366793 381.49834004044533 854.99627977609634 74.249676927924156
leaf_count=373 295 1317 6675 1526 3420 297
internal_value=-0.00417176 0.0721425 0.120806 -0.0485042 -0.192202 -0.148724
internal_weight=3475.73 2472.74 1761.99 710.747 1003 147.999
internal_count=13903 9891 7048 2843 4012 592
is_linear=0
shrinkage=1


Tree=1
num_leaves=7
num_cat=0
split_feature=5 17 10 2 4 2
split_gain=4077.47 1210.41 356.469 355.463 24.4072 34.1902
threshold=1.0000000180025095e-35 1.0000000180025095e-35 1.0000000180025095e-35 1.0000000180025095e-35 1.0000000180025095e-35 1.0000000180025095e-35
decision_type=2 2 2 2 2 2
left_child=1 2 -1 -3 5 -2
right_child=4 3 -4 -5 -6 -7
leaf_value=-0.081376071797302468 -0.081204475046348118 0.045766997219827354 0.13845006899385709 -0.073465120583501825 -0.17768367280609054 -0.17934290771899247
leaf_weight=77.277739495038986 73.587112054228783 482.55366522073746 1387.30013859272 516.84847302734852 846.54459357261658 73.504318669438362
leaf_count=310 295 1933 5574 2074 3420 297
internal_value=-2.49091e-05 0.0689366 0.126803 -0.0159066 -0.17093 -0.131126
internal_weight=3457.62 2463.98 1464.58 999.402 993.636 147.091
internal_count=13903 9891 5884 4007 4012 592
is_linear=0
shrinkage=0.1


Tree=2
num_leaves=7
num_cat=0
split_feature=5 16 9 8 4 2
split_gain=3377.11 1019.33 358.064 270.308 21.6239 29.9192
threshold=1.0000000180025095e-35 1.0000000180025095e-35 1.0000000180025095e-35 1.0000000180025095e-35 1.0000000180025095e-35 1.0000000180025095e-35
decision_type=2 2 2 2 2 2
left_child=1 2 -1 -3 5 -2
right_child=4 3 -4 -5 -6 -7
leaf_value=-0.026792983934956716 -0.073607870636330772 -0.13481816455409826 0.12215041651680286 0.0016260252260227378 -0.16425675712759077 -0.16603754109824279
leaf_weight=180.49730163812637 73.186518922448158 194.06472212076187 1499.5058564841747 567.82452850043774 825.28937458992004 71.626787513494492
leaf_count=731 295 780 6098 2282 3420 297
internal_value=-5.62209e-05 0.0626516 0.106142 -0.0332595 -0.157803 -0.12015
internal_weight=3412 2441.89 1680 761.889 970.103 144.813
internal_count=13903 9891 6829 3062 4012 592
is_linear=0
shrinkage=0.1


Tree=3
num_leaves=7
num_cat=0
split_feature=5 13 9 8 4 2
split_gain=2824.88 881.744 430.327 93.6151 19.996 27.0402
threshold=1.0000000180025095e-35 1.0000000180025095e-35 1.0000000180025095e-35 1.0000000180025095e-35 1.0000000180025095e-35 1.0000000180025095e-35
decision_type=2 2 2 2 2 2
left_child=1 2 -1 -3 5 -2
right_child=4 3 -4 -5 -6 -7
leaf_value=-0.046608199639942005 -0.066883869763558534 -0.15090047358943573 0.1016552948387727 -0.04471182717596104 -0.15371942308383846 -0.15564159835773117
leaf_weight=219.59728552401066 72.619701400399208 112.34302568435669 1764.307389780879 315.99883930385113 795.26614844799042 68.971104070544243
leaf_count=889 295 456 7276 1270 3420 297
internal_value=-9.60778e-05 0.0571405 0.0852289 -0.072849 -0.147374 -0.110907
internal_weight=3349.1 2412.25 1983.9 428.342 936.857 141.591
internal_count=13903 9891 8165 1726 4012 592
is_linear=0
shrinkage=0.1


Tree=4
num_leaves=7
num_cat=0
split_feature=5 18 2 22 4 2
split_gain=2380.5 808.767 295.343 224.176 19.0649 25
threshold=1.0000000180025095e-35 1.0000000180025095e-35 1.0000000180025095e-35 1.0000000180025095e-35 1.0000000180025095e-35 1.0000000180025095e-35
decision_type=2 2 2 2 2 2
left_child=1 3 -3 -1 5 -2
right_child=4 2 -4 -5 -6 -7
leaf_value=0.003299304381883709 -0.060876488708894394 0.041929181956025838 -0.063901441261092928 0.12100792177906916 -0.14522896752875236 -0.14731434607518878
leaf_weight=188.74087956547737 71.941849291324615 506.10347686707973 548.43984812498093 1134.8300746232271 759.4768300652504 65.801598832011223
leaf_count=795 295 2056 2237 4803 3420 297
internal_value=-0.000153115 0.0522139 -0.0131189 0.104238 -0.138857 -0.102933
internal_weight=3275.33 2378.11 1054.54 1323.57 897.22 137.743
internal_count=13903 9891 4293 5598 4012 592
is_linear=0
shrinkage=0.1


Tree=5
num_leaves=7
num_cat=0
split_feature=5 0 22 2 4 2
split_gain=2018.93 707.559 368.572 206.864 18.5766 23.4817
threshold=1.0000000180025095e-35 1.0000000180025095e-35 1.0000000180025095e-35 1.0000000180025095e-35 1.0000000180025095e-35 1.0000000180025095e-35
decision_type=2 2 2 2 2 2
left_child=1 2 -1 -3 5 -2
right_child=4 3 -4 -5 -6 -7
leaf_value=-0.018228534066023656 -0.055470431041288959 0.0124882464270023 0.10172416494591274 -0.10450127182280054 -0.13823900978739831 -0.14051066799378928
leaf_weight=311.85928964614868 71.195193454623222 304.98141960799694 1426.0046670585871 298.27178581058979 720.16593754291534 62.316531836986542
leaf_count=1299 295 1248 6117 1227 3420 297
internal_value=-0.000184565 0.047822 0.0802006 -0.0454331 -0.131739 -0.0959124
internal_weight=3194.79 2341.12 1737.86 603.253 853.678 133.512
internal_count=13903 9891 7416 2475 4012 592
is_linear=0
shrinkage=0.1


Tree=6
num_leaves=7
num_cat=0
split_feature=5 19 9 10 4 17
split_gain=1719.93 613.472 284.362 189.296 18.3796 22.869
threshold=1.0000000180025095e-35 1.0000000180025095e-35 1.0000000180025095e-35 1.0000000180025095e-35 1.0000000180025095e-35 1.0000000180025095e-35
decision_type=2 2 2 2 2 2
left_child=1 3 -3 -1 5 -2
right_child=4 2 -4 -5 -6 -7
leaf_value=-0.06946038932574311 -0.04435874871398976 -0.14377841318468759 0.0087487184712548988 0.10188993918045482 -0.13237850415608524 -0.12944003291619485
leaf_weight=67.610480546951294 61.390033394098282 139.41097941994667 943.27086919546127 1153.6628405153751 679.01006877422333 67.686178103089333
leaf_count=272 281 575 3886 5158 3420 311
internal_value=-0.000231636 0.0437995 -0.0110059 0.0923548 -0.125669 -0.0896266
internal_weight=3112.04 2303.96 1082.68 1221.27 808.086 129.076
internal_count=13903 9891 4461 5430 4012 592
is_linear=0
shrinkage=0.1


Tree=7
num_leaves=7
num_cat=0
split_feature=5 20 12 8 4 2
split_gain=1471.05 549.66 303.767 96.1256 18.8607 24.1307
threshold=1.0000000180025095e-35 1.0000000180025095e-35 1.0000000180025095e-35 1.0000000180025095e-35 1.0000000180025095e-35 1.0000000180025095e-35
decision_type=2 2 2 2 2 2
left_child=1 2 -1 -3 5 -2
right_child=4 3 -4 -5 -6 -7
leaf_value=-0.069041432081569529 -0.042868102041098227 -0.12507120920532674 0.079945698971619752 -0.025289023187985732 -0.12738579391140517 -0.13168221079040038
leaf_weight=148.95011253654957 68.950427621603012 127.3999008834362 1592.3936347067356 392.25853753089905 637.25396990776062 56.201514601707458
leaf_count=640 295 542 7113 1596 3420 297
internal_value=-0.000267031 0.0402422 0.0671694 -0.0499449 -0.120297 -0.0834792
internal_weight=3023.41 2261 1741.34 519.658 762.406 125.152
internal_count=13903 9891 7753 2138 4012 592
is_linear=0
shrinkage=0.1


Tree=8
num_leaves=7
num_cat=0
split_feature=5 0 9 2 4 2
split_gain=1262.14 492.238 305.357 166.407 18.9688 22.917
threshold=1.0000000180025095e-35 1.0000000180025095e-35 1.0000000180025095e-35 1.0000000180025095e-35 1.0000000180025095e-35 1.0000000180025095e-35
decision_type=2 2 2 2 2 2
left_child=1 2 -1 -3 5 -2
right_child=4 3 -4 -5 -6 -7
leaf_value=-0.049040565892362178 -0.039099968586067846 0.010935348414582866 0.081555709215022351 -0.09509143341598765 -0.12307046510515177 -0.12740325599550034
leaf_weight=204.0167461335659 68.174238875508308 300.41405856609344 1427.6184825897217 290.46606729924679 595.81149101257324 52.504049688577652
leaf_count=849 295 1248 6567 1227 3420 297
internal_value=-0.000317404 0.0368956 0.0652061 -0.0412581 -0.115641 -0.0782498
internal_weight=2939.01 2222.52 1631.64 590.88 716.49 120.678
internal_count=13903 9891 7416 2475 4012 592
is_linear=0
shrinkage=0.1


Tree=9
num_leaves=8
num_cat=0
split_feature=5 21 2 10 4 17 19
split_gain=1086.59 457.756 277.369 65.7529 19.1533 22.4179 0.173906
threshold=1.0000000180025095e-35 1.0000000180025095e-35 1.0000000180025095e-35 1.0000000180025095e-35 1.0000000180025095e-35 1.0000000180025095e-35 1.0000000180025095e-35
decision_type=2 2 2 2 2 2 2
left_child=1 3 -3 -1 5 -2 -6
right_child=4 2 -4 -5 6 -7 -8
leaf_value=-0.040394511513206131 -0.027428059232379967 0.046169338976136502 -0.040807983840223487 0.10601258342500577 -0.11316174959783086 -0.11556207507226729 -0.12391290962755241
leaf_weight=31.621872708201408 56.414458855986595 719.34295281767845 745.71172605454922 682.83882890641689 249.7416011095047 59.881749242544174 305.60058081150055
leaf_count=127 281 3121 3247 3396 1538 311 1882
internal_value=-0.000355094 0.0339203 0.00190031 0.0994852 -0.111466 -0.0734072 -0.11929
internal_weight=2851.15 2179.52 1465.05 714.461 671.638 116.296 555.342
internal_count=13903 9891 6368 3523 4012 592 3420
is_linear=0
shrinkage=0.1


Tree=10
num_leaves=8
num_cat=0
split_feature=5 21 9 2 4 2 19
split_gain=937.002 396.576 249.622 58.6112 19.8162 23.4263 0.285368
threshold=1.0000000180025095e-35 1.0000000180025095e-35 1.0000000180025095e-35 1.0000000180025095e-35 1.0000000180025095e-35 1.0000000180025095e-35 1.0000000180025095e-35
decision_type=2 2 2 2 2 2 2
left_child=1 3 -3 -1 5 -2 -6
right_child=4 2 -4 -5 6 -7 -8
leaf_value=0.12210268668473337 -0.029313512146491125 -0.10148109779299785 0.018278757533710166 0.063054956321182715 -0.10954446835762695 -0.12192236108890531 -0.12080221211398
leaf_weight=356.5121728181839 65.86160147190094 200.95484720170498 1258.3666917532682 325.44372624158859 233.08444225788116 46.752816125750542 283.29501181840897
leaf_count=1843 295 857 5511 1680 1538 297 1882
internal_value=-0.000363031 0.0311641 0.00172911 0.0940575 -0.10757 -0.0684956 -0.115942
internal_weight=2770.27 2141.28 1459.32 681.956 628.994 112.614 516.379
internal_count=13903 9891 6368 3523 4012 592 3420
is_linear=0
shrinkage=0.1


Tree=11
num_leaves=8
num_cat=0
split_feature=5 13 12 8 4 2 19
split_gain=809.859 374.969 269.721 54.2835 20.0419 22.2018 0.409103
threshold=1.0000000180025095e-35 1.0000000180025095e-35 1.0000000180025095e-35 1.0000000180025095e-35 1.0000000180025095e-35 1.0000000180025095e-35 1.0000000180025095e-35
decision_type=2 2 2 2 2 2 2
left_child=1 2 -1 -3 5 -2 -6
right_child=4 3 -4 -5 6 -7 -8
leaf_value=-0.075102479900190477 -0.026693092743748544 -0.12133774965895393 0.062003429119534041 -0.036489630259843496 -0.10621053271766639 -0.11897424361667581 -0.1180864834814303
leaf_weight=157.36323721706867 65.227237522602081 99.584581553936005 1540.8153086751699 307.61474302411079 217.21350783109665 43.321299031376839 261.94846299290657
leaf_count=688 295 456 7477 1270 1538 297 1882
internal_value=-0.000382213 0.0285981 0.0492617 -0.0574865 -0.104072 -0.064272 -0.112935
internal_weight=2693.09 2105.38 1698.18 407.199 587.711 108.549 479.162
internal_count=13903 9891 8165 1726 4012 592 3420
is_linear=0
shrinkage=0.1


Tree=12
num_leaves=8
num_cat=0
split_feature=5 0 22 2 4 17 19
split_gain=700.656 337.359 251.679 114.247 20.2575 22.0875 0.543652
threshold=1.0000000180025095e-35 1.0000000180025095e-35 1.0000000180025095e-35 1.0000000180025095e-35 1.0000000180025095e-35 1.0000000180025095e-35 1.0000000180025095e-35
decision_type=2 2 2 2 2 2 2
left_child=1 2 -1 -3 5 -2 -6
right_child=4 3 -4 -5 6 -7 -8
leaf_value=-0.031286943453021757 -0.013636529314419174 0.0046558739302319024 0.071571449466427794 -0.084486141015698124 -0.10309751139650905 -0.10538014529442959 -0.11569577151486071
leaf_weight=296.03355629742146 52.086541250348091 294.06563261151314 1199.9069008380175 280.12559379637241 202.20213538408279 52.594695210456848 241.68578615784645
leaf_count=1299 281 1248 6117 1227 1538 311 1882
internal_value=-0.000427201 0.0262079 0.0512094 -0.0389043 -0.100805 -0.060292 -0.110202
internal_weight=2618.7 2070.13 1495.94 574.191 548.569 104.681 443.888
internal_count=13903 9891 7416 2475 4012 592 3420
is_linear=0
shrinkage=0.1


Tree=13
num_leaves=8
num_cat=0
split_feature=5 18 8 10 4 2 19
split_gain=606.706 295.222 185.067 144.059 20.819 22.3492 0.688025
threshold=1.0000000180025095e-35 1.0000000180025095e-35 1.0000000180025095e-35 1.0000000180025095e-35 1.0000000180025095e-35 1.0000000180025095e-35 1.0000000180025095e-35
decision_type=2 2 2 2 2 2 2
left_child=1 3 -3 -1 5 -2 -6
right_child=4 2 -4 -5 6 -7 -8
leaf_value=-0.076306838461265653 -0.018975394134941231 -0.091533597825739596 0.0093727942722499763 0.071406710541046706 -0.10015483700583001 -0.11533234977864476 -0.11357420525304421
leaf_weight=70.052730470895767 63.133765563368797 238.11119781434536 757.12989446520805 967.43484410643578 188.08881567418575 38.404317274689674 222.57915250957012
leaf_count=285 295 1065 3228 5313 1538 297 1882
internal_value=-0.000448761 0.0240691 -0.0148367 0.061369 -0.0976071 -0.0561894 -0.107686
internal_weight=2544.93 2032.73 995.241 1037.49 512.206 101.538 410.668
internal_count=13903 9891 4293 5598 4012 592 3420
is_linear=0
shrinkage=0.1


Tree=14
num_leaves=8
num_cat=0
split_feature=5 2 3 13 4 2 19
split_gain=526.511 285.047 177.806 156.212 20.9381 21.0351 0.841453
threshold=1.0000000180025095e-35 1.0000000180025095e-35 1.0000000180025095e-35 1.0000000180025095e-35 1.0000000180025095e-35 1.0000000180025095e-35 1.0000000180025095e-35
decision_type=2 2 2 2 2 2 2
left_child=1 3 -3 -1 5 -2 -6
right_child=4 2 -4 -5 6 -7 -8
leaf_value=0.079388827737908466 -0.017234804142311651 0.010297405398594925 -0.084206866332313071 -0.021835576531849837 -0.097341028844854877 -0.11315035766443518 -0.11167638418039248
leaf_weight=802.07722617685795 62.68453261256218 731.59158273041248 272.4297853410244 187.71812778711319 174.88594733178616 35.403660111129284 204.66105100512505
leaf_count=4195 295 3705 1222 769 1538 297 1882
internal_value=-0.000465676 0.0221342 -0.0154035 0.0601886 -0.0946547 -0.0526468 -0.105344
internal_weight=2471.45 1993.82 1004.02 989.795 477.635 98.0882 379.547
internal_count=13903 9891 4927 4964 4012 592 3420
is_linear=0
shrinkage=0.1


Tree=15
num_leaves=8
num_cat=0
split_feature=5 21 12 10 4 17 19
split_gain=457.02 253.435 195.179 57.6533 21.0012 21.5108 1.00324
threshold=1.0000000180025095e-35 1.0000000180025095e-35 1.0000000180025095e-35 1.0000000180025095e-35 1.0000000180025095e-35 1.0000000180025095e-35 1.0000000180025095e-35
decision_type=2 2 2 2 2 2 2
left_child=1 3 -3 -1 5 -2 -6
right_child=4 2 -4 -5 6 -7 -8
leaf_value=-0.053807387511931017 -0.0024690706732756287 -0.10263616788723534 0.011248011895178272 0.083780181898527983 -0.094621879820301152 -0.097271711790789986 -0.10996498876659917
leaf_weight=31.607081562280655 48.545456975698471 170.74252115190029 1215.1261632591486 542.35978510975838 162.58654037117958 46.31217173486948 187.93425799906254
leaf_count=127 281 739 5629 3396 1538 311 1882
internal_value=-0.000481753 0.0203078 -0.0028467 0.0761231 -0.0918044 -0.0492863 -0.103138
internal_weight=2405.21 1959.84 1385.87 573.967 445.378 94.8576 350.521
internal_count=13903 9891 6368 3523 4012 592 3420
is_linear=0
shrinkage=0.1


Tree=16
num_leaves=8
num_cat=0
split_feature=5 9 2 23 4 2 19
split_gain=396.396 243.2 227.056 64.991 21.3065 20.8038 1.17264
threshold=1.0000000180025095e-35 1.0000000180025095e-35 1.0000000180025095e-35 1.0000000180025095e-35 1.0000000180025095e-35 1.0000000180025095e-35 1.0000000180025095e-35
decision_type=2 2 2 2 2 2 2
left_child=1 3 -3 -1 5 -2 -6
right_child=4 2 -4 -5 6 -7 -8
leaf_value=-0.014748470525278399 -0.011181035107145439 0.070218314215677466 -0.0032936131013027213 -0.11749640184232656 -0.091969049905567271 -0.11058403100172194 -0.1084088916887047
leaf_weight=108.79597669839859 60.899520307779312 813.67670322954655 867.46257643401623 141.77205835282803 151.16952170431614 31.392702162265778 172.37974564731121
leaf_count=494 295 4379 4375 643 1538 297 1882
internal_value=-0.000474629 0.018601 0.032307 -0.0731195 -0.0889187 -0.0458154 -0.101035
internal_weight=2347.55 1931.71 1681.14 250.568 415.841 92.2922 323.549
internal_count=13903 9891 8754 1137 4012 592 3420
is_linear=0
shrinkage=0.1


Tree=17
num_leaves=8
num_cat=0
split_feature=6 0 22 11 4 5 8
split_gain=347.756 223.354 188.027 91.2495 208.975 108.9 79.3047
threshold=1.0000000180025095e-35 1.0000000180025095e-35 1.0000000180025095e-35 1.0000000180025095e-35 1.0000000180025095e-35 1.0000000180025095e-35 1.0000000180025095e-35
decision_type=2 2 2 2 2 2 2
left_child=1 2 -1 4 -2 -5 -3
right_child=3 6 -4 5 -6 -7 -8
leaf_value=-0.035680154661141113 0.047807356342450077 -0.10669378529616375 0.061749541291919577 -0.28370971016297747 -0.10923268267308806 -0.089001780811167927 -0.01363521243834385
leaf_weight=244.90936070680618 143.68254483491182 117.71842241287231 1022.5073717534542 37.172605872154236 203.984534971416 123.34948145598173 402.25819085538387
leaf_count=1103 802 582 5866 177 2333 1281 1759
internal_value=-0.00048306 0.0202763 0.0429094 -0.0733939 -0.0443808 -0.135568 -0.0348673
internal_weight=2295.58 1787.39 1267.42 508.189 347.667 160.522 519.977
internal_count=13903 9310 6969 4593 3135 1458 2341
is_linear=0
shrinkage=0.1


Tree=18
num_leaves=8
num_cat=0
split_feature=5 2 12 3 4 17 19
split_gain=303.363 208.636 126.798 125.444 18.9742 19.5164 1.64519
threshold=1.0000000180025095e-35 1.0000000180025095e-35 1.0000000180025095e-35 1.0000000180025095e-35 1.0000000180025095e-35 1.0000000180025095e-35 1.0000000180025095e-35
decision_type=2 2 2 2 2 2 2
left_child=1 2 -1 -3 5 -2 -6
right_child=4 3 -4 -5 6 -7 -8
leaf_value=-0.065001344997226262 0.0011849286351849299 0.005398132852780603 0.062078887098725721 -0.075451285562645465 -0.086363425080601741 -0.09169496574828008 -0.10571801877194607
leaf_weight=85.94934119284153 47.271032579243183 704.32453547418118 825.23326475918293 262.72272247076035 129.37334984540939 42.344086386263371 145.19956873357296
leaf_count=388 281 3705 4576 1222 1538 311 1882
internal_value=-0.000483022 0.015724 0.0500336 -0.0166219 -0.0838819 -0.0432294 -0.096945
internal_weight=2242.42 1878.23 911.183 967.047 364.188 89.6151 274.573
internal_count=13903 9891 4964 4927 4012 592 3420
is_linear=0
shrinkage=0.1


Tree=19
num_leaves=8
num_cat=0
split_feature=5 9 12 23 4 2 19
split_gain=262.932 202.183 180.761 53.7982 19.102 20.217 1.82922
threshold=1.0000000180025095e-35 1.0000000180025095e-35 1.0000000180025095e-35 1.0000000180025095e-35 1.0000000180025095e-35 1.0000000180025095e-35 1.0000000180025095e-35
decision_type=2 2 2 2 2 2 2
left_child=1 3 -3 -1 5 -2 -6
right_child=4 2 -4 -5 6 -7 -8
leaf_value=-0.016559043125202965 -0.0065886525520771613 -0.070092351552730484 0.038789580292331677 -0.11109271853412084 -0.083784888822311734 -0.10859540808020395 -0.10448108340361256
leaf_weight=106.84946663677692 59.383519023656845 169.61779567599297 1438.2748809158802 138.09244161099195 120.51104260981083 27.980782255530357 132.86963160336018
leaf_count=494 295 752 8002 643 1538 297 1882
internal_value=-0.000492502 0.0143658 0.0272671 -0.0700899 -0.0810916 -0.0401183 -0.0950058
internal_weight=2193.58 1852.83 1607.89 244.942 340.745 87.3643 253.381
internal_count=13903 9891 8754 1137 4012 592 3420
is_linear=0
shrinkage=0.1


Tree=20
num_leaves=8
num_cat=0
split_feature=6 17 8 2 11 4 5
split_gain=233.067 191.872 127.481 123.658 84.4652 171.679 82.3322
threshold=1.0000000180025095e-35 1.0000000180025095e-35 1.0000000180025095e-35 1.0000000180025095e-35 1.0000000180025095e-35 1.0000000180025095e-35 1.0000000180025095e-35
decision_type=2 2 2 2 2 2 2
left_child=1 3 -3 -1 5 -2 -6
right_child=4 2 -4 -5 6 -7 -8
leaf_value=0.086755111455664877 0.045548072200081231 -0.086938416734615775 0.0039773618156416484 0.012477420233097863 -0.25284914267494124 -0.10606095429346385 -0.080772846220310501
leaf_weight=428.71236351132393 139.24785174429417 205.2309495434165 611.33363689482212 469.31850709021091 38.349097773432732 159.03641019016504 100.67100475728512
leaf_count=2890 802 993 2715 2712 177 2333 1281
internal_value=-0.000507711 0.0161193 -0.0189513 0.047994 -0.0655874 -0.0353697 -0.129707
internal_weight=2151.9 1714.6 816.565 898.031 437.304 298.284 139.02
internal_count=13903 9310 3708 5602 4593 3135 1458
is_linear=0
shrinkage=0.1


Tree=21
num_leaves=7
num_cat=0
split_feature=5 21 9 2 2 18
split_gain=201.441 172.72 126.276 48.3948 18.3766 22.1942
threshold=1.0000000180025095e-35 1.0000000180025095e-35 1.0000000180025095e-35 1.0000000180025095e-35 1.0000000180025095e-35 1.0000000180025095e-35
decision_type=2 2 2 2 2 2
left_child=1 3 -3 -1 5 -2
right_child=4 2 -4 -5 -6 -7
leaf_value=0.096372739390274256 -0.017325191268107092 -0.084545761567595246 0.005620809640647045 0.033029787075282604 -0.10425306588935693 -0.089972214392349925
leaf_weight=229.12224787473679 84.617298975586891 178.77106712758541 1141.3040326684713 256.86894080042839 131.74912137165666 83.781327214092016
leaf_count=1843 955 857 5511 1680 1983 1074
internal_value=-0.000490763 0.0121283 -0.00664475 0.0630296 -0.0762111 -0.0537861
internal_weight=2106.21 1806.07 1320.08 485.991 300.148 168.399
internal_count=13903 9891 6368 3523 4012 2029
is_linear=0
shrinkage=0.1


Tree=22
num_leaves=7
num_cat=0
split_feature=4 13 2 11 11 19
split_gain=176.931 176.598 163.838 47.5297 9.23909 13.9199
threshold=1.0000000180025095e-35 1.0000000180025095e-35 1.0000000180025095e-35 1.0000000180025095e-35 1.0000000180025095e-35 1.0000000180025095e-35
decision_type=2 2 2 2 2 2
left_child=1 2 -1 -3 -2 -6
right_child=4 3 -4 -5 5 -7
leaf_value=0.059840366993849162 -0.10442743239634078 -0.02341601342817419 -0.0069624817796967485 -0.095311949978004532 -0.0055581983584906524 -0.098004527367597447
leaf_weight=705.03961825370789 135.66775390133262 248.48095759004354 764.4613823890686 145.84568477421999 29.441463768482208 35.810592997819185
leaf_count=4407 2333 1193 4180 703 447 640
internal_value=-0.000467872 0.00916018 0.0251072 -0.0501813 -0.0893853 -0.0570066
internal_weight=2064.75 1863.83 1469.5 394.327 200.92 65.2521
internal_count=13903 10483 8587 1896 3420 1087
is_linear=0
shrinkage=0.1


Tree=23
num_leaves=8
num_cat=0
split_feature=21 12 4 7 10 2 7
split_gain=162.45 105.79 111.4 77.5516 50.9169 11.9505 4.38952
threshold=1.0000000180025095e-35 1.0000000180025095e-35 1.0000000180025095e-35 1.0000000180025095e-35 1.0000000180025095e-35 1.0000000180025095e-35 1.0000000180025095e-35
decision_type=2 2 2 2 2 2 2
left_child=3 6 -3 4 -1 -5 -2
right_child=1 2 -4 5 -6 -7 -8
leaf_value=-0.056143072942926399 -0.096214712481064016 0.0028179929297483578 -0.092193967060594503 -0.0016732159450634559 0.075216414715455496 -0.07800615130280647 -0.057426672319125127
leaf_weight=31.171859085559845 141.43953301757574 1199.7702717706561 136.54595216363668 40.150632157921791 395.27115480601788 41.02275488525629 44.043164774775505
leaf_count=127 632 6098 2569 459 3152 478 388
internal_value=-0.000460803 -0.0168037 -0.00695209 0.0484707 0.0655055 -0.0407296 -0.0873618
internal_weight=2029.42 1521.8 1336.32 507.616 426.443 81.1734 185.483
internal_count=13903 9687 8667 4216 3279 937 1020
is_linear=0
shrinkage=0.1


Tree=24
num_leaves=8
num_cat=0
split_feature=6 9 0 11 4 5 23
split_gain=140.919 152.751 143.761 79.7933 135.191 61.6727 49.0047
threshold=1.0000000180025095e-35 1.0000000180025095e-35 1.0000000180025095e-35 1.0000000180025095e-35 1.0000000180025095e-35 1.0000000180025095e-35 1.0000000180025095e-35
decision_type=2 2 2 2 2 2 2
left_child=1 6 -3 4 -2 -5 -1
right_child=3 2 -4 5 -6 -7 -8
leaf_value=-0.010550780502253195 0.043563161694282648 0.046891245422778484 -0.021871020574579972 -0.22548530709097789 -0.10295212712064856 -0.071744398267049966 -0.10308821110347198
leaf_weight=101.98549713939428 136.3506780564785 945.46233089268208 447.2311199977994 38.598676949739456 115.39235117658973 81.199940592050552 130.13345807790756
leaf_count=494 802 6120 2053 177 2333 1281 643
internal_value=-0.000427106 0.0122847 0.02481 -0.0559017 -0.0237372 -0.122736 -0.06265
internal_weight=1996.35 1624.81 1392.69 371.542 251.743 119.799 232.119
internal_count=13903 9310 8173 4593 3135 1458 1137
is_linear=0
shrinkage=0.1


end of trees

feature_importances:
yr_lt=_0.5=30
hr_lt=_5.5=24
hr_lt=_6.5=23
temp_lt=_0.48999999463558197=12
hr_lt=_21.5=9
hr_lt=_19.5=7
hr_lt=_22.5=7
temp_lt=_0.45000000298023224=7
weathersit_lt=_2.5=6
season_lt=_1.5=5
workingday_lt=_0.5=5
atemp_lt=_0.5985000133514404=5
temp_lt=_0.3100000023841858=4
hum_lt=_0.7950000166893005=4
hr_lt=_7.5=3
temp_lt=_0.4699999988079071=3
weekday_lt=_3.5=3
mnth_lt=_3.5=2
hr_lt=_8.5=2
temp_lt=_0.3700000047683716=1
temp_lt=_0.39000000059604645=1
atemp_lt=_0.3257499933242798=1

parameters:
[boosting: gbdt]
[objective: binary]
[metric: binary_logloss]
[tree_learner: serial]
[device_type: cpu]
[data_sample_strategy: bagging]
[data: ]
[valid: ]
[num_iterations: 25]
[learning_rate: 0.1]
[num_leaves: 31]
[num_threads: 8]
[seed: 42]
[deterministic: 0]
[force_col_wise: 0]
[force_row_wise: 0]
[histogram_pool_size: -1]
[max_depth: 3]
[min_data_in_leaf: 20]
[min_sum_hessian_in_leaf: 0.001]
[bagging_fraction: 1]
[pos_bagging_fraction: 1]
[neg_bagging_fraction: 1]
[bagging_freq: 0]
[bagging_seed: 400]
[bagging_by_query: 0]
[feature_fraction: 1]
[feature_fraction_bynode: 1]
[feature_fraction_seed: 30056]
[extra_trees: 0]
[extra_seed: 12879]
[early_stopping_round: 0]
[early_stopping_min_delta: 0]
[first_metric_only: 0]
[max_delta_step: 0]
[lambda_l1: 0]
[lambda_l2: 1]
[linear_lambda: 0]
[min_gain_to_split: 0]
[drop_rate: 0.1]
[max_drop: 50]
[skip_drop: 0.5]
[xgboost_dart_mode: 0]
[uniform_drop: 0]
[drop_seed: 17869]
[top_rate: 0.2]
[other_rate: 0.1]
[min_data_per_group: 100]
[max_cat_threshold: 32]
[cat_l2: 10]
[cat_smooth: 10]
[max_cat_to_onehot: 4]
[top_k: 20]
[monotone_constraints: ]
[monotone_constraints_method: basic]
[monotone_penalty: 0]
[feature_contri: ]
[forcedsplits_filename: ]
[refit_decay_rate: 0.9]
[cegb_tradeoff: 1]
[cegb_penalty_split: 0]
[cegb_penalty_feature_lazy: ]
[cegb_penalty_feature_coupled: ]
[path_smooth: 0]
[interaction_constraints: ]
[verbosity: -1]
[saved_feature_importance_type: 0]
[use_quantized_grad: 0]
[num_grad_quant_bins: 4]
[quant_train_renew_leaf: 0]
[stochastic_rounding: 1]
[linear_tree: 0]
[max_bin: 255]
[max_bin_by_feature: ]
[min_data_in_bin: 3]
[bin_construct_sample_cnt: 200000]
[data_random_seed: 175]
[is_enable_sparse: 1]
[enable_bundle: 1]
[use_missing: 1]
[zero_as_missing: 0]
[feature_pre_filter: 1]
[pre_partition: 0]
[two_round: 0]
[header: 0]
[label_column: ]
[weight_column: ]
[group_column: ]
[ignore_column: ]
[categorical_feature: ]
[forcedbins_filename: ]
[precise_float_parser: 0]
[parser_config_file: ]
[objective_seed: 16083]
[num_class: 1]
[is_unbalance: 0]
[scale_pos_weight: 1]
[sigmoid: 1]
[boost_from_average: 1]
[reg_sqrt: 0]
[alpha: 0.9]
[fair_c: 1]
[poisson_max_delta_step: 0.7]
[tweedie_variance_power: 1.5]
[lambdarank_truncation_level: 30]
[lambdarank_norm: 1]
[label_gain: ]
[lambdarank_position_bias_regularization: 0]
[eval_at: ]
[multi_error_top_k: 1]
[auc_mu_weights: ]
[num_machines: 1]
[local_listen_port: 12400]
[time_out: 120]
[machine_list_filename: ]
[machines: ]
[gpu_platform_id: -1]
[gpu_device_id: -1]
[gpu_use_dp: 0]
[num_gpu: 1]

end of parameters

pandas_categorical:[]
