tree
version=v4
num_class=1
num_tree_per_iteration=1
label_index=0
max_feature_idx=37
objective=binary sigmoid:1
feature_names=admission_type_id_lt=_5.5 discharge_disposition_id_lt=_10.5 discharge_disposition_id_lt=_14.5 discharge_disposition_id_lt=_21.0 admission_source_id_lt=_6.5 time_in_hospital_lt=_3.5 num_procedures_lt=_0.5 num_medications_lt=_5.5 num_medications_lt=_6.5 num_medications_lt=_7.5 num_medications_lt=_10.5 num_medications_lt=_11.5 number_outpatient_lt=_0.5 number_emergency_lt=_0.5 number_emergency_lt=_1.5 number_emergency_lt=_2.5 number_inpatient_lt=_0.5 number_inpatient_lt=_1.5 number_inpatient_lt=_2.5 number_inpatient_lt=_3.5 number_inpatient_lt=_4.5 number_diagnoses_lt=_5.5 number_diagnoses_lt=_6.5 race_?_lt=_0.5 age_(70-80)_lt=_0.5 diag_1_250.6_lt=_0.5 diag_1_278_lt=_0.5 diag_1_428_lt=_0.5 diag_1_491_lt=_0.5 diag_2_250_lt=_0.5 diag_2_401_lt=_0.5 diag_2_403_lt=_0.5 diag_2_428_lt=_0.5 diag_2_648_lt=_0.5 diag_3_401_lt=_0.5 insulin_Down_lt=_0.5 diabetesMed_Yes_lt=_0.5 num_lab_procedures_lt=_24.5
feature_infos=[0:1] [0:1] [0:1] [0:1] [0:1] [0:1] [0:1] [0:1] [0:1] [0:1] [0:1] [0:1] [0:1] [0:1] [0:1] [0:1] [0:1] [0:1] [0:1] [0:1] [0:1] [0:1] [0:1] [0:1] [0:1] [0:1] [0:1] [0:1] [0:1] [0:1] [0:1] [0:1] [0:1] [0:1] [0:1] [0:1] [0:1] [0:1]
tree_sizes=1023 1033 1031 1034 1034 1029 1025 1033 1037 1034 1030 1028 1027 1030 1029 1033 1027 1038 1025 1025 1031 1034 1030 1029 1028

Tree=0
num_leaves=8
num_cat=0
split_feature=16 17 21 1 13 1 4
split_gain=3709.83 595.354 537.847 279.928 225.95 179.72 69.9652
threshold=1.0000000180025095e-35 1.0000000180025095e-35 1.0000000180025095e-35 1.0000000180025095e-35 1.0000000180025095e-35 1.0000000180025095e-35 1.0000000180025095e-35
decision_type=2 2 2 2 2 2 2
left_child=1 3 4 -1 -2 -3 -4
right_child=2 5 6 -5 -6 -7 -8
leaf_value=-0.15262702472386627 -0.1243036184603932 -0.18944056529710823 -0.20738805804208976 -0.051707769993915784 -0.18028178173009207 -0.11532076470823349 -0.23703444124357165
leaf_weight=307.35673677921295 779.6972029209137 360.03226482868195 1528.8326607942581 2604.7054742574692 9459.2327964305878 3508.1404742002487 1680.3990386724472
leaf_count=1237 3138 1449 6153 10483 38070 14119 6763
internal_value=-0.156809 -0.0965015 -0.187216 -0.0623543 -0.176016 -0.122226 -0.222931
internal_weight=20228.4 6780.23 13448.2 2912.06 10238.9 3868.17 3209.23
internal_count=81412 27288 54124 11720 41208 15568 12916
is_linear=0
shrinkage=1


Tree=1
num_leaves=8
num_cat=0
split_feature=16 17 22 1 12 1 13
split_gain=3000.4 477.497 441.481 224.22 188.163 145.181 93.035
threshold=1.0000000180025095e-35 1.0000000180025095e-35 1.0000000180025095e-35 1.0000000180025095e-35 1.0000000180025095e-35 1.0000000180025095e-35 1.0000000180025095e-35
decision_type=2 2 2 2 2 2 2
left_child=1 3 4 -1 -2 -3 -4
right_child=2 5 6 -5 -6 -7 -8
leaf_value=0.0037634187609307764 0.021062481753929357 -0.029464990099273627 0.011738930147771755 0.094045189638154905 -0.020364969942792355 0.037228981094208045 -0.055687249228158757
leaf_weight=307.45597863197327 1282.4677905440331 359.01926475763321 214.3142162412405 2618.9990547448397 7525.7966993749142 3518.0405622720718 4388.5321640223265
leaf_count=1237 5168 1449 865 10483 30340 14119 17751
internal_value=-9.98719e-06 0.0540761 -0.0274501 0.0845646 -0.0143315 0.0310471 -0.0525459
internal_weight=20214.6 6803.51 13411.1 2926.46 8808.26 3877.06 4602.85
internal_count=81412 27288 54124 11720 35508 15568 18616
is_linear=0
shrinkage=0.1


Tree=2
num_leaves=8
num_cat=0
split_feature=16 18 21 1 36 1 4
split_gain=2431.75 404.332 379.64 195.524 174.977 94.9017 57.4401
threshold=1.0000000180025095e-35 1.0000000180025095e-35 1.0000000180025095e-35 1.0000000180025095e-35 1.0000000180025095e-35 1.0000000180025095e-35 1.0000000180025095e-35
decision_type=2 2 2 2 2 2 2
left_child=1 5 4 -3 -2 -1 -4
right_child=2 3 6 -5 -6 -7 -8
leaf_value=0.020257136835032323 -0.0080640368408950881 -0.022120409445113742 -0.040886051644956727 0.042408469273462701 -0.038792356699334195 0.10542287815584073 -0.067905880709825422
leaf_weight=146.68584600090981 7769.4180837720633 518.80189695954323 1512.7099461555481 4891.0116153359413 2432.8843713253736 1252.9384464025497 1655.3905035108328
leaf_count=590 31379 2096 6153 19588 9829 5014 6763
internal_value=-1.46347e-05 0.0486239 -0.0247876 0.0362172 -0.0153947 0.096518 -0.0550214
internal_weight=20179.8 6809.44 13370.4 5409.81 10202.3 1399.62 3168.1
internal_count=81412 27288 54124 21684 41208 5604 12916
is_linear=0
shrinkage=0.1


Tree=3
num_leaves=8
num_cat=0
split_feature=16 17 21 13 1 4 12
split_gain=1973.59 346.393 312.681 171.904 150.769 94.4702 50.1053
threshold=1.0000000180025095e-35 1.0000000180025095e-35 1.0000000180025095e-35 1.0000000180025095e-35 1.0000000180025095e-35 1.0000000180025095e-35 1.0000000180025095e-35
decision_type=2 2 2 2 2 2 2
left_child=1 4 3 -2 -1 -3 -4
right_child=2 5 6 -5 -6 -7 -8
leaf_value=0.003576685859371374 0.031194202523801465 0.035740021935751827 -0.0067773999804854324 -0.017622776018395764 0.0776204410393799 0.003108078701995357 -0.05365992702379279
leaf_weight=307.46530422568321 780.35457119345665 2514.9386586397886 247.78641131520271 9405.5451638251543 2611.4809831529856 1370.7274996936321 2893.7570469677448
leaf_count=1237 3138 10076 1018 38070 10483 5492 11898
internal_value=-1.71824e-05 0.0437974 -0.0223893 -0.0138802 0.069825 0.0242324 -0.0499654
internal_weight=20132.1 6804.61 13327.4 10185.9 2918.95 3885.67 3141.54
internal_count=81412 27288 54124 41208 11720 15568 12916
is_linear=0
shrinkage=0.1


Tree=4
num_leaves=8
num_cat=0
split_feature=16 18 22 1 1 27 1
split_gain=1603.44 297.263 266.154 150.866 147.021 80.0349 64.8997
threshold=1.0000000180025095e-35 1.0000000180025095e-35 1.0000000180025095e-35 1.0000000180025095e-35 1.0000000180025095e-35 1.0000000180025095e-35 1.0000000180025095e-35
decision_type=2 2 2 2 2 2 2
left_child=1 6 3 -2 -3 -4 -1
right_child=2 4 5 -5 -6 -7 -8
leaf_value=0.017858984732717544 -0.050280782382928428 -0.021683934641830584 0.032146392239791197 -0.0057876084933526596 0.034279722499707087 -0.042405240320602167 0.088291067135193371
leaf_weight=146.92505016922951 842.20654210448265 518.61797754466534 148.21818087995052 7926.3010551184416 4887.6987144052982 4366.0928458869457 1237.7154575884342
leaf_count=590 3413 2096 610 32095 19588 18006 5014
internal_value=-1.70772e-05 0.0395063 -0.0202252 -0.0100664 0.0289082 -0.0399509 0.0808358
internal_weight=20073.8 6790.96 13282.8 8768.51 5406.32 4514.31 1384.64
internal_count=81412 27288 54124 35508 21684 18616 5604
is_linear=0
shrinkage=0.1


Tree=5
num_leaves=8
num_cat=0
split_feature=16 17 12 21 20 21 26
split_gain=1303.65 256.583 237.471 178.33 112.379 83.707 73.3317
threshold=1.0000000180025095e-35 1.0000000180025095e-35 1.0000000180025095e-35 1.0000000180025095e-35 1.0000000180025095e-35 1.0000000180025095e-35 1.0000000180025095e-35
decision_type=2 2 2 2 2 2 2
left_child=1 4 6 -4 -1 -3 -2
right_child=2 5 3 -5 -6 -7 -8
leaf_value=0.10779026302972546 -0.11689104120836546 0.025295623050722013 -0.016293940944086469 -0.045141250227653376 0.050362231179414407 -0.014726451250583375 0.019878099445250114
leaf_weight=395.14463227987289 39.167182847857475 3264.7259010672569 8699.725694745779 2843.4008357226849 2489.528003230691 621.46572966873646 1657.6844613850117
leaf_count=1617 160 13079 35344 11898 10103 2489 6722
internal_value=-1.60739e-05 0.0356727 -0.0182685 -0.0234031 0.0582634 0.0188933 0.0166542
internal_weight=20010.8 6770.86 13240 11543.1 2884.67 3886.19 1696.85
internal_count=81412 27288 54124 47242 11720 15568 6882
is_linear=0
shrinkage=0.1


Tree=6
num_leaves=8
num_cat=0
split_feature=16 19 13 27 12 1 1
split_gain=1060.23 215.143 196.831 194.881 138.527 28.9559 28.3312
threshold=1.0000000180025095e-35 1.0000000180025095e-35 1.0000000180025095e-35 1.0000000180025095e-35 1.0000000180025095e-35 1.0000000180025095e-35 1.0000000180025095e-35
decision_type=2 2 2 2 2 2 2
left_child=1 6 5 -4 -3 -2 -1
right_child=2 4 3 -5 -6 -7 -8
leaf_value=0.021718907630709331 -0.047039261520574097 0.054247339937200136 0.032708639758893647 -0.022862477211245694 0.018007312809077573 0.032298898842155636 0.091337325115497775
leaf_weight=65.222982108592987 47.704542145133018 1360.2966559529305 666.46546842157841 11611.833201542497 4693.5004369467497 870.65543654561043 630.50517845153809
leaf_count=261 193 5490 2716 47701 18914 3514 2623
internal_value=-1.5211e-05 0.0322198 -0.0165032 -0.0198437 0.0261581 0.028131 0.0848513
internal_weight=19946.2 6749.53 13196.7 12278.3 6053.8 918.36 695.728
internal_count=81412 27288 54124 50417 24404 3707 2884
is_linear=0
shrinkage=0.1


Tree=7
num_leaves=8
num_cat=0
split_feature=16 17 12 4 1 1 26
split_gain=862.169 196.462 188.175 168.291 99.6932 74.3708 59.8959
threshold=1.0000000180025095e-35 1.0000000180025095e-35 1.0000000180025095e-35 1.0000000180025095e-35 1.0000000180025095e-35 1.0000000180025095e-35 1.0000000180025095e-35
decision_type=2 2 2 2 2 2 2
left_child=1 4 6 -4 -1 -3 -2
right_child=2 5 3 -5 -6 -7 -8
leaf_value=-0.004571814268252308 -0.10595842961651147 -0.028844971429179994 -0.0099399266429268645 -0.034859222250569991 0.055603486374956469 0.018892848449222548 0.019056541992452585
leaf_weight=308.67856052517891 38.247856944799423 358.74137359857559 7065.869489505887 4396.5707935988903 2535.1070303022861 3525.0605415254831 1658.1930502355099
leaf_count=1237 160 1449 29006 18236 10483 14119 6722
internal_value=-1.20188e-05 0.0291058 -0.0148998 -0.0195003 0.0490725 0.0144771 0.0161772
internal_weight=19886.5 6727.59 13158.9 11462.4 2843.79 3883.8 1696.44
internal_count=81412 27288 54124 47242 11720 15568 6882
is_linear=0
shrinkage=0.1


Tree=8
num_leaves=8
num_cat=0
split_feature=16 13 22 1 17 1 36
split_gain=701.703 183.313 178.605 117.808 97.7278 88.6866 70.1088
threshold=1.0000000180025095e-35 1.0000000180025095e-35 1.0000000180025095e-35 1.0000000180025095e-35 1.0000000180025095e-35 1.0000000180025095e-35 1.0000000180025095e-35
decision_type=2 2 2 2 2 2 2
left_child=1 5 3 -2 -3 -1 -4
right_child=2 4 6 -5 -6 -7 -8
leaf_value=-0.037241319260227009 -0.040945655252122591 0.035142386037290807 -0.022475176280355138 -0.0013682687343345721 0.0074681594751420562 0.066754047392497476 -0.051440792485556441
leaf_weight=87.258306324481964 830.50228877365589 2077.3557874858379 3292.6451511085033 7877.8633516728878 3307.4537422508001 1225.5021956115961 1120.5930968374014
leaf_count=351 3413 8619 13883 32095 13270 5048 4733
internal_value=-1.08036e-05 0.0263241 -0.0134537 -0.00514697 0.0181489 0.0598185 -0.02984
internal_weight=19819.2 6697.57 13121.6 8708.37 5384.81 1312.76 4413.24
internal_count=81412 27288 54124 35508 21889 5399 18616
is_linear=0
shrinkage=0.1


Tree=9
num_leaves=8
num_cat=0
split_feature=16 36 19 27 12 13 13
split_gain=570.948 161.405 159.745 123.956 106.101 43.6907 21.8785
threshold=1.0000000180025095e-35 1.0000000180025095e-35 1.0000000180025095e-35 1.0000000180025095e-35 1.0000000180025095e-35 1.0000000180025095e-35 1.0000000180025095e-35
decision_type=2 2 2 2 2 2 2
left_child=2 3 6 -2 -4 -3 -1
right_child=1 5 4 -5 -6 -7 -8
leaf_value=0.093355921660900967 0.039739861022129383 0.018064253418997551 0.043391338559408354 -0.0086556239310741721 0.011493551081971816 -0.034788519108418556 0.055713806067962307
leaf_weight=254.5254632383585 559.81703634560108 164.55277353525162 1342.7676042467356 9404.7878873944283 4661.5817725211382 2954.9691331386566 412.15719451010227
leaf_count=1112 2275 665 5490 38869 18914 12315 1772
internal_value=-1.00476e-05 -0.0121489 0.0237965 -0.00593302 0.018633 -0.0319957 0.0702031
internal_weight=19755.2 13084.1 6671.03 9964.6 6004.35 3119.52 666.683
internal_count=81412 54124 27288 41144 24404 12980 2884
is_linear=0
shrinkage=0.1


Tree=10
num_leaves=8
num_cat=0
split_feature=17 21 1 1 2 4 20
split_gain=464.879 232.914 174.139 77.2308 431.03 67.3151 61.9981
threshold=1.0000000180025095e-35 1.0000000180025095e-35 1.0000000180025095e-35 1.0000000180025095e-35 1.0000000180025095e-35 1.0000000180025095e-35 1.0000000180025095e-35
decision_type=2 2 2 2 2 2 2
left_child=3 2 -2 4 -1 -3 -5
right_child=1 5 -4 6 -6 -7 -8
leaf_value=0.073816541752543291 -0.035242878136256699 -0.014611290306034481 0.0036159002266857652 0.084071331440356598 -0.17629153108466122 -0.041913835530340393 0.037560433156377276
leaf_weight=206.73231925070286 1274.4658818244934 1749.9037047624588 12033.042442589998 331.240592867136 102.10850942134857 1868.5619444698095 2133.0336428284645
leaf_count=828 5258 7377 49029 1490 409 8028 8993
internal_value=-6.93421e-06 -0.00622561 -0.00010799 0.0379379 -0.00917592 -0.0287179 0.0438439
internal_weight=19699.1 16926 13307.5 2773.12 308.841 3618.47 2464.27
internal_count=81412 69692 54287 11720 1237 15405 10483
is_linear=0
shrinkage=0.1


Tree=11
num_leaves=8
num_cat=0
split_feature=16 12 14 4 12 26 1
split_gain=411.406 144.01 138.928 120.779 78.8491 48.8224 31.6713
threshold=1.0000000180025095e-35 1.0000000180025095e-35 1.0000000180025095e-35 1.0000000180025095e-35 1.0000000180025095e-35 1.0000000180025095e-35 1.0000000180025095e-35
decision_type=2 2 2 2 2 2 2
left_child=2 5 6 -3 -4 -2 -1
right_child=1 3 4 -5 -6 -7 -8
leaf_value=-0.027297165818779359 -0.09537418713686438 -0.0062810701809113637 0.037614258404633012 -0.027536657079221677 0.010159407118360974 0.01944277180549947 0.077602289046585893
leaf_weight=30.196836039423943 36.904121160507202 7015.0824274122715 1338.489951133728 4319.0513772815466 4781.5362414568663 1655.3664249330759 465.4724498540163
leaf_count=122 160 29006 5571 18236 19593 6722 2002
internal_value=-6.08871e-06 -0.0103197 0.0203001 -0.0143826 0.0161691 0.0168841 0.0711696
internal_weight=19642.1 13026.4 6615.7 11334.1 6120.03 1692.27 495.669
internal_count=81412 54124 27288 47242 25164 6882 2124
is_linear=0
shrinkage=0.1


Tree=12
num_leaves=8
num_cat=0
split_feature=13 16 27 1 2 4 15
split_gain=356.499 211.341 128.716 75.7354 127.851 61.9661 53.4391
threshold=1.0000000180025095e-35 1.0000000180025095e-35 1.0000000180025095e-35 1.0000000180025095e-35 1.0000000180025095e-35 1.0000000180025095e-35 1.0000000180025095e-35
decision_type=2 2 2 2 2 2 2
left_child=3 5 -3 4 -1 -2 -5
right_child=1 2 -4 6 -6 -7 -8
leaf_value=0.046018240668037974 0.019756541209418017 0.030567792898220959 -0.014599143167572042 0.082557114863946068 -0.15172263544623343 -0.002824935263874704 0.036228795300035303
leaf_weight=79.449898228049278 3451.0091750323772 666.95111721754074 11410.978932052851 290.12416119873524 54.172592625021935 1875.0489723682404 1760.5394115746021
leaf_count=323 14207 2716 47701 1264 221 7682 7298
internal_value=-5.26947e-06 -0.00478525 -0.0121027 0.0380655 -0.0346804 0.0118077 0.0428203
internal_weight=19588.3 17404 12077.9 2184.29 133.622 5326.06 2050.66
internal_count=81412 72306 50417 9106 544 21889 8562
is_linear=0
shrinkage=0.1


Tree=13
num_leaves=8
num_cat=0
split_feature=17 21 1 20 1 4 14
split_gain=294.548 174.359 134.391 58.979 48.5387 47.0501 11.9859
threshold=1.0000000180025095e-35 1.0000000180025095e-35 1.0000000180025095e-35 1.0000000180025095e-35 1.0000000180025095e-35 1.0000000180025095e-35 1.0000000180025095e-35
decision_type=2 2 2 2 2 2 2
left_child=3 2 -2 6 -5 -3 -1
right_child=1 5 -4 4 -6 -7 -8
leaf_value=0.099282599376664504 -0.030682261970443915 -0.012749936141213725 0.0036161028627909385 -0.014458292055345254 0.030137236329459513 -0.035726918562029107 0.057122392235781694
leaf_weight=96.658050328493118 1261.6478067487478 1738.193056255579 11996.151701197028 275.7158008813858 2090.1279120892286 1831.608380317688 247.65680746734142
leaf_count=476 5258 7377 49029 1110 8993 8028 1141
internal_value=-4.42259e-06 -0.00493244 0.00035011 0.0305846 0.0249362 -0.0245458 0.0692111
internal_weight=19537.8 16827.6 13257.8 2710.16 2365.84 3569.8 344.315
internal_count=81412 69692 54287 11720 10103 15405 1617
is_linear=0
shrinkage=0.1


Tree=14
num_leaves=8
num_cat=0
split_feature=13 12 4 37 1 2 14
split_gain=272.573 174.016 151.171 59.8469 57.133 107.011 43.7378
threshold=1.0000000180025095e-35 1.0000000180025095e-35 1.0000000180025095e-35 1.0000000180025095e-35 1.0000000180025095e-35 1.0000000180025095e-35 1.0000000180025095e-35
decision_type=2 2 2 2 2 2 2
left_child=4 3 -3 -2 5 -1 -6
right_child=1 2 -4 -5 6 -7 -8
leaf_value=0.043047782579969329 0.028623118512699247 -0.0004263066949331581 -0.021247199160421077 -0.0087697790177323383 0.059124204398506255 -0.13943779877916937 0.027566051588561749
leaf_weight=79.497717797756195 1930.0106980502605 9248.2244940847158 5596.9133023172617 549.39835005998611 645.07250747084618 52.560295715928078 1384.3092210590839
leaf_count=323 7970 38371 23692 2273 2817 221 5745
internal_value=-2.84097e-06 -0.00418101 -0.0082771 0.0203372 0.0334728 -0.0300852 0.0376215
internal_weight=19486 17324.5 14845.1 2479.41 2161.44 132.058 2029.38
internal_count=81412 72306 62063 10243 9106 544 8562
is_linear=0
shrinkage=0.1


Tree=15
num_leaves=8
num_cat=0
split_feature=16 36 19 27 1 31 1
split_gain=228.777 127.807 83.6588 77.3834 62.5404 33.0129 12.8717
threshold=1.0000000180025095e-35 1.0000000180025095e-35 1.0000000180025095e-35 1.0000000180025095e-35 1.0000000180025095e-35 1.0000000180025095e-35 1.0000000180025095e-35
decision_type=2 2 2 2 2 2 2
left_child=2 3 6 -2 -4 -3 -1
right_child=1 5 4 -5 -6 -7 -8
leaf_value=0.008058694706829744 0.033839003759986802 0.03708622862293235 -0.019047303833340853 -0.0043450738598127493 0.015057744157632662 -0.027260321914158205 0.055440619038068364
leaf_weight=64.458622083067894 561.87209390103817 81.087415516376495 597.260194465518 9297.7443594038486 5320.1372891962528 2982.9261357039213 546.32645587623119
leaf_count=261 2275 341 2425 38869 21979 12639 2623
internal_value=-2.79989e-06 -0.00771049 0.0152547 -0.00216586 0.0116128 -0.0255459 0.0504616
internal_weight=19451.8 12923.6 6528.18 9859.62 5917.4 3064.01 610.785
internal_count=81412 54124 27288 41144 24404 12980 2884
is_linear=0
shrinkage=0.1


Tree=16
num_leaves=8
num_cat=0
split_feature=13 10 6 1 2 7 15
split_gain=210.5 148.073 158.008 43.8027 90.1228 42.6972 37.3279
threshold=1.0000000180025095e-35 1.0000000180025095e-35 1.0000000180025095e-35 1.0000000180025095e-35 1.0000000180025095e-35 1.0000000180025095e-35 1.0000000180025095e-35
decision_type=2 2 2 2 2 2 2
left_child=3 2 -2 4 -1 -3 -5
right_child=1 5 -4 6 -6 -7 -8
leaf_value=0.039780406042849707 -0.0070564641655866418 -0.014545007192648361 0.015737592202276565 0.067506954953758164 -0.12953421226766484 -0.039289951260915945 0.027779024349624204
leaf_weight=79.654548093676567 7823.4325100034475 3602.0200041383505 4973.668428376317 273.73334646224976 50.582952275872231 864.5917476862669 1735.491278424859
leaf_count=323 32755 15177 20680 1264 221 3694 7298
internal_value=-1.41079e-06 -0.00366867 0.00180312 0.0295783 -0.0264657 -0.0193426 0.0332224
internal_weight=19403.2 17263.7 12797.1 2139.46 130.238 4466.61 2009.22
internal_count=81412 72306 53435 9106 544 18871 8562
is_linear=0
shrinkage=0.1


Tree=17
num_leaves=8
num_cat=0
split_feature=12 4 11 21 37 1 26
split_gain=191.418 130.948 142.644 68.2697 59.9495 60.7895 30.5003
threshold=1.0000000180025095e-35 1.0000000180025095e-35 1.0000000180025095e-35 1.0000000180025095e-35 1.0000000180025095e-35 1.0000000180025095e-35 1.0000000180025095e-35
decision_type=2 2 2 2 2 2 2
left_child=4 2 -2 -3 5 -1 -6
right_child=1 3 -4 -5 6 -7 -8
leaf_value=-0.028826979094878066 0.010797691988602275 -0.0092937770466324839 -0.014029170225938839 -0.032856385363674349 -0.096890385189824291 0.033791668568879461 0.0011262190175656338
leaf_weight=165.34609019756317 6815.256768912077 4113.8438923060894 3502.8967206180096 1753.695415481925 32.341569378972054 2327.6977972537279 663.46813917160034
leaf_count=675 28334 17139 14705 7862 146 9787 2764
internal_value=-2.01929e-06 -0.00441426 0.00236871 -0.0163406 0.0223876 0.0296287 -0.00356215
internal_weight=19374.5 16185.7 10318.2 5867.54 3188.85 2493.04 695.81
internal_count=81412 68040 43039 25001 13372 10462 2910
is_linear=0
shrinkage=0.1


Tree=18
num_leaves=8
num_cat=0
split_feature=17 27 5 20 2 1 14
split_gain=176.06 112.638 108.871 40.5459 34.0679 15.1949 8.77829
threshold=1.0000000180025095e-35 1.0000000180025095e-35 1.0000000180025095e-35 1.0000000180025095e-35 1.0000000180025095e-35 1.0000000180025095e-35 1.0000000180025095e-35
decision_type=2 2 2 2 2 2 2
left_child=3 5 -3 6 -5 -2 -1
right_child=1 2 -4 4 -6 -7 -8
leaf_value=0.085087204172472286 -0.011127792099478184 0.0023847141624543972 -0.01428801112647303 0.060544057260476028 0.015800487217193633 0.031733547589515909 0.047029366069069684
leaf_weight=84.664030134677887 90.083152011036873 7869.3924926221371 7795.4886594116688 184.14347021281719 2132.2574959695339 952.20111288130283 235.26758225262165
leaf_count=476 371 32713 32750 738 9365 3858 1141
internal_value=-3.95511e-06 -0.00379412 -0.0059127 0.0240077 0.019382 0.028022 0.0573344
internal_weight=19343.5 16707.2 15664.9 2636.33 2316.4 1042.28 319.932
internal_count=81412 69692 65463 11720 10103 4229 1617
is_linear=0
shrinkage=0.1


Tree=19
num_leaves=8
num_cat=0
split_feature=13 3 1 1 2 14 35
split_gain=154.51 128.109 294.927 35.6511 74.9537 29.5797 11.3528
threshold=1.0000000180025095e-35 1.0000000180025095e-35 1.0000000180025095e-35 1.0000000180025095e-35 1.0000000180025095e-35 1.0000000180025095e-35 1.0000000180025095e-35
decision_type=2 2 2 2 2 2 2
left_child=3 6 -3 4 -1 -5 -2
right_child=1 2 -4 5 -6 -7 -8
leaf_value=0.034272028587850084 0.074893715510942357 -0.054623227000562519 -0.0012275959879235582 0.046956067578741691 -0.12207139090594395 0.020576057189989273 0.036042007891894712
leaf_weight=79.593291446566582 88.385960280895233 1107.5232699513435 15478.043765425682 618.09569327533245 48.565765783190727 1367.3546028286219 523.25077286362648
leaf_count=323 370 4688 65028 2817 221 5745 2220
internal_value=-1.37003e-06 -0.00313775 -0.00479624 0.0255069 -0.0254606 0.028808 0.0417694
internal_weight=19310.8 17197.2 16585.6 2113.61 128.159 1985.45 611.637
internal_count=81412 72306 69716 9106 544 8562 2590
is_linear=0
shrinkage=0.1


Tree=20
num_leaves=8
num_cat=0
split_feature=12 4 11 3 1 2 37
split_gain=144.488 102.472 106.663 55.0661 49.4643 179.022 49.7364
threshold=1.0000000180025095e-35 1.0000000180025095e-35 1.0000000180025095e-35 1.0000000180025095e-35 1.0000000180025095e-35 1.0000000180025095e-35 1.0000000180025095e-35
decision_type=2 2 2 2 2 2 2
left_child=4 2 -2 -3 5 -1 -6
right_child=1 3 -4 -5 6 -7 -8
leaf_value=0.038059687795541287 0.0094522399073261945 0.034897264725578678 -0.012057618316383221 -0.01633858737884944 0.029720739122796914 -0.15547124256352463 -0.0017022726953162652
leaf_weight=141.54278534650803 6802.4311518967152 216.99019676446915 3485.9520975500345 5615.7730641812086 2310.5745413899422 70.954264059662819 643.91769970953465
leaf_count=577 28334 929 14705 24072 9787 298 2710
internal_value=-2.97353e-06 -0.00383941 0.00216372 -0.0144269 0.019521 -0.0269872 0.022874
internal_weight=19288.1 16121.1 10288.4 5832.76 3166.99 212.497 2954.49
internal_count=81412 68040 43039 25001 13372 875 12497
is_linear=0
shrinkage=0.1


Tree=21
num_leaves=8
num_cat=0
split_feature=16 24 5 2 1 6 18
split_gain=135.904 92.7374 72.8808 57.9794 512.007 27.6966 11.2957
threshold=1.0000000180025095e-35 1.0000000180025095e-35 1.0000000180025095e-35 1.0000000180025095e-35 1.0000000180025095e-35 1.0000000180025095e-35 1.0000000180025095e-35
decision_type=2 2 2 2 2 2 2
left_child=3 5 -3 6 -5 -2 -1
right_child=1 2 -4 4 -6 -7 -8
leaf_value=0.076260182126644371 0.00063792542046761647 -0.0018018206181104606 -0.019266423135854339 -0.14965082055708043 0.014607298211660414 0.019285659179678713 0.037734924702443495
leaf_weight=97.716039940714836 1856.9140904098749 4582.343792527914 4992.532391294837 195.20807349681854 5783.3006559610367 1393.8016295880079 360.36855429410934
leaf_count=397 7840 19196 21261 823 24602 5827 1466
internal_value=-4.48358e-06 -0.00595489 -0.0109093 0.0118514 0.00921987 0.00863694 0.0461011
internal_weight=19262.2 12825.6 9574.88 6436.59 5978.51 3250.72 458.085
internal_count=81412 54124 40457 27288 25425 13667 1863
is_linear=0
shrinkage=0.1


Tree=22
num_leaves=8
num_cat=0
split_feature=17 36 27 31 20 2 14
split_gain=120.837 95.7851 73.8343 34.1723 32.983 22.5171 7.20215
threshold=1.0000000180025095e-35 1.0000000180025095e-35 1.0000000180025095e-35 1.0000000180025095e-35 1.0000000180025095e-35 1.0000000180025095e-35 1.0000000180025095e-35
decision_type=2 2 2 2 2 2 2
left_child=4 2 -2 -3 6 -6 -1
right_child=1 3 -4 -5 5 -7 -8
leaf_value=0.077358073736881028 0.030160258000979628 0.036067983839665911 -0.00095924828869343743 -0.018666910187454266 0.049530931343074812 0.013002383605785787 0.041625438357094119
leaf_weight=77.463859796524048 813.20964467525482 116.77292037010193 11985.025522753596 3719.7386485338211 182.71733058989048 2099.6386449486017 227.85321907699108
leaf_count=476 3297 487 50064 15844 738 9365 1141
internal_value=-7.217e-06 -0.00313468 0.00102031 -0.016992 0.020091 0.0159471 0.0509143
internal_weight=19222.4 16634.7 12798.2 3836.51 2587.67 2282.36 305.317
internal_count=81412 69692 53361 16331 11720 10103 1617
is_linear=0
shrinkage=0.1


Tree=23
num_leaves=8
num_cat=0
split_feature=12 0 21 1 2 37 5
split_gain=111.275 98.9937 94.9702 39.6764 133.031 38.8318 12.3135
threshold=1.0000000180025095e-35 1.0000000180025095e-35 1.0000000180025095e-35 1.0000000180025095e-35 1.0000000180025095e-35 1.0000000180025095e-35 1.0000000180025095e-35
decision_type=2 2 2 2 2 2 2
left_child=3 6 -3 4 -1 -5 -2
right_child=1 2 -4 5 -6 -7 -8
leaf_value=0.030320135822067926 0.0390995859168419 -0.0012387425694408893 -0.020697202918490587 0.026275027104533277 -0.1398345673315331 -0.0015561904329637586 0.016038248205112359
leaf_weight=140.87522961199284 491.74799357354641 11943.269812628627 3174.1014475077391 2293.020036354661 67.002918884158134 641.38873670995235 441.11346255242825
leaf_count=577 2070 49919 14172 9787 298 2710 1879
internal_value=-4.49889e-06 -0.00337386 -0.00532541 0.0172012 -0.0249307 0.0201934 0.0282236
internal_weight=19192.5 16050.2 15117.4 3142.29 207.878 2934.41 932.861
internal_count=81412 68040 64091 13372 875 12497 3949
is_linear=0
shrinkage=0.1


Tree=24
num_leaves=8
num_cat=0
split_feature=13 27 28 1 3 15 1
split_gain=106.158 93.6356 88.269 25.5003 34.8624 24.3534 11.2506
threshold=1.0000000180025095e-35 1.0000000180025095e-35 1.0000000180025095e-35 1.0000000180025095e-35 1.0000000180025095e-35 1.0000000180025095e-35 1.0000000180025095e-35
decision_type=2 2 2 2 2 2 2
left_child=3 6 -3 4 -1 -5 -2
right_child=1 2 -4 5 -6 -7 -8
leaf_value=0.024410420288643143 -0.0048892072313829653 0.043715154577500852 -0.0057567419038559164 0.052952416048722854 -0.082481590526714152 0.019772371585069268 0.027903658815842766
leaf_weight=68.338667407631874 115.80355942249298 368.22621704638004 15550.227288037539 253.96140322089195 53.634210020303726 1700.6571807712317 1056.4908326417208
leaf_count=279 479 1552 65908 1264 265 7298 4367
internal_value=-5.9444e-06 -0.00260049 -0.00460968 0.0213386 -0.0228809 0.0241083 0.0246629
internal_weight=19167.3 17090.7 15918.5 2076.59 121.973 1954.62 1172.29
internal_count=81412 72306 67460 9106 544 8562 4846
is_linear=0
shrinkage=0.1


end of trees

feature_importances:
discharge_disposition_id_lt=_10.5=35
number_inpatient_lt=_0.5=14
number_outpatient_lt=_0.5=12
number_emergency_lt=_0.5=12
admission_source_id_lt=_6.5=11
discharge_disposition_id_lt=_14.5=10
number_inpatient_lt=_1.5=10
number_diagnoses_lt=_5.5=9
diag_1_428_lt=_0.5=8
number_emergency_lt=_1.5=6
number_inpatient_lt=_4.5=5
diabetesMed_Yes_lt=_0.5=5
diag_1_278_lt=_0.5=4
num_lab_procedures_lt=_24.5=4
discharge_disposition_id_lt=_21.0=3
time_in_hospital_lt=_3.5=3
number_emergency_lt=_2.5=3
number_inpatient_lt=_2.5=3
number_inpatient_lt=_3.5=3
number_diagnoses_lt=_6.5=3
num_procedures_lt=_0.5=2
num_medications_lt=_11.5=2
diag_2_403_lt=_0.5=2
admission_type_id_lt=_5.5=1
num_medications_lt=_5.5=1
num_medications_lt=_10.5=1
age_(70-80)_lt=_0.5=1
diag_1_491_lt=_0.5=1
insulin_Down_lt=_0.5=1

parameters:
[boosting: gbdt]
[objective: binary]
[metric: binary_logloss]
[tree_learner: serial]
[device_type: cpu]
[data_sample_strategy: bagging]
[data: ]
[valid: ]
[num_iterations: 25]
[learning_rate: 0.1]
[num_leaves: 31]
[num_threads: 8]
[seed: 42]
[deterministic: 0]
[force_col_wise: 0]
[force_row_wise: 0]
[histogram_pool_size: -1]
[max_depth: 3]
[min_data_in_leaf: 20]
[min_sum_hessian_in_leaf: 0.001]
[bagging_fraction: 1]
[pos_bagging_fraction: 1]
[neg_bagging_fraction: 1]
[bagging_freq: 0]
[bagging_seed: 400]
[bagging_by_query: 0]
[feature_fraction: 1]
[feature_fraction_bynode: 1]
[feature_fraction_seed: 30056]
[extra_trees: 0]
[extra_seed: 12879]
[early_stopping_round: 0]
[early_stopping_min_delta: 0]
[first_metric_only: 0]
[max_delta_step: 0]
[lambda_l1: 0]
[lambda_l2: 1]
[linear_lambda: 0]
[min_gain_to_split: 0]
[drop_rate: 0.1]
[max_drop: 50]
[skip_drop: 0.5]
[xgboost_dart_mode: 0]
[uniform_drop: 0]
[drop_seed: 17869]
[top_rate: 0.2]
[other_rate: 0.1]
[min_data_per_group: 100]
[max_cat_threshold: 32]
[cat_l2: 10]
[cat_smooth: 10]
[max_cat_to_onehot: 4]
[top_k: 20]
[monotone_constraints: ]
[monotone_constraints_method: basic]
[monotone_penalty: 0]
[feature_contri: ]
[forcedsplits_filename: ]
[refit_decay_rate: 0.9]
[cegb_tradeoff: 1]
[cegb_penalty_split: 0]
[cegb_penalty_feature_lazy: ]
[cegb_penalty_feature_coupled: ]
[path_smooth: 0]
[interaction_constraints: ]
[verbosity: -1]
[saved_feature_importance_type: 0]
[use_quantized_grad: 0]
[num_grad_quant_bins: 4]
[quant_train_renew_leaf: 0]
[stochastic_rounding: 1]
[linear_tree: 0]
[max_bin: 255]
[max_bin_by_feature: ]
[min_data_in_bin: 3]
[bin_construct_sample_cnt: 200000]
[data_random_seed: 175]
[is_enable_sparse: 1]
[enable_bundle: 1]
[use_missing: 1]
[zero_as_missing: 0]
[feature_pre_filter: 1]
[pre_partition: 0]
[two_round: 0]
[header: 0]
[label_column: ]
[weight_column: ]
[group_column: ]
[ignore_column: ]
[categorical_feature: ]
[forcedbins_filename: ]
[precise_float_parser: 0]
[parser_config_file: ]
[objective_seed: 16083]
[num_class: 1]
[is_unbalance: 0]
[scale_pos_weight: 1]
[sigmoid: 1]
[boost_from_average: 1]
[reg_sqrt: 0]
[alpha: 0.9]
[fair_c: 1]
[poisson_max_delta_step: 0.7]
[tweedie_variance_power: 1.5]
[lambdarank_truncation_level: 30]
[lambdarank_norm: 1]
[label_gain: ]
[lambdarank_position_bias_regularization: 0]
[eval_at: ]
[multi_error_top_k: 1]
[auc_mu_weights: ]
[num_machines: 1]
[local_listen_port: 12400]
[time_out: 120]
[machine_list_filename: ]
[machines: ]
[gpu_platform_id: -1]
[gpu_device_id: -1]
[gpu_use_dp: 0]
[num_gpu: 1]

end of parameters

pandas_categorical:[]
