tree
version=v4
num_class=1
num_tree_per_iteration=1
label_index=0
max_feature_idx=54
objective=binary sigmoid:1
feature_names=V3_lt=_1.2530920505523682 V4_lt=_-0.4713319092988968 V4_lt=_-0.46976254880428314 V4_lt=_-0.45784682035446167 V4_lt=_-0.26174306869506836 V4_lt=_-0.24416956305503845 V4_lt=_-0.18242227286100388 V4_lt=_-0.09988194331526756 V4_lt=_-0.07750282809138298 V4_lt=_-0.03460181504487991 V4_lt=_0.05699341371655464 V4_lt=_0.3752809464931488 V4_lt=_0.38157644867897034 V4_lt=_0.6149967312812805 V4_lt=_0.7523619830608368 V4_lt=_0.7563583552837372 V4_lt=_1.5319359302520752 V4_lt=_1.574686348438263 V4_lt=_1.662422001361847 V4_lt=_1.6727799773216248 V4_lt=_1.6730803847312927 V4_lt=_1.6956751942634583 V4_lt=_1.779853105545044 V7_lt=_2.1766912937164307 V8_lt=_-0.7664555907249451 V8_lt=_-0.6077740788459778 V8_lt=_-0.4568992853164673 V8_lt=_-0.45575150847435 V8_lt=_0.2713486850261688 V10_lt=_-1.7240893840789795 V10_lt=_-1.702573299407959 V10_lt=_0.567154198884964 V11_lt=_0.28784188628196716 V12_lt=_-1.4592942595481873 V12_lt=_-0.24677349627017975 V12_lt=_-0.22093023359775543 V12_lt=_0.3119194656610489 V14_lt=_-2.7358014583587646 V14_lt=_-1.8273465633392334 V14_lt=_-1.812438189983368 V14_lt=_-1.7704376578330994 V14_lt=_-1.7583861351013184 V14_lt=_-1.5734373927116394 V14_lt=_-1.4366859793663025 V14_lt=_-1.4205476641654968 V14_lt=_-1.3845648169517517 V14_lt=_-0.8144704699516296 V14_lt=_-0.7452503144741058 V14_lt=_-0.7145193219184875 V14_lt=_-0.6914466023445129 V14_lt=_-0.663888156414032 V17_lt=_-1.7784389853477478 V20_lt=_-0.8322816491127014 Amount_lt=_0.5276917517185211 V17_lt=_0.714995414018631
feature_infos=[0:1] [0:1] [0:1] [0:1] [0:1] [0:1] [0:1] [0:1] [0:1] [0:1] [0:1] [0:1] [0:1] [0:1] [0:1] [0:1] [0:1] [0:1] [0:1] [0:1] [0:1] [0:1] [0:1] [0:1] [0:1] [0:1] [0:1] [0:1] [0:1] [0:1] [0:1] [0:1] [0:1] [0:1] [0:1] [0:1] [0:1] [0:1] [0:1] [0:1] [0:1] [0:1] [0:1] [0:1] [0:1] [0:1] [0:1] [0:1] [0:1] [0:1] [0:1] [0:1] [0:1] [0:1] [0:1]
tree_sizes=939 1026 1030 1030 1036 1034 1035 1034 1035 1033 1041 1035 1031 1034 1034 1034 1033 1035 1034 1041 1040 1041 1041 1042 1032

Tree=0
num_leaves=8
num_cat=0
split_feature=39 15 35 3 33 23 1
split_gain=263206 9858.31 8351.75 6196.26 2464.95 981.995 27.6623
threshold=1.0000000180025095e-35 1.0000000180025095e-35 1.0000000180025095e-35 1.0000000180025095e-35 1.0000000180025095e-35 1.0000000180025095e-35 1.0000000180025095e-35
decision_type=2 2 2 2 2 2 2
left_child=1 2 -1 4 -2 -3 -5
right_child=3 5 -4 6 -6 -7 -8
leaf_value=-0.14822230112455148 0.11613807755613105 -0.058894208070897396 0.0038074165615783681 -0.023995008795471021 0.19946860469009864 -0.18587160018410057 -0.18334713242070388
leaf_weight=8918.75 3935 621.25 6074 11.499999999999998 36729.25 34247 443.5
leaf_count=35675 15740 2485 24296 46 146917 136988 1774
internal_value=5.49691e-06 -0.154453 -0.0866345 0.187301 0.191408 -0.183611 -0.179381
internal_weight=90980.2 49861 14992.8 41119.2 40664.2 34868.2 455
internal_count=363921 199444 59971 164477 162657 139473 1820
is_linear=0
shrinkage=1


Tree=1
num_leaves=8
num_cat=0
split_feature=40 15 35 3 29 9 1
split_gain=215124 8014.16 6676 5502.65 2232.18 813.588 26.2145
threshold=1.0000000180025095e-35 1.0000000180025095e-35 1.0000000180025095e-35 1.0000000180025095e-35 1.0000000180025095e-35 1.0000000180025095e-35 1.0000000180025095e-35
decision_type=2 2 2 2 2 2 2
left_child=1 2 -1 4 -2 -3 -5
right_child=3 5 -4 6 -6 -7 -8
leaf_value=-0.13436395990478986 0.10131217748931901 -0.14640923765412386 0.0021011768868331058 -0.018819700511753093 0.18133933514876169 -0.17846409683258707 -0.16719024613406816
leaf_weight=8855.2735576629639 3857.7185121774673 12407.116519212723 6022.7281019836664 12.489757031202315 36536.445756107569 22088.392897248268 476.73721992969513
leaf_count=35616 15507 50052 24091 50 147576 89106 1923
internal_value=3.88796e-06 -0.14048 -0.0791254 0.169661 0.173699 -0.166939 -0.163449
internal_weight=90256.9 49373.5 14878 40883.4 40394.2 34495.5 489.227
internal_count=363921 198865 59707 165056 163083 139158 1973
is_linear=0
shrinkage=0.1


Tree=2
num_leaves=8
num_cat=0
split_feature=41 16 7 26 50 31 1
split_gain=178447 6995.39 4848.84 3414.77 2897.32 1729.43 575.077
threshold=1.0000000180025095e-35 1.0000000180025095e-35 1.0000000180025095e-35 1.0000000180025095e-35 1.0000000180025095e-35 1.0000000180025095e-35 1.0000000180025095e-35
decision_type=2 2 2 2 2 2 2
left_child=1 3 5 -1 -3 -2 -4
right_child=2 4 6 -5 -6 -7 -8
leaf_value=-0.071823895892132658 -0.20229289268015407 -0.15591914039206639 0.014287816742037558 0.1009330996352461 -0.086422131850695944 0.1627846879232589 -0.15418488144205211
leaf_weight=4988.1198652684689 129.38798256218433 34722.366836220026 351.31086359918118 1483.7048522531986 7256.8488020002842 38984.870917141438 477.18383210897446
leaf_count=20152 524 142795 1430 5974 29787 161291 1968
internal_value=1.66624e-05 -0.128989 0.156501 -0.0322088 -0.143908 0.161572 -0.0828154
internal_weight=88393.8 48451 39942.8 6471.82 41979.2 39114.3 828.495
internal_count=363921 198708 165213 26126 172582 161815 3398
is_linear=0
shrinkage=0.1


Tree=3
num_leaves=8
num_cat=0
split_feature=39 14 48 7 30 23 1
split_gain=149572 6626.68 6212.21 3693.8 1554.63 878.668 461.517
threshold=1.0000000180025095e-35 1.0000000180025095e-35 1.0000000180025095e-35 1.0000000180025095e-35 1.0000000180025095e-35 1.0000000180025095e-35 1.0000000180025095e-35
decision_type=2 2 2 2 2 2 2
left_child=1 2 -1 4 -2 -3 -5
right_child=3 5 -4 6 -6 -7 -8
leaf_value=-0.096740447958969911 0.086821910317347761 -0.023684448549635986 0.062021072295820483 0.014706668006033416 0.15762095038506169 -0.1459512788277296 -0.14273400200318953
leaf_weight=11547.462381571531 3415.1877762526274 599.14461240172386 3132.6253922730684 335.8056064248085 34213.70989638567 32163.381694227457 416.41250967979431
leaf_count=47456 14202 2480 12717 1370 147131 136791 1774
internal_value=3.99654e-05 -0.118699 -0.06286 0.146811 0.151198 -0.143716 -0.072523
internal_weight=85823.7 47442.6 14680.1 38381.1 37628.9 32762.5 752.218
internal_count=363921 199444 60173 164477 161333 139271 3144
is_linear=0
shrinkage=0.1


Tree=4
num_leaves=8
num_cat=0
split_feature=42 14 8 25 33 53 1
split_gain=126541 5370.34 4885.38 4773.19 1746.15 848.265 487.149
threshold=1.0000000180025095e-35 1.0000000180025095e-35 1.0000000180025095e-35 1.0000000180025095e-35 1.0000000180025095e-35 1.0000000180025095e-35 1.0000000180025095e-35
decision_type=2 2 2 2 2 2 2
left_child=1 3 4 -1 -2 -3 -4
right_child=2 5 6 -5 -6 -7 -8
leaf_value=-0.085094667917014477 0.078741209715724014 -0.086041140799031648 0.0030175527866852076 0.082496358493256233 0.14926933326122319 -0.14152471071066094 -0.13678864759943196
leaf_weight=12145.833464697003 3937.9094220399857 3063.1731298863888 423.32494096457958 1975.0733209997416 32611.903177112341 27958.539628192782 604.90220327675343
leaf_count=50551 16709 13429 1749 8029 146944 123840 2670
internal_value=6.57394e-05 -0.112778 0.135625 -0.0616497 0.141673 -0.136049 -0.0792829
internal_weight=82720.7 45142.6 37578 14120.9 36549.8 31021.7 1028.23
internal_count=363921 195849 168072 58580 163653 137269 4419
is_linear=0
shrinkage=0.1


Tree=5
num_leaves=8
num_cat=0
split_feature=39 17 33 22 28 50 31
split_gain=107637 5512.26 3052.07 3026.43 2988.17 2606.63 252.632
threshold=1.0000000180025095e-35 1.0000000180025095e-35 1.0000000180025095e-35 1.0000000180025095e-35 1.0000000180025095e-35 1.0000000180025095e-35 1.0000000180025095e-35
decision_type=2 2 2 2 2 2 2
left_child=1 4 3 -2 -1 -3 -4
right_child=2 5 6 -5 -6 -7 -8
leaf_value=-0.13444496565714384 0.13416306035380449 -0.12961813573916234 -0.1898572332876412 -0.039667216616418616 0.025278762682656709 -0.061786364471501265 0.14240787939693661
leaf_weight=1571.0730203092098 2052.5018886625767 31314.538364961743 22.083596080541611 1954.4835214614868 4593.6078272908926 6919.8634243756533 30865.651730909944
leaf_count=6583 8962 143499 96 8496 18851 30511 146923
internal_value=9.23055e-05 -0.103195 0.131512 0.0493853 -0.0154421 -0.117344 0.142164
internal_weight=79293.8 44399.1 34894.7 4006.99 6164.68 38234.4 30887.7
internal_count=363921 199444 164477 17458 25434 174010 147019
is_linear=0
shrinkage=0.1


Tree=6
num_leaves=8
num_cat=0
split_feature=43 8 14 35 31 53 1
split_gain=92275.3 5024.65 4466.45 4254.64 1814.31 873.604 439.597
threshold=1.0000000180025095e-35 1.0000000180025095e-35 1.0000000180025095e-35 1.0000000180025095e-35 1.0000000180025095e-35 1.0000000180025095e-35 1.0000000180025095e-35
decision_type=2 2 2 2 2 2 2
left_child=2 4 3 -1 -2 -4 -3
right_child=1 6 5 -5 -6 -7 -8
leaf_value=-0.10050764657712111 -0.18273025335186754 -0.0058453254774699622 -0.07086767788754883 0.014173818558015498 0.12976450343031345 -0.12955418581614472 -0.13021286144785899
leaf_weight=7852.4977980554104 186.00929787755013 469.55711261928082 2826.6975591778755 5500.6120762377977 33124.668198809028 25056.561150714755 719.40265779197216
leaf_count=34861 758 1974 13298 22518 164873 122262 3377
internal_value=0.000128674 0.120804 -0.100832 -0.0532688 0.128014 -0.123608 -0.0811424
internal_weight=75736 34499.6 41236.4 13353.1 33310.7 27883.3 1188.96
internal_count=363921 170982 192939 57379 165631 135560 5351
is_linear=0
shrinkage=0.1


Tree=7
num_leaves=8
num_cat=0
split_feature=39 12 50 29 22 23 1
split_gain=79202.8 4982.55 5336.22 2914.67 2563.73 546.853 171.628
threshold=1.0000000180025095e-35 1.0000000180025095e-35 1.0000000180025095e-35 1.0000000180025095e-35 1.0000000180025095e-35 1.0000000180025095e-35 1.0000000180025095e-35
decision_type=2 2 2 2 2 2 2
left_child=1 2 -1 4 -2 -3 -5
right_child=3 5 -4 6 -6 -7 -8
leaf_value=-0.081771708842639165 0.11692112759680079 -0.01471313031919348 0.046608188540600254 0.13190026486873474 -0.051483404273680582 -0.12473761904865106 -0.1257550914198162
leaf_weight=14139.261441588402 1884.5392919331789 461.4198897331953 4198.5087474435568 27431.149502620101 1735.7256380021572 22195.377407163382 25.138856336474419
leaf_count=65153 9019 2070 17898 147537 7796 114323 125
internal_value=0.000138733 -0.0911335 -0.0523777 0.120539 0.0361881 -0.122498 0.13166
internal_weight=72071.1 40994.6 18337.8 31076.6 3620.26 22656.8 27456.3
internal_count=363921 199444 83051 164477 16815 116393 147662
is_linear=0
shrinkage=0.1


Tree=8
num_leaves=8
num_cat=0
split_feature=44 33 14 35 22 52 31
split_gain=68247.9 4382.62 3991.8 3624.51 2732.26 940.834 246.712
threshold=1.0000000180025095e-35 1.0000000180025095e-35 1.0000000180025095e-35 1.0000000180025095e-35 1.0000000180025095e-35 1.0000000180025095e-35 1.0000000180025095e-35
decision_type=2 2 2 2 2 2 2
left_child=2 4 3 -1 -2 -4 -3
right_child=1 6 5 -5 -6 -7 -8
leaf_value=-0.090116120833959021 0.11473409664093726 -0.16298915619467252 -0.11661228567816882 0.017408309670174343 -0.034375214074871797 -0.0020594594059074331 0.1280713088513524
leaf_weight=7399.6715332865715 2067.9786088466644 28.348387196660042 24174.200285866857 5438.4811128228903 3025.7081680893898 738.92123843729496 25579.645323365927
leaf_count=34783 10132 131 131452 22439 13621 3886 147477
internal_value=0.000172745 0.110893 -0.0898721 -0.044569 0.0261721 -0.113215 0.127743
internal_weight=68453 30701.7 37751.3 12838.2 5093.69 24913.1 25608
internal_count=363921 171361 192560 57222 23753 135338 147608
is_linear=0
shrinkage=0.1


Tree=9
num_leaves=8
num_cat=0
split_feature=39 12 35 29 22 23 1
split_gain=58927.8 4509.63 4523.13 2674.67 1896.24 538.469 143.036
threshold=1.0000000180025095e-35 1.0000000180025095e-35 1.0000000180025095e-35 1.0000000180025095e-35 1.0000000180025095e-35 1.0000000180025095e-35 1.0000000180025095e-35
decision_type=2 2 2 2 2 2 2
left_child=1 2 -1 4 -2 -3 -5
right_child=3 5 -4 6 -6 -7 -8
leaf_value=-0.085068939199229615 0.10504147647164155 -0.0043926063083232622 0.018859575416202781 0.1243136778048881 -0.043373824514541172 -0.11574898780445726 -0.11950485703573809
leaf_weight=10556.34931717813 1695.9640681445599 444.13611915707588 6940.2106987833977 23787.467091307044 1746.3934084922075 19649.277505278587 23.344765543937683
leaf_count=53137 9019 2070 29914 147537 7796 114323 125
internal_value=0.000202543 -0.0809676 -0.0438458 0.112158 0.029756 -0.113288 0.12407
internal_weight=64843.1 37590 17496.6 27253.2 3442.36 20093.4 23810.8
internal_count=363921 199444 83051 164477 16815 116393 147662
is_linear=0
shrinkage=0.1


Tree=10
num_leaves=8
num_cat=0
split_feature=44 33 14 25 22 53 31
split_gain=51310.3 3782.12 3531.59 3366.35 2003.62 965.425 207.735
threshold=1.0000000180025095e-35 1.0000000180025095e-35 1.0000000180025095e-35 1.0000000180025095e-35 1.0000000180025095e-35 1.0000000180025095e-35 1.0000000180025095e-35
decision_type=2 2 2 2 2 2 2
left_child=2 4 3 -1 -2 -4 -3
right_child=1 6 5 -5 -6 -7 -8
leaf_value=-0.059533599758080535 0.10469430645642064 -0.15351608543994755 -0.044453023695024511 0.087512426736158402 -0.027139491041569808 -0.11183187237893694 0.12157015710074866
leaf_weight=10525.083521917462 1877.3820747882128 26.680790051817894 2385.7732006758451 1826.2008453011513 2983.7170723676682 19706.438024476171 22039.926896393299
leaf_count=49540 10132 131 13284 7682 13621 122054 147477
internal_value=0.000230558 0.103641 -0.0806158 -0.0377868 0.0237865 -0.104558 0.121231
internal_weight=61371.2 26927.7 34443.5 12351.3 4861.1 22092.2 22066.6
internal_count=363921 171361 192560 57222 23753 135338 147608
is_linear=0
shrinkage=0.1


Tree=11
num_leaves=8
num_cat=0
split_feature=45 33 10 27 54 23 31
split_gain=44407.5 3744.95 3340.25 3664.6 1934.23 418.536 188.647
threshold=1.0000000180025095e-35 1.0000000180025095e-35 1.0000000180025095e-35 1.0000000180025095e-35 1.0000000180025095e-35 1.0000000180025095e-35 1.0000000180025095e-35
decision_type=2 2 2 2 2 2 2
left_child=2 4 3 -1 -2 -4 -3
right_child=1 6 5 -5 -6 -7 -8
leaf_value=-0.067759644765568575 0.048715152336200045 -0.14548961579943231 -0.0053971261335288064 0.055929112675111504 -0.12229327870909444 -0.1168224474309191 0.11891894617909493
leaf_weight=16090.439987540245 4123.657438352704 26.22087861597538 345.85585533082485 2813.4779514819384 786.75530150532722 13475.039716035128 20380.94059702754
leaf_count=86916 20529 136 1659 12989 3977 90182 147533
internal_value=0.000263935 0.0997068 -0.0766708 -0.049349 0.0212965 -0.114035 0.118572
internal_weight=58042.4 25317.6 32724.8 18903.9 4910.41 13820.9 20407.2
internal_count=363921 172175 191746 99905 24506 91841 147669
is_linear=0
shrinkage=0.1


Tree=12
num_leaves=8
num_cat=0
split_feature=37 50 4 26 36 31 31
split_gain=38680.6 5090.81 4151.5 2460.04 874.105 713.439 8.38461
threshold=1.0000000180025095e-35 1.0000000180025095e-35 1.0000000180025095e-35 1.0000000180025095e-35 1.0000000180025095e-35 1.0000000180025095e-35 1.0000000180025095e-35
decision_type=2 2 2 2 2 2 2
left_child=1 3 -3 -1 6 -6 -2
right_child=4 2 -4 -5 5 -7 -8
leaf_value=-0.097443000640750121 -0.16518912714193912 0.043064568194041281 -0.10977120495176328 -0.0063447155247672669 -0.16807642558637093 0.11401645392145102 -0.27145378368570683
leaf_weight=22577.508126139641 16.089663594961166 6573.8756197988987 2434.6681840568781 3412.4635901898146 89.224310353398323 19763.810192778707 50.215283051133156
leaf_count=144246 72 32124 15177 18640 433 153007 222
internal_value=0.000284534 -0.0630294 0.00175125 -0.0854826 0.111525 0.11274 -0.248505
internal_weight=54917.9 34998.5 9008.54 25990 19919.3 19853 66.3049
internal_count=363921 210187 47301 162886 153734 153440 294
is_linear=0
shrinkage=0.1


Tree=13
num_leaves=8
num_cat=0
split_feature=37 10 50 30 22 23 32
split_gain=33734.3 4506.11 4402.08 824.89 1395.86 572.269 83.6697
threshold=1.0000000180025095e-35 1.0000000180025095e-35 1.0000000180025095e-35 1.0000000180025095e-35 1.0000000180025095e-35 1.0000000180025095e-35 1.0000000180025095e-35
decision_type=2 2 2 2 2 2 2
left_child=1 2 -1 4 -2 -3 -5
right_child=3 5 -4 6 -6 -7 -8
leaf_value=-0.059884760304660667 0.10013694220100761 0.0088499143968711058 0.041878703053492561 0.1151760815403996 -0.12888170455115336 -0.10885517938591945 -0.067736845491089923
leaf_weight=14459.253298908472 881.58510664105415 426.79409845173359 6019.9047136157751 17108.535213574767 380.06782842427492 12698.570531509817 24.440447010099888
leaf_count=83951 6010 2085 28919 145772 1780 95232 172
internal_value=0.000302373 -0.0592887 -0.0299705 0.109165 0.0310986 -0.105027 0.114911
internal_weight=51999.2 33604.5 20479.2 18394.6 1261.65 13125.4 17133
internal_count=363921 210187 112870 153734 7790 97317 145944
is_linear=0
shrinkage=0.1


Tree=14
num_leaves=8
num_cat=0
split_feature=29 20 50 32 6 23 36
split_gain=29504.6 4512.3 2379.36 2013.94 1342.3 277.029 266.168
threshold=1.0000000180025095e-35 1.0000000180025095e-35 1.0000000180025095e-35 1.0000000180025095e-35 1.0000000180025095e-35 1.0000000180025095e-35 1.0000000180025095e-35
decision_type=2 2 2 2 2 2 2
left_child=1 3 -3 -1 6 -6 -2
right_child=4 2 -4 -5 5 -7 -8
leaf_value=0.078469124661517023 -0.05941719673822609 -0.091449449245213199 -0.022998550229846267 -0.036249067055341297 0.093784261987972239 -0.09956169677578193 0.11334117427011953
leaf_weight=3098.083087913692 89.100587517023087 19384.388572141528 6881.6108796596527 3022.2753227949142 91.904743686318398 367.66346637904644 16296.193066634238
leaf_count=17052 471 142192 37716 14373 433 2767 148917
internal_value=0.000331408 -0.0554995 -0.0735171 0.0218238 0.10767 -0.0607766 0.112398
internal_weight=49231.2 32386.4 26266 6120.36 16844.9 459.568 16385.3
internal_count=363921 211333 179908 31425 152588 3200 149388
is_linear=0
shrinkage=0.1


Tree=15
num_leaves=8
num_cat=0
split_feature=29 9 28 36 1 3 22
split_gain=25798.6 4340.04 3953.1 1217.76 349.241 158.388 120.131
threshold=1.0000000180025095e-35 1.0000000180025095e-35 1.0000000180025095e-35 1.0000000180025095e-35 1.0000000180025095e-35 1.0000000180025095e-35 1.0000000180025095e-35
decision_type=2 2 2 2 2 2 2
left_child=1 2 -1 6 -5 -3 -2
right_child=3 5 -4 4 -6 -7 -8
leaf_value=-0.11516225504498703 0.069257628041924188 -0.082913551436999522 -0.0040638367409569732 0.11108545209559016 -0.043176826171668653 -0.11140048234198681 -0.12437494000855605
leaf_weight=3964.2097971662879 36.143861562013626 2613.197632804513 16656.175416879356 15073.46199901402 147.71678762882948 7914.7995967045426 246.89490129053593
leaf_count=24645 156 21214 97586 149438 1079 67888 1915
internal_value=0.000363574 -0.0521009 -0.0254267 0.105763 0.109586 -0.104338 -0.0994914
internal_weight=46652.6 31148.4 20620.4 15504.2 15221.2 10528 283.039
internal_count=363921 211333 122231 152588 150517 89102 2071
is_linear=0
shrinkage=0.1


Tree=16
num_leaves=8
num_cat=0
split_feature=37 9 35 33 22 23 31
split_gain=22653.2 3911.42 3735.84 758.113 1004.02 535.057 59.6739
threshold=1.0000000180025095e-35 1.0000000180025095e-35 1.0000000180025095e-35 1.0000000180025095e-35 1.0000000180025095e-35 1.0000000180025095e-35 1.0000000180025095e-35
decision_type=2 2 2 2 2 2 2
left_child=1 2 -1 4 -2 -3 -5
right_child=3 5 -4 6 -6 -7 -8
leaf_value=-0.05824771108805691 0.096468520692108151 0.017188975917704241 0.030527603097594405 -0.12483917080121887 -0.089955755112236899 -0.10425999115205604 0.11067885458936717
leaf_weight=12061.39000235498 796.09080255031586 376.50873204320669 7808.2960698530078 9.9873517751693708 452.17907793074846 9742.8674837052822 13149.539823614061
leaf_count=78288 6216 1954 40012 61 2247 89933 145210
internal_value=0.000374547 -0.0491367 -0.0233614 0.103426 0.0289194 -0.09974 0.110491
internal_weight=44396.9 29989.1 19869.7 14407.8 1248.27 10119.4 13159.5
internal_count=363921 210187 118300 153734 8463 91887 145271
is_linear=0
shrinkage=0.1


Tree=17
num_leaves=8
num_cat=0
split_feature=29 49 52 4 11 51 23
split_gain=19928.3 3943.62 2598.99 2458.8 1032.34 281.456 128.841
threshold=1.0000000180025095e-35 1.0000000180025095e-35 1.0000000180025095e-35 1.0000000180025095e-35 1.0000000180025095e-35 1.0000000180025095e-35 1.0000000180025095e-35
decision_type=2 2 2 2 2 2 2
left_child=1 2 -1 -3 6 -6 -2
right_child=4 3 -4 -5 5 -7 -8
leaf_value=-0.077411373918742477 -0.027756306635252765 0.037515847465476267 0.095169317393229688 -0.095995566403357158 -0.062341402124092442 0.11218079191408906 0.10950700302646366
leaf_weight=19526.924143917859 68.394470818340778 6915.3023704066873 912.60457833856344 1722.03738193959 464.84515637159348 114.31400202214718 12466.417114406824
leaf_count=155570 314 36125 5442 14196 3564 1177 147533
internal_value=0.000392697 -0.0457623 -0.0697015 0.0108895 0.102725 -0.0277604 0.108756
internal_weight=42190.8 29076.9 20439.5 8637.34 13114 579.159 12534.8
internal_count=363921 211333 161012 50321 152588 4741 147847
is_linear=0
shrinkage=0.1


Tree=18
num_leaves=8
num_cat=0
split_feature=29 9 28 11 23 42 23
split_gain=17480.9 3670.15 3463.84 944.46 268.592 226.449 121.276
threshold=1.0000000180025095e-35 1.0000000180025095e-35 1.0000000180025095e-35 1.0000000180025095e-35 1.0000000180025095e-35 1.0000000180025095e-35 1.0000000180025095e-35
decision_type=2 2 2 2 2 2 2
left_child=1 2 -1 6 -5 -3 -2
right_child=3 5 -4 4 -6 -7 -8
leaf_value=-0.1084072361629918 -0.024993551976264624 -0.10185294308945453 0.00098330299533039571 0.093213815542509459 -0.066280976569779812 -0.037729648469662251 0.1081665302362944
leaf_weight=3535.5501502677798 68.465662330389023 7970.1911516487598 15948.445414938033 140.39715300500393 416.28589628636837 593.26671805977821 11412.764746628702
leaf_count=24645 314 85375 97586 680 4061 3727 147533
internal_value=0.000408068 -0.042855 -0.0188712 0.101203 -0.0259609 -0.0974155 0.10737
internal_weight=40085.4 28047.5 19484 12037.9 556.683 8563.46 11481.2
internal_count=363921 211333 122231 152588 4741 89102 147847
is_linear=0
shrinkage=0.1


Tree=19
num_leaves=8
num_cat=0
split_feature=46 33 27 28 18 6 31
split_gain=15395.8 3842.36 2473.37 1935.65 1185.16 1088.65 209.292
threshold=1.0000000180025095e-35 1.0000000180025095e-35 1.0000000180025095e-35 1.0000000180025095e-35 1.0000000180025095e-35 1.0000000180025095e-35 1.0000000180025095e-35
decision_type=2 2 2 2 2 2 2
left_child=2 3 4 -2 -1 -4 -3
right_child=1 6 5 -5 -6 -7 -8
leaf_value=-0.015347225060114081 -0.11338687517554165 -0.13868672601248119 0.056331443900754369 0.033251296088593389 -0.085692901725263226 -0.079920196673848143 0.10716179596721992
leaf_weight=2875.3456117361784 1050.9889775365591 33.929184101521969 2362.3088599294424 6237.5533703044057 14349.241423889995 778.99274990707636 10594.732044398785
leaf_count=15181 7088 250 12213 36697 136186 7799 148507
internal_value=0.000410232 0.0680186 -0.0590697 0.0120938 -0.0739515 0.0225285 0.106364
internal_weight=38283.1 17917.2 20365.9 7288.54 17224.6 3141.3 10628.7
internal_count=363921 192542 171379 43785 151367 20012 148757
is_linear=0
shrinkage=0.1


Tree=20
num_leaves=8
num_cat=0
split_feature=21 32 50 53 3 0 31
split_gain=13528.8 3489.95 2986.71 2736.45 1826.23 1079.03 1005.7
threshold=1.0000000180025095e-35 1.0000000180025095e-35 1.0000000180025095e-35 1.0000000180025095e-35 1.0000000180025095e-35 1.0000000180025095e-35 1.0000000180025095e-35
decision_type=2 2 2 2 2 2 2
left_child=1 6 3 -2 -4 -3 -1
right_child=2 5 4 -5 -6 -7 -8
leaf_value=-0.014637436256286607 0.031741146203155941 -0.13457373324355143 0.026927525669543685 -0.092207722701174583 -0.10278121573356749 0.010572259655662372 0.10756880853927442
leaf_weight=717.62027086317539 2072.2932339310646 673.60379341244698 5986.3585386797786 12658.28255084902 1324.835116609931 2126.7834288924932 10875.851700618863
leaf_count=3710 15639 3498 38262 129515 13187 10774 149336
internal_value=0.000402936 0.075805 -0.0488378 -0.0747697 0.00341263 -0.0243767 0.100004
internal_weight=36435.6 14393.9 22041.8 14730.6 7311.19 2800.39 11593.5
internal_count=363921 167318 196603 145154 51449 14272 153046
is_linear=0
shrinkage=0.1


Tree=21
num_leaves=8
num_cat=0
split_feature=29 5 28 36 13 23 22
split_gain=11982.7 3208.47 2991.44 819.788 264.072 219.25 84.7682
threshold=1.0000000180025095e-35 1.0000000180025095e-35 1.0000000180025095e-35 1.0000000180025095e-35 1.0000000180025095e-35 1.0000000180025095e-35 1.0000000180025095e-35
decision_type=2 2 2 2 2 2 2
left_child=1 2 -1 6 -5 -3 -2
right_child=3 5 -4 4 -6 -7 -8
leaf_value=-0.10149248804326794 0.046644535792085988 -0.0016262853549201457 0.0027205944165530891 0.10538351033904676 0.024371079698824183 -0.10236037090729588 -0.12084814304103908
leaf_weight=3330.8881569802761 35.564150601625443 224.36709286272526 15893.309070907533 8716.3127997405827 422.56494277715683 5861.7116696760058 183.89783289283514
leaf_count=27596 156 1407 105664 146605 3912 76666 1915
internal_value=0.000373503 -0.0353754 -0.0153403 0.0970522 0.101641 -0.0986476 -0.0936172
internal_weight=34668.6 25310.3 19224.2 9358.34 9138.88 6086.08 219.462
internal_count=363921 211333 133260 152588 150517 78073 2071
is_linear=0
shrinkage=0.1


Tree=22
num_leaves=8
num_cat=0
split_feature=22 32 50 53 3 0 31
split_gain=10562 2887.25 2574.38 2498.59 1450.43 910.96 870.479
threshold=1.0000000180025095e-35 1.0000000180025095e-35 1.0000000180025095e-35 1.0000000180025095e-35 1.0000000180025095e-35 1.0000000180025095e-35 1.0000000180025095e-35
decision_type=2 2 2 2 2 2 2
left_child=1 6 3 -2 -4 -3 -1
right_child=2 5 4 -5 -6 -7 -8
leaf_value=-0.010766110667526235 0.030977868364304103 -0.13100454696053335 0.024510803418900391 -0.087258349424021497 -0.098579164043476969 0.011102534482703576 0.10596004239257195
leaf_weight=686.46925319731236 2116.3977478817105 581.88108765333891 6067.5609235949814 11476.958224564791 1135.6044560447335 1994.5849570035934 9181.7563833147287
leaf_count=3624 15887 3256 39969 130144 13187 10185 147669
internal_value=0.000365332 0.0732301 -0.0432386 -0.0688488 0.00509425 -0.02103 0.0978399
internal_weight=33241.2 12444.7 20796.5 13593.4 7203.17 2576.47 9868.23
internal_count=363921 164734 199187 146031 53156 13441 151293
is_linear=0
shrinkage=0.1


Tree=23
num_leaves=8
num_cat=0
split_feature=29 5 35 13 51 23 23
split_gain=9332.33 2827.33 2628.19 704.041 291.856 209.183 122.411
threshold=1.0000000180025095e-35 1.0000000180025095e-35 1.0000000180025095e-35 1.0000000180025095e-35 1.0000000180025095e-35 1.0000000180025095e-35 1.0000000180025095e-35
decision_type=2 2 2 2 2 2 2
left_child=1 2 -1 6 -5 -3 -2
right_child=3 5 -4 4 -6 -7 -8
leaf_value=-0.044299350493372615 -0.038393278135557457 -0.00058483191023428059 0.032120967937037635 -0.056609501664094064 0.10787160356794145 -0.099681500079343746 0.10380534343036857
leaf_weight=10828.334237691015 60.574652217328548 222.39690411835909 7699.2540890686214 413.50018576905131 144.84680405631661 5054.625957518816 7294.1617302931845
leaf_count=87327 284 1407 45933 3722 2005 76666 146577
internal_value=0.000337495 -0.0309371 -0.0125424 0.0944115 -0.0138231 -0.095506 0.102629
internal_weight=31717.7 23804.6 18527.6 7913.08 558.347 5277.02 7354.74
internal_count=363921 211333 133260 152588 5727 78073 146861
is_linear=0
shrinkage=0.1


Tree=24
num_leaves=8
num_cat=0
split_feature=51 5 36 23 31 45 42
split_gain=8254.32 2807.09 2552.23 434.212 71.1144 62.4528 13.5616
threshold=1.0000000180025095e-35 1.0000000180025095e-35 1.0000000180025095e-35 1.0000000180025095e-35 1.0000000180025095e-35 1.0000000180025095e-35 1.0000000180025095e-35
decision_type=2 2 2 2 2 2 2
left_child=1 2 -1 -3 5 -2 -6
right_child=4 3 -4 -5 6 -7 -8
leaf_value=-0.059930455403462368 0.081759947008385014 0.026721577715378655 0.017468135398983255 -0.098616655560976985 0.13083110077376955 -0.14894252194113605 0.10447489150654057
leaf_weight=6368.9504317082465 25.902392849326134 292.76508896052837 12864.066944487393 4831.2560671418905 218.18552481383085 19.832973174750805 5821.3191729150712
leaf_count=53856 128 1707 97439 79118 1251 151 130271
internal_value=0.000339737 -0.0256883 -0.00816394 -0.0914515 0.104508 -0.0193296 0.105449
internal_weight=30442.3 24357 19233 5124.02 6085.24 45.7354 6039.5
internal_count=363921 232120 151295 80825 131801 279 131522
is_linear=0
shrinkage=0.1


end of trees

feature_importances:
V7_lt=_2.1766912937164307=15
V10_lt=_0.567154198884964=13
V4_lt=_1.779853105545044=10
V4_lt=_-0.4713319092988968=9
V10_lt=_-1.7240893840789795=9
V12_lt=_-1.4592942595481873=8
V14_lt=_-0.663888156414032=8
V12_lt=_-0.22093023359775543=7
V4_lt=_-0.45784682035446167=5
V4_lt=_0.7523619830608368=5
V8_lt=_0.2713486850261688=5
V12_lt=_0.3119194656610489=5
V14_lt=_-1.812438189983368=5
Amount_lt=_0.5276917517185211=5
V4_lt=_-0.03460181504487991=4
V11_lt=_0.28784188628196716=4
V4_lt=_-0.24416956305503845=3
V14_lt=_-2.7358014583587646=3
V14_lt=_-1.5734373927116394=3
V17_lt=_-1.7784389853477478=3
V3_lt=_1.2530920505523682=2
V4_lt=_-0.26174306869506836=2
V4_lt=_-0.18242227286100388=2
V4_lt=_-0.09988194331526756=2
V4_lt=_-0.07750282809138298=2
V4_lt=_0.05699341371655464=2
V4_lt=_0.3752809464931488=2
V4_lt=_0.38157644867897034=2
V4_lt=_0.6149967312812805=2
V4_lt=_0.7563583552837372=2
V8_lt=_-0.6077740788459778=2
V8_lt=_-0.4568992853164673=2
V8_lt=_-0.45575150847435=2
V10_lt=_-1.702573299407959=2
V14_lt=_-1.4205476641654968=2
V14_lt=_-1.3845648169517517=2
V20_lt=_-0.8322816491127014=2
V4_lt=_1.5319359302520752=1
V4_lt=_1.574686348438263=1
V4_lt=_1.662422001361847=1
V4_lt=_1.6730803847312927=1
V4_lt=_1.6956751942634583=1
V14_lt=_-1.7704376578330994=1
V14_lt=_-1.7583861351013184=1
V14_lt=_-1.4366859793663025=1
V14_lt=_-0.8144704699516296=1
V14_lt=_-0.7145193219184875=1
V14_lt=_-0.6914466023445129=1
V17_lt=_0.714995414018631=1

parameters:
[boosting: gbdt]
[objective: binary]
[metric: binary_logloss]
[tree_learner: serial]
[device_type: cpu]
[data_sample_strategy: bagging]
[data: ]
[valid: ]
[num_iterations: 25]
[learning_rate: 0.1]
[num_leaves: 31]
[num_threads: 8]
[seed: 42]
[deterministic: 0]
[force_col_wise: 0]
[force_row_wise: 0]
[histogram_pool_size: -1]
[max_depth: 3]
[min_data_in_leaf: 20]
[min_sum_hessian_in_leaf: 0.001]
[bagging_fraction: 1]
[pos_bagging_fraction: 1]
[neg_bagging_fraction: 1]
[bagging_freq: 0]
[bagging_seed: 400]
[bagging_by_query: 0]
[feature_fraction: 1]
[feature_fraction_bynode: 1]
[feature_fraction_seed: 30056]
[extra_trees: 0]
[extra_seed: 12879]
[early_stopping_round: 0]
[early_stopping_min_delta: 0]
[first_metric_only: 0]
[max_delta_step: 0]
[lambda_l1: 0]
[lambda_l2: 1]
[linear_lambda: 0]
[min_gain_to_split: 0]
[drop_rate: 0.1]
[max_drop: 50]
[skip_drop: 0.5]
[xgboost_dart_mode: 0]
[uniform_drop: 0]
[drop_seed: 17869]
[top_rate: 0.2]
[other_rate: 0.1]
[min_data_per_group: 100]
[max_cat_threshold: 32]
[cat_l2: 10]
[cat_smooth: 10]
[max_cat_to_onehot: 4]
[top_k: 20]
[monotone_constraints: ]
[monotone_constraints_method: basic]
[monotone_penalty: 0]
[feature_contri: ]
[forcedsplits_filename: ]
[refit_decay_rate: 0.9]
[cegb_tradeoff: 1]
[cegb_penalty_split: 0]
[cegb_penalty_feature_lazy: ]
[cegb_penalty_feature_coupled: ]
[path_smooth: 0]
[interaction_constraints: ]
[verbosity: -1]
[saved_feature_importance_type: 0]
[use_quantized_grad: 0]
[num_grad_quant_bins: 4]
[quant_train_renew_leaf: 0]
[stochastic_rounding: 1]
[linear_tree: 0]
[max_bin: 255]
[max_bin_by_feature: ]
[min_data_in_bin: 3]
[bin_construct_sample_cnt: 200000]
[data_random_seed: 175]
[is_enable_sparse: 1]
[enable_bundle: 1]
[use_missing: 1]
[zero_as_missing: 0]
[feature_pre_filter: 1]
[pre_partition: 0]
[two_round: 0]
[header: 0]
[label_column: ]
[weight_column: ]
[group_column: ]
[ignore_column: ]
[categorical_feature: ]
[forcedbins_filename: ]
[precise_float_parser: 0]
[parser_config_file: ]
[objective_seed: 16083]
[num_class: 1]
[is_unbalance: 0]
[scale_pos_weight: 1]
[sigmoid: 1]
[boost_from_average: 1]
[reg_sqrt: 0]
[alpha: 0.9]
[fair_c: 1]
[poisson_max_delta_step: 0.7]
[tweedie_variance_power: 1.5]
[lambdarank_truncation_level: 30]
[lambdarank_norm: 1]
[label_gain: ]
[lambdarank_position_bias_regularization: 0]
[eval_at: ]
[multi_error_top_k: 1]
[auc_mu_weights: ]
[num_machines: 1]
[local_listen_port: 12400]
[time_out: 120]
[machine_list_filename: ]
[machines: ]
[gpu_platform_id: -1]
[gpu_device_id: -1]
[gpu_use_dp: 0]
[num_gpu: 1]

end of parameters

pandas_categorical:[]
