tree
version=v4
num_class=1
num_tree_per_iteration=1
label_index=0
max_feature_idx=11
objective=binary sigmoid:1
feature_names=season yr mnth hr holiday weekday workingday weathersit temp atemp hum windspeed
feature_infos=[1:4] [0:1] [1:12] [0:23] [0:1] [0:6] [0:1] [1:4] [0.02:1] [0:0.98480000000000001] [0:1] [0:0.85070000000000001]
tree_sizes=984 989 990 997 986 992 992 994 996 1001 996 1004 991 1007 988 1003 989 1002 986 998 1001 996 903 993 901

Tree=0
num_leaves=8
num_cat=0
split_feature=3 8 3 1 3 1 3
split_gain=4990.34 1452.91 515.783 265.684 29.252 40.8909 1.61371
threshold=6.5000000000000009 0.37000000000000005 22.500000000000004 1.0000000180025095e-35 5.5000000000000009 1.0000000180025095e-35 1.0000000180025095e-35
decision_type=2 2 2 2 2 2 2
left_child=4 3 -3 -2 6 -6 -1
right_child=1 2 -4 -5 5 -7 -8
leaf_value=-0.18168927262899648 -0.1051940292676538 0.1336016562898662 -0.10720773748454829 0.017288904963985791 -0.2011031766378146 -0.094061561585856407 -0.20291334744062575
leaf_weight=143.99937343597412 381.49834004044533 1668.7427390366793 93.249594256281853 329.24856738746166 74.249676927924156 73.74967910349369 710.99690634012222
leaf_count=576 1526 6675 373 1317 297 295 2844
internal_value=-0.00417176 0.0721425 0.120806 -0.0485042 -0.192202 -0.148724 -0.19955
internal_weight=3475.73 2472.74 1761.99 710.747 1003 147.999 854.996
internal_count=13903 9891 7048 2843 4012 592 3420
is_linear=0
shrinkage=1


Tree=1
num_leaves=8
num_cat=0
split_feature=3 8 3 3 3 1 3
split_gain=4078.07 1210.41 372.227 356.469 24.4306 34.1902 1.41487
threshold=6.5000000000000009 0.45000000000000007 20.500000000000004 22.500000000000004 5.5000000000000009 1.0000000180025095e-35 1.0000000180025095e-35
decision_type=2 2 2 2 2 2 2
left_child=4 2 -2 -3 6 -6 -1
right_child=1 3 -4 -5 5 -7 -8
leaf_value=-0.16125123624690343 0.013765072253086217 0.13845006899385709 -0.14123920081519384 -0.081376071797302468 -0.17934290771899247 -0.081204475046348118 -0.18080956674531889
leaf_weight=142.81811141967773 808.81145843863487 1387.30013859272 190.5906798094511 77.277739495038986 73.504318669438362 73.587112054228783 703.73129779100418
leaf_count=576 3243 5574 764 310 297 295 2844
internal_value=-3.01633e-05 0.0689366 -0.0159066 0.126803 -0.170948 -0.131126 -0.177704
internal_weight=3457.62 2463.98 999.402 1464.58 993.641 147.091 846.549
internal_count=13903 9891 4007 5884 4012 592 3420
is_linear=0
shrinkage=0.1


Tree=2
num_leaves=8
num_cat=0
split_feature=3 9 3 1 3 1 3
split_gain=3377.55 1027.44 436.079 196.552 21.6635 29.9192 1.45653
threshold=6.5000000000000009 0.34090000000000004 21.500000000000004 1.0000000180025095e-35 5.5000000000000009 1.0000000180025095e-35 1.0000000180025095e-35
decision_type=2 2 2 2 2 2 2
left_child=4 3 -3 -2 6 -6 -1
right_child=1 2 -4 -5 5 -7 -8
leaf_value=-0.1484545907271817 -0.10054397311332275 0.11754106981309656 -0.038351358503289891 0.012535454779331524 -0.16603754109824279 -0.073607870636330772 -0.1673043884959374
leaf_weight=139.84773445129395 334.68433614075184 1623.8159206211567 201.2382745295763 283.18782709538937 71.626787513494492 73.186518922448158 685.45666748285294
leaf_count=576 1345 6597 815 1134 297 295 2844
internal_value=-6.98043e-05 0.0626197 0.10034 -0.04878 -0.157835 -0.12015 -0.164294
internal_weight=3413.04 2442.93 1825.05 617.872 970.118 144.813 825.304
internal_count=13903 9891 7412 2479 4012 592 3420
is_linear=0
shrinkage=0.1


Tree=3
num_leaves=8
num_cat=0
split_feature=3 8 1 3 3 1 3
split_gain=2825.86 896.816 322.907 228.623 20.0486 27.0402 1.61842
threshold=6.5000000000000009 0.47000000000000003 1.0000000180025095e-35 22.500000000000004 5.5000000000000009 1.0000000180025095e-35 1.0000000180025095e-35
decision_type=2 2 2 2 2 2 2
left_child=4 2 -2 -3 6 -6 -1
right_child=1 3 -4 -5 5 -7 -8
leaf_value=-0.13804305874497899 -0.06468590492240188 0.12076940025427177 0.045622099895786049 -0.063654876120594672 -0.15564159835773117 -0.066883869763558534 -0.15679166768623376
leaf_weight=135.64535236358643 551.12949754297733 1280.9027007818222 510.01511600613594 70.341745883226395 68.971104070544243 72.619701400399208 659.64774638414383
leaf_count=576 2237 5313 2056 285 297 295 2844
internal_value=-0.000116239 0.0571279 -0.0116758 0.111129 -0.147418 -0.110907 -0.153771
internal_weight=3349.27 2412.39 1061.14 1351.24 936.884 141.591 795.293
internal_count=13903 9891 4293 5598 4012 592 3420
is_linear=0
shrinkage=0.1


Tree=4
num_leaves=8
num_cat=0
split_feature=3 8 10 3 3 1 3
split_gain=2383.2 781.647 385.68 96.2768 19.129 25 1.84976
threshold=6.5000000000000009 0.31000000000000005 0.80500000000000016 19.500000000000004 5.5000000000000009 1.0000000180025095e-35 1.0000000180025095e-35
decision_type=2 2 2 2 2 2 2
left_child=4 3 -3 -2 6 -6 -1
right_child=1 2 -4 -5 5 -7 -8
leaf_value=-0.12933315900441766 -0.04173755296504493 0.099116150156220162 -0.019610211213876627 -0.1497431613147549 -0.14731434607518878 -0.060876488708894394 -0.14839975672265024
leaf_weight=130.62862586975098 314.3912493288517 1620.9659720808268 328.77400924265385 111.5631350427866 65.801598832011223 71.941849291324615 628.88663864135742
leaf_count=576 1270 6797 1368 456 297 295 2844
internal_value=-0.000153753 0.0522898 0.0790962 -0.0703101 -0.138913 -0.102933 -0.145295
internal_weight=3272.95 2375.69 1949.74 425.954 897.259 137.743 759.515
internal_count=13903 9891 8165 1726 4012 592 3420
is_linear=0
shrinkage=0.1


Tree=5
num_leaves=8
num_cat=0
split_feature=3 0 3 1 3 1 3
split_gain=2020 706.156 365.597 216.704 18.6517 23.4817 2.12705
threshold=6.5000000000000009 1.5000000000000002 21.500000000000004 1.0000000180025095e-35 5.5000000000000009 1.0000000180025095e-35 1.0000000180025095e-35
decision_type=2 2 2 2 2 2 2
left_child=4 3 -3 -2 6 -6 -1
right_child=1 2 -4 -5 5 -7 -8
leaf_value=-0.12187142397769286 -0.10594042084671113 0.096952888301611861 -0.044566867672369524 0.013803263287650306 -0.14051066799378928 -0.055470431041288959 -0.14156649026188423
leaf_weight=125.11154079437256 297.76745772361755 1532.1645567268133 206.62919721007347 305.44019484519958 62.316531836986542 71.195193454623222 595.10268616676331
leaf_count=576 1227 6567 849 1248 297 295 2844
internal_value=-0.000215605 0.047789 0.0801195 -0.0453845 -0.131807 -0.0959124 -0.138319
internal_weight=3195.73 2342 1738.79 603.208 853.726 133.512 720.214
internal_count=13903 9891 7416 2475 4012 592 3420
is_linear=0
shrinkage=0.1


Tree=6
num_leaves=8
num_cat=0
split_feature=3 8 3 10 3 8 3
split_gain=1721.77 626.042 283.843 180.319 18.4659 22.869 2.43854
threshold=6.5000000000000009 0.49000000000000005 20.500000000000004 0.81500000000000006 5.5000000000000009 0.45000000000000007 1.0000000180025095e-35
decision_type=2 2 2 2 2 2 2
left_child=4 2 -2 -3 6 -6 -1
right_child=1 3 -4 -5 5 -7 -8
leaf_value=-0.11534458647661637 0.013298343171164526 0.10868233230721702 -0.11695327914280192 -0.00063650864592392506 -0.12944003291619485 -0.04435874871398976 -0.13591206782172358
leaf_weight=119.32960796356201 875.8409272134304 1043.8737463802099 205.76822839677334 176.34043315052986 67.686178103089333 61.390033394098282 559.73639023303986
leaf_count=576 3607 4671 854 759 311 281 2844
internal_value=-0.000264789 0.0438265 -0.0115662 0.0928964 -0.125749 -0.0896266 -0.132473
internal_weight=3109.97 2301.82 1081.61 1220.21 808.142 129.076 679.066
internal_count=13903 9891 4461 5430 4012 592 3420
is_linear=0
shrinkage=0.1


Tree=7
num_leaves=8
num_cat=0
split_feature=3 9 7 3 3 1 3
split_gain=1472.71 540.835 315.343 86.4798 18.96 24.1307 2.77784
threshold=6.5000000000000009 0.31060000000000004 2.5000000000000004 19.500000000000004 5.5000000000000009 1.0000000180025095e-35 1.0000000180025095e-35
decision_type=2 2 2 2 2 2 2
left_child=4 3 -3 -2 6 -6 -1
right_child=1 2 -4 -5 5 -7 -8
leaf_value=-0.10952906614565694 -0.031368627346345081 0.077927951603180057 -0.071614854224059041 -0.13213027678964059 -0.13168221079040038 -0.042868102041098227 -0.13117014848576938
leaf_weight=113.45830821990967 353.31549791991711 1642.5347758978605 153.47108773887157 111.66541156172752 56.201514601707458 68.950427621603012 523.85684341192245
leaf_count=576 1438 7313 659 481 297 295 2844
internal_value=-0.000297295 0.0402363 0.0651166 -0.0557982 -0.120389 -0.0834792 -0.127495
internal_weight=3023.45 2260.99 1796.01 464.981 762.467 125.152 637.315
internal_count=13903 9891 7972 1919 4012 592 3420
is_linear=0
shrinkage=0.1


Tree=8
num_leaves=8
num_cat=0
split_feature=3 9 1 3 3 1 3
split_gain=1263.72 493.956 317.364 72.4287 19.0805 22.917 3.14097
threshold=6.5000000000000009 0.59850000000000014 1.0000000180025095e-35 22.500000000000004 5.5000000000000009 1.0000000180025095e-35 1.0000000180025095e-35
decision_type=2 2 2 2 2 2 2
left_child=4 2 -2 -3 6 -6 -1
right_child=1 3 -4 -5 5 -7 -8
leaf_value=-0.1042611765511931 -0.041806362391107445 0.11024914414581813 0.05062774756536538 -0.043173474467321976 -0.12740325599550034 -0.039099968586067846 -0.12714800612537633
leaf_weight=107.62685966491699 755.18950410187244 707.20021115243435 729.05319401621819 31.666211903095245 52.504049688577652 68.174238875508308 488.24873346090317
leaf_count=576 3247 3396 3121 127 297 295 2844
internal_value=-0.000353082 0.0368757 0.00360037 0.103624 -0.115746 -0.0782498 -0.123196
internal_weight=2939.66 2223.11 1484.24 738.866 716.554 120.678 595.876
internal_count=13903 9891 6368 3523 4012 592 3420
is_linear=0
shrinkage=0.1


Tree=9
num_leaves=8
num_cat=0
split_feature=3 0 10 1 3 8 3
split_gain=1088.19 465.542 299.588 146.46 19.2779 22.4833 3.52509
threshold=6.5000000000000009 1.5000000000000002 0.74500000000000011 1.0000000180025095e-35 5.5000000000000009 0.43000000000000005 1.0000000180025095e-35
decision_type=2 2 2 2 2 2 2
left_child=4 3 -3 -2 6 -6 -1
right_child=1 2 -4 -5 5 -7 -8
leaf_value=-0.099418683809535432 -0.093049944025466125 0.087447826892435146 -0.011259165362779149 0.0067767775656942799 -0.11901780275432441 -0.030699012106188708 -0.12370252460111029
leaf_weight=101.92881774902344 287.83410835266113 1183.0970029085875 415.06208238005638 298.96721108257771 55.373187333345413 60.923020765185356 453.47832727432251
leaf_count=576 1227 5610 1806 1248 287 305 2844
internal_value=-0.000365523 0.0338611 0.0618214 -0.0422646 -0.111585 -0.0734072 -0.119433
internal_weight=2856.66 2184.96 1598.16 586.801 671.703 116.296 555.407
internal_count=13903 9891 7416 2475 4012 592 3420
is_linear=0
shrinkage=0.1


Tree=10
num_leaves=8
num_cat=0
split_feature=3 8 3 3 3 1 3
split_gain=938.257 396.825 214.173 165.548 19.9576 23.4576 3.92775
threshold=6.5000000000000009 0.47000000000000003 20.500000000000004 22.500000000000004 5.5000000000000009 1.0000000180025095e-35 1.0000000180025095e-35
decision_type=2 2 2 2 2 2 2
left_child=4 2 -2 -3 6 -6 -1
right_child=1 3 -4 -5 5 -7 -8
leaf_value=-0.094908894783583747 0.0078857929392575545 0.081849160242664767 -0.10947311997994363 -0.075534023850284446 -0.1219337843935574 -0.029275588355552013 -0.12072505469005035
leaf_weight=96.43018627166748 827.22605976462364 1056.8877577483654 190.46638739109039 70.580674692988396 46.775192648172379 65.856538325548172 419.94352036714554
leaf_count=576 3470 5313 823 285 297 295 2844
internal_value=-0.000395238 0.0311026 -0.0141644 0.0719386 -0.107694 -0.0684903 -0.116097
internal_weight=2774.17 2145.16 1017.69 1127.47 629.005 112.632 516.374
internal_count=13903 9891 4293 5598 4012 592 3420
is_linear=0
shrinkage=0.1


Tree=11
num_leaves=8
num_cat=0
split_feature=3 0 10 1 3 1 3
split_gain=811.504 356.85 254.129 121.551 20.1914 22.2295 4.34658
threshold=6.5000000000000009 1.5000000000000002 0.74500000000000011 1.0000000180025095e-35 5.5000000000000009 1.0000000180025095e-35 1.0000000180025095e-35
decision_type=2 2 2 2 2 2 2
left_child=4 3 -3 -2 6 -6 -1
right_child=1 2 -4 -5 5 -7 -8
leaf_value=-0.090660835074030943 -0.085201016785617922 0.078692564980720858 -0.013452181733784555 0.0064405752055927135 -0.11898402042931207 -0.02665838884102998 -0.11813142577446573
leaf_weight=91.175768852233887 281.30633361637592 1115.3391927033663 408.58938336372375 296.73993943631649 43.342505782842636 65.222649648785591 387.91324925422668
leaf_count=576 1227 5610 1806 1248 297 295 2844
internal_value=-0.000423133 0.0286273 0.0539945 -0.0382269 -0.104206 -0.0642671 -0.113103
internal_weight=2689.63 2101.97 1523.93 578.046 587.654 108.565 479.089
internal_count=13903 9891 7416 2475 4012 592 3420
is_linear=0
shrinkage=0.1


Tree=12
num_leaves=8
num_cat=0
split_feature=3 9 3 1 3 2 3
split_gain=702.659 323.639 242.188 62.394 20.4157 22.5313 4.77901
threshold=6.5000000000000009 0.59850000000000014 21.500000000000004 1.0000000180025095e-35 5.5000000000000009 4.5000000000000009 1.0000000180025095e-35
decision_type=2 2 2 2 2 2 2
left_child=4 2 -2 -3 6 -6 -1
right_child=1 3 -4 -5 5 -7 -8
leaf_value=-0.086619987623484218 0.01635260131135521 0.052695514077589947 -0.1030808244927038 0.11581919924019511 -0.1281742393162108 -0.028379940596259187 -0.11585537335546379
leaf_weight=86.194069862365723 1234.6989815980196 302.55123308300972 195.83046251535416 330.39532302320004 32.510563731193542 72.186518147587776 357.55736857652664
leaf_count=576 5511 1680 857 1843 189 403 2844
internal_value=-0.000448 0.0262997 -5.76681e-05 0.0857765 -0.100948 -0.0602876 -0.110384
internal_weight=2611.92 2063.48 1430.53 632.947 548.449 104.697 443.751
internal_count=13903 9891 6368 3523 4012 592 3420
is_linear=0
shrinkage=0.1


Tree=13
num_leaves=8
num_cat=0
split_feature=3 8 1 6 3 1 3
split_gain=608.439 303.271 253.655 50.5405 21.0285 22.4297 5.22217
threshold=6.5000000000000009 0.31000000000000005 1.0000000180025095e-35 1.0000000180025095e-35 5.5000000000000009 1.0000000180025095e-35 1.0000000180025095e-35
decision_type=2 2 2 2 2 2 2
left_child=4 3 -3 -2 6 -6 -1
right_child=1 2 -4 -5 5 -7 -8
leaf_value=-0.082744459881281901 -0.099932172153772689 0.0035811343423592882 0.082445614722464644 -0.026321671282959303 -0.1153220976037031 -0.018871266298425601 -0.11384376913750048
leaf_weight=81.501216888427734 148.58505743741989 810.9001080095768 819.67447271943092 250.58392688632011 38.492997229099274 63.166192635893822 328.97082826495171
leaf_count=576 638 3970 4195 1088 297 295 2844
internal_value=-0.000455739 0.0241281 0.0432518 -0.0539034 -0.0977468 -0.0561597 -0.107885
internal_weight=2541.87 2029.74 1630.57 399.169 512.131 101.659 410.472
internal_count=13903 9891 8165 1726 4012 592 3420
is_linear=0
shrinkage=0.1


Tree=14
num_leaves=8
num_cat=0
split_feature=3 3 7 5 3 8 3
split_gain=527.684 278.227 271.13 64.6885 21.1542 22.4016 5.67289
threshold=6.5000000000000009 21.500000000000004 2.5000000000000004 3.5000000000000004 5.5000000000000009 0.43000000000000005 1.0000000180025095e-35
decision_type=2 2 2 2 2 2 2
left_child=4 2 -2 -3 6 -6 -1
right_child=1 3 -4 -5 5 -7 -8
leaf_value=-0.079002392955926537 0.049276498043520481 -0.11976635962711185 -0.083234078623651592 -0.017722977075535502 -0.10391935403783326 -0.0084287575000928146 -0.1120535854617597
leaf_weight=77.103947639465332 1575.3994030505419 143.16867665946484 170.26937782764435 109.86747016012669 44.821193791925907 53.3820895627141 302.19176933169365
leaf_count=576 8002 643 752 494 287 305 2844
internal_value=-0.000472982 0.0220995 0.0363114 -0.0757036 -0.0948052 -0.0526201 -0.10556
internal_weight=2476.2 1998.7 1745.67 253.036 477.499 98.2033 379.296
internal_count=13903 9891 8754 1137 4012 592 3420
is_linear=0
shrinkage=0.1


Tree=15
num_leaves=8
num_cat=0
split_feature=3 9 1 3 3 1 3
split_gain=457.038 266.103 195.289 55.7303 21.5637 22.2553 6.12759
threshold=6.5000000000000009 0.59850000000000014 1.0000000180025095e-35 11.500000000000002 5.5000000000000009 1.0000000180025095e-35 1.0000000180025095e-35
decision_type=2 2 2 2 2 2 2
left_child=4 2 -2 -3 6 -6 -1
right_child=1 3 -4 -5 5 -7 -8
leaf_value=-0.075369951288425691 -0.039682927642868598 0.019379070105762897 0.03506399244496624 0.093893895414744397 -0.11240254893423898 -0.012365185677842047 -0.11044935772173231
leaf_weight=73.002030372619629 720.25263854861259 130.08486372232437 677.21767017245293 447.57671582698822 34.161599390208721 61.296629801392555 277.21625053882599
leaf_count=576 3247 812 3121 2711 297 295 2844
internal_value=-0.000499782 0.0201497 -0.00346121 0.0771762 -0.0918537 -0.0489597 -0.103373
internal_weight=2420.81 1975.13 1397.47 577.662 445.677 95.4582 350.218
internal_count=13903 9891 6368 3523 4012 592 3420
is_linear=0
shrinkage=0.1


Tree=16
num_leaves=8
num_cat=0
split_feature=3 0 3 3 3 2 3
split_gain=397.078 251.625 192.323 80.5016 21.5397 21.8344 6.58233
threshold=6.5000000000000009 1.5000000000000002 21.500000000000004 19.500000000000004 5.5000000000000009 4.5000000000000009 1.0000000180025095e-35
decision_type=2 2 2 2 2 2 2
left_child=4 3 -3 -2 6 -6 -1
right_child=1 2 -4 -5 5 -7 -8
leaf_value=-0.071829884792352486 -0.018076052613514321 0.056251653809695414 -0.051290030284784287 -0.11002820001173393 -0.11973044881223611 -0.013943210905564725 -0.10900161497530328
leaf_weight=69.190074920654297 438.18928541243076 1194.1840652227402 192.37010763585567 120.84221591055393 26.999235346913338 65.419720739126205 254.00943642854691
leaf_count=576 1893 6567 849 582 189 403 2844
internal_value=-0.000486163 0.0184776 0.0413051 -0.0381137 -0.0890903 -0.0457987 -0.10129
internal_weight=2361.2 1945.59 1386.55 559.032 415.618 92.419 323.2
internal_count=13903 9891 7416 2475 4012 592 3420
is_linear=0
shrinkage=0.1


Tree=17
num_leaves=8
num_cat=0
split_feature=3 1 2 7 3 1 3
split_gain=344.533 230.211 162.855 140.597 21.7461 21.8029 7.03285
threshold=6.5000000000000009 1.0000000180025095e-35 4.5000000000000009 2.5000000000000004 5.5000000000000009 1.0000000180025095e-35 1.0000000180025095e-35
decision_type=2 2 2 2 2 2 2
left_child=4 2 -2 -3 6 -6 -1
right_child=1 3 -4 -5 5 -7 -8
leaf_value=-0.068370276412236086 -0.071484481276226239 0.064864598335547086 0.013494744984585414 -0.068672511365531513 -0.10999098918772628 -0.0069346587364635453 -0.10768548084897536
leaf_weight=65.65903902053833 350.0152292996645 846.67847028374672 630.05787213146687 86.117528140544891 30.407567672431469 59.695037677884102 232.51451808214188
leaf_count=576 1621 4576 3306 388 297 295 2844
internal_value=-0.000501055 0.0169424 -0.016896 0.0524759 -0.0862603 -0.0425394 -0.0992856
internal_weight=2301.15 1912.87 980.073 932.796 388.276 90.1026 298.174
internal_count=13903 9891 4927 4964 4012 592 3420
is_linear=0
shrinkage=0.1


Tree=18
num_leaves=8
num_cat=0
split_feature=3 3 7 6 3 3 5
split_gain=303.612 218.519 205.436 95.5058 203.137 108.097 54.1613
threshold=7.5000000000000009 21.500000000000004 2.5000000000000004 1.0000000180025095e-35 5.5000000000000009 6.5000000000000009 3.5000000000000004
decision_type=2 2 2 2 2 2 2
left_child=3 2 -2 5 -5 -1 -3
right_child=1 6 -4 4 -6 -7 -8
leaf_value=-0.086761978920894822 0.045317124419598453 -0.10945108956338293 -0.0754220740920587 -0.10839491906913973 0.049509500881803059 -0.28230975191083818 -0.014885020172833288
leaf_weight=115.6830987110734 1364.1903494298458 139.0412592664361 156.23612107336521 187.50204122811556 142.68460790812969 37.146553754806519 107.3493525236845
leaf_count=1281 7480 643 693 2333 802 177 494
internal_value=-0.000508583 0.018705 0.0328688 -0.070683 -0.0402157 -0.135818 -0.0684765
internal_weight=2249.83 1766.82 1520.43 483.016 330.187 152.83 246.391
internal_count=13903 9310 8173 4593 3135 1458 1137
is_linear=0
shrinkage=0.1


Tree=19
num_leaves=8
num_cat=0
split_feature=3 8 10 0 3 2 3
split_gain=263.577 214.394 137.744 120.792 19.2161 20.5129 8.51897
threshold=6.5000000000000009 0.41000000000000009 0.83500000000000008 2.5000000000000004 5.5000000000000009 4.5000000000000009 1.0000000180025095e-35
decision_type=2 2 2 2 2 2 2
left_child=4 3 -3 -2 6 -6 -1
right_child=1 2 -4 -5 5 -7 -8
leaf_value=-0.059764404095223003 -0.052885237152274528 0.056354791129471851 -0.048604685004581441 0.032475840732375395 -0.1161528357599317 -0.0096322878783733929 -0.10541742685998759
leaf_weight=57.751331068575382 528.77338379621506 953.78367166221142 143.09376786649227 240.47132685780525 24.429967395961285 63.26056045293808 195.18654325604439
leaf_count=576 2360 5807 648 1076 189 403 2844
internal_value=-0.000515304 0.0142614 0.0426304 -0.0261932 -0.0812739 -0.0402832 -0.0952702
internal_weight=2206.75 1866.12 1096.88 769.245 340.628 87.6905 252.938
internal_count=13903 9891 6455 3436 4012 592 3420
is_linear=0
shrinkage=0.1


Tree=20
num_leaves=8
num_cat=0
split_feature=3 1 8 2 3 1 3
split_gain=228.634 194.528 124.792 117.879 19.2325 20.9806 8.90652
threshold=6.5000000000000009 1.0000000180025095e-35 0.31000000000000005 4.5000000000000009 5.5000000000000009 1.0000000180025095e-35 1.0000000180025095e-35
decision_type=2 2 2 2 2 2 2
left_child=4 3 -3 -2 6 -6 -1
right_child=1 2 -4 -5 5 -7 -8
leaf_value=-0.05655557098039854 -0.065330317783844127 -0.026419769641610372 0.065902513196188436 0.008031213640273328 -0.10812005446641648 -0.0030947453676084514 -0.10437682925698577
leaf_weight=55.121623523533344 341.15923437476158 184.26385378837585 702.98044492304325 608.12148329615593 27.249607063829899 58.412360787391663 178.29287883639336
leaf_count=576 1621 769 4195 3306 297 295 2844
internal_value=-0.000504573 0.0130818 0.0467208 -0.018375 -0.0785007 -0.037366 -0.0933731
internal_weight=2155.6 1836.53 887.244 949.281 319.076 85.662 233.415
internal_count=13903 9891 4964 4927 4012 592 3420
is_linear=0
shrinkage=0.1


Tree=21
num_leaves=8
num_cat=0
split_feature=9 3 7 3 1 3 3
split_gain=202.03 121.954 132.561 107.199 68.6031 68.077 2.6814
threshold=0.59850000000000014 5.5000000000000009 2.5000000000000004 11.500000000000002 1.0000000180025095e-35 22.500000000000004 1.0000000180025095e-35
decision_type=2 2 2 2 2 2 2
left_child=1 6 -3 4 -2 -5 -1
right_child=3 2 -4 5 -6 -7 -8
leaf_value=-0.070700629354197991 -0.076909686650221687 0.0030061501529811529 -0.089860225618456344 0.094552067628741299 0.05195569039201689 -0.058084444480747489 -0.10423505850538317
leaf_weight=41.099791020154953 85.159183911979198 1219.5773727074265 174.86649947613478 343.70195518434048 78.416771434247494 31.268092751502991 134.801434032619
leaf_count=449 760 6098 785 2584 745 127 2355
internal_value=-0.000496818 -0.0186248 -0.00869556 0.0522989 -0.0151925 0.0817033 -0.0968436
internal_weight=2108.89 1570.35 1394.44 538.546 163.576 374.97 175.901
internal_count=13903 9687 6883 4216 1505 2711 2804
is_linear=0
shrinkage=0.1


Tree=22
num_leaves=7
num_cat=0
split_feature=3 8 1 6 3 6
split_gain=178.612 167.558 164.363 41.8427 9.76524 28.5934
threshold=5.5000000000000009 0.27000000000000007 1.0000000180025095e-35 1.0000000180025095e-35 1.0000000180025095e-35 1.0000000180025095e-35
decision_type=2 2 2 2 2 2
left_child=4 3 -3 -2 5 -1
right_child=1 2 -4 -5 -6 -7
leaf_value=0.055622775831083451 -0.11177604877729939 -0.0095925730658903627 0.054664481862445768 -0.031855228021689351 -0.10262301918752451 -0.10175834744908273
leaf_weight=16.4862025603652 104.59575539082289 815.75021570175886 775.99449127912521 175.77999800816178 150.65494994819164 33.848176799714565
leaf_count=187 510 4441 4678 854 2844 389
internal_value=-0.000449315 0.00918511 0.0217482 -0.0619614 -0.0897906 -0.0501314
internal_weight=2073.11 1872.12 1591.74 280.376 200.989 50.3344
internal_count=13903 10483 9119 1364 3420 576
is_linear=0
shrinkage=0.1


Tree=23
num_leaves=8
num_cat=0
split_feature=9 3 3 3 3 1 5
split_gain=164.583 102.432 136.471 90.2569 60.8931 52.4017 27.5154
threshold=0.59850000000000014 21.500000000000004 6.5000000000000009 11.500000000000002 22.500000000000004 1.0000000180025095e-35 3.5000000000000004
decision_type=2 2 2 2 2 2 2
left_child=1 2 -1 5 -5 -2 -3
right_child=3 6 -4 4 -6 -7 -8
leaf_value=-0.079036925247408032 -0.066351929698135928 -0.1232911578439379 0.0066916742567660684 0.090380511485817938 -0.054591755107577022 0.04773457766742311 -0.043898949806244716
leaf_weight=221.15884935483336 85.575454395264387 97.737216517329216 1130.4749172925949 317.21476802229881 31.218774929642677 74.304859209805727 81.23583247512579
leaf_count=3319 760 476 5511 2584 127 745 381
internal_value=-0.000450533 -0.016826 -0.00738359 0.0487945 0.0772723 -0.0133627 -0.0876992
internal_weight=2038.92 1530.61 1351.63 508.314 348.434 159.88 178.973
internal_count=13903 9687 8830 4216 2711 1505 857
is_linear=0
shrinkage=0.1


Tree=24
num_leaves=7
num_cat=0
split_feature=3 8 3 10 3 6
split_gain=143.291 142.658 111.047 94.5734 10.754 26.8043
threshold=5.5000000000000009 0.45000000000000007 19.500000000000004 0.62500000000000011 1.0000000180025095e-35 1.0000000180025095e-35
decision_type=2 2 2 2 2 2
left_child=4 2 -2 -3 5 -1
right_child=1 3 -4 -5 -6 -7
leaf_value=0.057081643784603731 -0.0016941682063645149 0.068004176011082745 -0.086198094278517837 0.0040348020181973964 -0.10120000906301303 -0.099040872740840058
leaf_weight=16.341382145881653 703.96469574421644 453.96268041431904 198.61462707072496 469.99874641001225 129.62198062241077 29.633546650409698
leaf_count=187 3325 3453 993 2712 2844 389
internal_value=-0.000411367 0.00790079 -0.0203643 0.0355039 -0.0864287 -0.0435147
internal_weight=2002.14 1826.54 902.579 923.961 175.597 45.9749
internal_count=13903 10483 4318 6165 3420 576
is_linear=0
shrinkage=0.1


end of trees

feature_importances:
hr=94
yr=29
temp=14
atemp=7
hum=6
season=5
mnth=5
workingday=5
weathersit=5
weekday=3

parameters:
[boosting: gbdt]
[objective: binary]
[metric: binary_logloss]
[tree_learner: serial]
[device_type: cpu]
[data_sample_strategy: bagging]
[data: ]
[valid: ]
[num_iterations: 25]
[learning_rate: 0.1]
[num_leaves: 31]
[num_threads: 8]
[seed: 42]
[deterministic: 0]
[force_col_wise: 0]
[force_row_wise: 0]
[histogram_pool_size: -1]
[max_depth: 3]
[min_data_in_leaf: 20]
[min_sum_hessian_in_leaf: 0.001]
[bagging_fraction: 1]
[pos_bagging_fraction: 1]
[neg_bagging_fraction: 1]
[bagging_freq: 0]
[bagging_seed: 400]
[bagging_by_query: 0]
[feature_fraction: 1]
[feature_fraction_bynode: 1]
[feature_fraction_seed: 30056]
[extra_trees: 0]
[extra_seed: 12879]
[early_stopping_round: 0]
[early_stopping_min_delta: 0]
[first_metric_only: 0]
[max_delta_step: 0]
[lambda_l1: 0]
[lambda_l2: 1]
[linear_lambda: 0]
[min_gain_to_split: 0]
[drop_rate: 0.1]
[max_drop: 50]
[skip_drop: 0.5]
[xgboost_dart_mode: 0]
[uniform_drop: 0]
[drop_seed: 17869]
[top_rate: 0.2]
[other_rate: 0.1]
[min_data_per_group: 100]
[max_cat_threshold: 32]
[cat_l2: 10]
[cat_smooth: 10]
[max_cat_to_onehot: 4]
[top_k: 20]
[monotone_constraints: ]
[monotone_constraints_method: basic]
[monotone_penalty: 0]
[feature_contri: ]
[forcedsplits_filename: ]
[refit_decay_rate: 0.9]
[cegb_tradeoff: 1]
[cegb_penalty_split: 0]
[cegb_penalty_feature_lazy: ]
[cegb_penalty_feature_coupled: ]
[path_smooth: 0]
[interaction_constraints: ]
[verbosity: -1]
[saved_feature_importance_type: 0]
[use_quantized_grad: 0]
[num_grad_quant_bins: 4]
[quant_train_renew_leaf: 0]
[stochastic_rounding: 1]
[linear_tree: 0]
[max_bin: 255]
[max_bin_by_feature: ]
[min_data_in_bin: 3]
[bin_construct_sample_cnt: 200000]
[data_random_seed: 175]
[is_enable_sparse: 1]
[enable_bundle: 1]
[use_missing: 1]
[zero_as_missing: 0]
[feature_pre_filter: 1]
[pre_partition: 0]
[two_round: 0]
[header: 0]
[label_column: ]
[weight_column: ]
[group_column: ]
[ignore_column: ]
[categorical_feature: ]
[forcedbins_filename: ]
[precise_float_parser: 0]
[parser_config_file: ]
[objective_seed: 16083]
[num_class: 1]
[is_unbalance: 0]
[scale_pos_weight: 1]
[sigmoid: 1]
[boost_from_average: 1]
[reg_sqrt: 0]
[alpha: 0.9]
[fair_c: 1]
[poisson_max_delta_step: 0.7]
[tweedie_variance_power: 1.5]
[lambdarank_truncation_level: 30]
[lambdarank_norm: 1]
[label_gain: ]
[lambdarank_position_bias_regularization: 0]
[eval_at: ]
[multi_error_top_k: 1]
[auc_mu_weights: ]
[num_machines: 1]
[local_listen_port: 12400]
[time_out: 120]
[machine_list_filename: ]
[machines: ]
[gpu_platform_id: -1]
[gpu_device_id: -1]
[gpu_use_dp: 0]
[num_gpu: 1]

end of parameters

pandas_categorical:[]
