tree
version=v4
num_class=1
num_tree_per_iteration=1
label_index=0
max_feature_idx=4
objective=binary sigmoid:1
feature_names=discharge_disposition_id_lt=_10.5 number_inpatient_lt=_0.5 number_inpatient_lt=_1.5 number_diagnoses_lt=_5.5 number_outpatient_lt=_0.5
feature_infos=[0:1] [0:1] [0:1] [0:1] [0:1]
tree_sizes=921 1027 1029 1027 1031 1027 1033 1027 1026 1026 1030 1028 1031 1027 1027 1028 1025 1029 1025 1028 1030 1031 1023 1028 1036

Tree=0
num_leaves=8
num_cat=0
split_feature=1 3 2 0 0 0 4
split_gain=2703.35 449.525 436.493 249.83 161.593 158.546 45.9125
threshold=1.0000000180025095e-35 1.0000000180025095e-35 1.0000000180025095e-35 1.0000000180025095e-35 1.0000000180025095e-35 1.0000000180025095e-35 1.0000000180025095e-35
decision_type=2 2 2 2 2 2 2
left_child=2 5 3 -1 -4 -2 -3
right_child=1 6 4 -5 -6 -7 -8
leaf_value=-0.0067903208200472357 -0.058354997496303802 -0.01906525885405817 -0.038116972920918445 0.097475180455137256 0.038616431224966934 -0.012621457782172253 -0.066890174462193683
leaf_weight=255.75 835.75 219 300.5 2253.5 3078.75 8072 2541
leaf_count=1023 3343 876 1202 9014 12315 32288 10164
internal_value=2.84847e-05 -0.027848 0.0552595 0.0868497 0.0317836 -0.0169184 -0.0631037
internal_weight=17556.2 11667.8 5888.5 2509.25 3379.25 8907.75 2760
internal_count=70225 46671 23554 10037 13517 35631 11040
is_linear=0
shrinkage=1


Tree=1
num_leaves=8
num_cat=0
split_feature=1 3 2 0 4 0 4
split_gain=2191.99 364.897 355.446 203.274 149.906 130.996 37.2904
threshold=1.0000000180025095e-35 1.0000000180025095e-35 1.0000000180025095e-35 1.0000000180025095e-35 1.0000000180025095e-35 1.0000000180025095e-35 1.0000000180025095e-35
decision_type=2 2 2 2 2 2 2
left_child=2 4 3 -1 -2 -4 -3
right_child=1 6 5 -5 -6 -7 -8
leaf_value=-0.0061396501316405751 0.016608198968501457 -0.017194663183798999 -0.034356454811795119 0.087922486536759922 -0.020535289240104761 0.034743828480188324 -0.0602992981448955
leaf_weight=255.74705792963505 1265.8887650370598 218.98010659217834 300.39088499546051 2248.1555786430836 7640.8287378400564 3077.6025257259607 2538.1597568392754
leaf_count=1023 5064 876 1202 9014 30567 12315 10164
internal_value=2.4346e-07 -0.0250992 0.0497685 0.0783164 -0.0152549 0.0285907 -0.0568833
internal_weight=17545.8 11663.9 5881.9 2503.9 8906.72 3377.99 2757.14
internal_count=70225 46671 23554 10037 35631 13517 11040
is_linear=0
shrinkage=0.1


Tree=2
num_leaves=8
num_cat=0
split_feature=1 3 2 0 0 0 4
split_gain=1780.2 297.234 291.933 166.584 127.44 106.262 30.4376
threshold=1.0000000180025095e-35 1.0000000180025095e-35 1.0000000180025095e-35 1.0000000180025095e-35 1.0000000180025095e-35 1.0000000180025095e-35 1.0000000180025095e-35
decision_type=2 2 2 2 2 2 2
left_child=2 4 3 -1 -2 -4 -3
right_child=1 6 5 -5 -6 -7 -8
leaf_value=-0.0055282608932875725 -0.050911670487933318 -0.015486864723851397 -0.030962960177946898 0.079651147394152952 -0.0098823845364820525 0.031302501539038345 -0.054438466833518773
leaf_weight=255.73931403458118 834.53488911688328 218.92803651094437 300.10575667023659 2234.2458990216255 8070.1045003533363 3074.6115320920944 2530.7511643767357
leaf_count=1023 3343 876 1202 9014 32288 12315 10164
internal_value=2.33476e-06 -0.0226104 0.0449344 0.0709039 -0.0137329 0.0257578 -0.0513439
internal_weight=17519 11654.3 5864.7 2489.99 8904.64 3374.72 2749.68
internal_count=70225 46671 23554 10037 35631 13517 11040
is_linear=0
shrinkage=0.1


Tree=3
num_leaves=8
num_cat=0
split_feature=1 3 2 0 4 0 4
split_gain=1447.48 242.674 241.212 137.214 120.322 86.2392 24.9306
threshold=1.0000000180025095e-35 1.0000000180025095e-35 1.0000000180025095e-35 1.0000000180025095e-35 1.0000000180025095e-35 1.0000000180025095e-35 1.0000000180025095e-35
decision_type=2 2 2 2 2 2 2
left_child=2 4 3 -1 -2 -4 -3
right_child=1 6 5 -5 -6 -7 -8
leaf_value=-0.0049778150202532834 0.016179461739656783 -0.013950194247434398 -0.027916759883849104 0.072366089870763539 -0.017099554461927416 0.028214563043442401 -0.049213405145172334
leaf_weight=255.72821648418903 1265.8288863301277 218.85346233844757 299.69766798615456 2214.3811835646629 7635.3690378963947 3070.3339652717113 2520.1586764454842
leaf_count=1023 5064 876 1202 9014 30567 12315 10164
internal_value=4.50016e-06 -0.0203779 0.040626 0.06436 -0.0123657 0.023216 -0.0464019
internal_weight=17480.4 11640.2 5840.14 2470.11 8901.2 3370.03 2739.01
internal_count=70225 46671 23554 10037 35631 13517 11040
is_linear=0
shrinkage=0.1


Tree=4
num_leaves=8
num_cat=0
split_feature=1 2 3 0 0 3 4
split_gain=1177.83 200.115 198.462 113.422 102.782 74.8835 20.4679
threshold=1.0000000180025095e-35 1.0000000180025095e-35 1.0000000180025095e-35 1.0000000180025095e-35 1.0000000180025095e-35 1.0000000180025095e-35 1.0000000180025095e-35
decision_type=2 2 2 2 2 2 2
left_child=1 3 4 -1 -2 -3 -4
right_child=2 5 6 -5 -6 -7 -8
leaf_value=-0.0044822156107957849 -0.044587313427862062 0.027364344903474214 -0.012566914143733647 0.065878619973577565 -0.0076803930878145965 -0.013639477263850307 -0.044530458897072953
leaf_weight=255.71487808227539 831.550885155797 2836.7358659058809 218.76386368274689 2190.5580852031708 8065.7507650852203 527.67164766788483 2507.4473274350166
leaf_count=1023 3343 11397 876 9014 32288 2120 10164
internal_value=7.28759e-06 0.0367653 -0.0183699 0.0585248 -0.0111344 0.0209312 -0.0419711
internal_weight=17434.2 5810.68 11623.5 2446.27 8897.3 3364.41 2726.21
internal_count=70225 23554 46671 10037 35631 13517 11040
is_linear=0
shrinkage=0.1


Tree=5
num_leaves=8
num_cat=0
split_feature=1 2 3 4 0 0 4
split_gain=958.743 166.582 162.45 96.6095 93.9745 70.2814 16.8288
threshold=1.0000000180025095e-35 1.0000000180025095e-35 1.0000000180025095e-35 1.0000000180025095e-35 1.0000000180025095e-35 1.0000000180025095e-35 1.0000000180025095e-35
decision_type=2 2 2 2 2 2 2
left_child=1 4 3 -2 -1 -3 -4
right_child=2 5 6 -5 -6 -7 -8
leaf_value=-0.0040359820385560538 0.015549416796891908 -0.027294997358890929 -0.011321311148102966 -0.014273680987954691 0.060051742762894295 0.023390822023687086 -0.040316547244398329
leaf_weight=255.70016773045063 1265.7238637208939 299.58118951320648 218.66498404741287 7626.9123294651508 2164.2973644137383 3060.4580497741699 2493.4314930438995
leaf_count=1023 5064 1202 876 30567 9014 12315 10164
internal_value=9.44278e-06 0.0332811 -0.0165638 -0.0100276 0.0532813 0.0188649 -0.0379838
internal_weight=17384.8 5780.04 11604.7 8892.64 2420 3360.04 2712.1
internal_count=70225 23554 46671 35631 10037 13517 11040
is_linear=0
shrinkage=0.1


Tree=6
num_leaves=8
num_cat=0
split_feature=1 2 3 0 0 3 4
split_gain=780.751 138.766 133.057 83.0455 77.9716 61.1012 13.8481
threshold=1.0000000180025095e-35 1.0000000180025095e-35 1.0000000180025095e-35 1.0000000180025095e-35 1.0000000180025095e-35 1.0000000180025095e-35 1.0000000180025095e-35
decision_type=2 2 2 2 2 2 2
left_child=1 4 3 -2 -1 -3 -4
right_child=2 5 6 -5 -6 -7 -8
leaf_value=-0.0036341884532968996 -0.039178240405627646 0.022841245873996881 -0.010199416964853684 -0.0059302400781525762 0.054783760095865622 -0.014219522820937476 -0.036513355659559474
leaf_weight=255.68472567200661 827.54589805006981 2826.4187967628241 218.56119632720947 8060.3216025233269 2136.7494640052319 527.21525877714157 2478.728354036808
leaf_count=1023 3343 11397 876 32288 9014 2120 10164
internal_value=1.1699e-05 0.0301461 -0.0149359 -0.00903001 0.0485416 0.0170125 -0.0343857
internal_weight=17331.2 5746.07 11585.2 8887.87 2392.43 3353.63 2697.29
internal_count=70225 23554 46671 35631 10037 13517 11040
is_linear=0
shrinkage=0.1


Tree=7
num_leaves=8
num_cat=0
split_feature=1 4 3 4 2 0 4
split_gain=635.806 126.742 108.991 77.5798 73.2005 63.2861 11.399
threshold=1.0000000180025095e-35 1.0000000180025095e-35 1.0000000180025095e-35 1.0000000180025095e-35 1.0000000180025095e-35 1.0000000180025095e-35 1.0000000180025095e-35
decision_type=2 2 2 2 2 2 2
left_child=1 5 3 -2 -3 -1 -4
right_child=2 4 6 -5 -6 -7 -8
leaf_value=-0.022541498035836147 0.014786165442911229 0.035272963786353327 -0.0091887711743357994 -0.011942440558101642 0.0087982783666972313 0.060637532673130205 -0.033073394941293001
leaf_weight=98.352927088737488 1265.5642940998077 1711.3404959589243 218.45576387643814 7617.1411760151386 2679.638391405344 1223.8126255869865 2463.8007581233978
leaf_count=394 5064 7261 876 30567 10815 5084 10164
internal_value=1.31345e-05 0.0273032 -0.0134695 -0.00813304 0.0191222 0.0544377 -0.0311323
internal_weight=17278.1 5713.14 11565 8882.71 4390.98 1322.17 2682.26
internal_count=70225 23554 46671 35631 18076 5478 11040
is_linear=0
shrinkage=0.1


Tree=8
num_leaves=8
num_cat=0
split_feature=1 0 4 3 0 4 3
split_gain=517.548 107.233 107.157 89.2821 67.1558 9.38247 8.95015
threshold=1.0000000180025095e-35 1.0000000180025095e-35 1.0000000180025095e-35 1.0000000180025095e-35 1.0000000180025095e-35 1.0000000180025095e-35 1.0000000180025095e-35
decision_type=2 2 2 2 2 2 2
left_child=1 6 -3 4 -2 -5 -1
right_child=3 2 -4 5 -6 -7 -8
leaf_value=-0.022000991261897931 -0.034515414586380848 0.055239805817281246 0.021191808407085098 -0.008278236209183637 -0.0045418641232745768 -0.029957214055579186 0.015108616624183236
leaf_weight=480.74547438323498 823.0209279358387 1209.9004498720169 3918.2939593046904 218.35111463069916 8054.6209644675255 2448.9900857806206 74.407294437289238
leaf_count=1926 3343 5084 16245 876 32288 10164 299
internal_value=1.43695e-05 0.0247148 0.029234 -0.0121462 -0.0073242 -0.0281863 -0.017009
internal_weight=17228.3 5683.35 5128.19 11545 8877.64 2667.34 555.153
internal_count=70225 23554 21329 46671 35631 11040 2225
is_linear=0
shrinkage=0.1


Tree=9
num_leaves=8
num_cat=0
split_feature=1 2 4 3 0 3 0
split_gain=421.23 101.426 80.549 54.0342 51.1153 48.9064 17.3451
threshold=1.0000000180025095e-35 1.0000000180025095e-35 1.0000000180025095e-35 1.0000000180025095e-35 1.0000000180025095e-35 1.0000000180025095e-35 1.0000000180025095e-35
decision_type=2 2 2 2 2 2 2
left_child=1 4 6 -4 -1 -3 -2
right_child=2 5 3 -5 -6 -7 -8
leaf_value=-0.0037669158299260702 -0.033800895195581188 0.016425547068353745 -0.010014531208193102 -0.027131420438804101 0.043617881948643099 -0.016775439688851038 0.01340381409071102
leaf_weight=255.64098583161831 81.471356451511383 2805.6421614438295 7607.0723786205053 2434.5438151359558 2067.1392523944378 526.13819509744644 1402.122743666172
leaf_count=1023 328 11397 30567 10164 9014 2120 5612
internal_value=1.43949e-05 0.0223671 -0.0109534 -0.0141667 0.0384034 0.0111792 0.0107906
internal_weight=17179.8 5654.56 11525.2 10041.6 2322.78 3331.78 1483.59
internal_count=70225 23554 46671 40731 10037 13517 5940
is_linear=0
shrinkage=0.1


Tree=10
num_leaves=8
num_cat=0
split_feature=1 4 4 2 3 0 0
split_gain=342.978 84.9805 65.3726 49.3055 44.3836 40.6436 14.1013
threshold=1.0000000180025095e-35 1.0000000180025095e-35 1.0000000180025095e-35 1.0000000180025095e-35 1.0000000180025095e-35 1.0000000180025095e-35 1.0000000180025095e-35
decision_type=2 2 2 2 2 2 2
left_child=1 5 6 -3 -4 -1 -2
right_child=2 3 4 -5 -6 -7 -8
leaf_value=-0.018822271520443093 -0.030556684044220645 0.027030028565820187 -0.0090192849621467883 0.0051230112263208356 -0.024567369242773668 0.047955555294595845 0.012065066601452637
leaf_weight=98.205180928111076 81.228269398212433 1670.0551903694868 7602.2176195383072 2668.7510666102171 2420.6353626251221 1186.2773955762386 1402.0463936328888
leaf_count=394 328 7261 30567 10815 10164 5084 5612
internal_value=1.52677e-05 0.0202541 -0.0098768 0.0135596 -0.0127764 0.0428394 0.00971197
internal_weight=17129.4 5623.29 11506.1 4338.81 10022.9 1284.48 1483.27
internal_count=70225 23554 46671 18076 40731 5478 5940
is_linear=0
shrinkage=0.1


Tree=11
num_leaves=8
num_cat=0
split_feature=1 0 2 4 3 0 3
split_gain=279.136 75.4546 73.168 53.0511 36.4333 11.466 7.95531
threshold=1.0000000180025095e-35 1.0000000180025095e-35 1.0000000180025095e-35 1.0000000180025095e-35 1.0000000180025095e-35 1.0000000180025095e-35 1.0000000180025095e-35
decision_type=2 2 2 2 2 2 2
left_child=1 6 -3 5 -5 -2 -1
right_child=3 2 -4 4 -6 -7 -8
leaf_value=-0.021350942558522983 -0.02762975282578195 0.036916288774483184 0.012326156107830711 -0.0081227626874964941 -0.022240039319269694 0.010860850372797694 0.013641046375067748
leaf_weight=480.57852023839951 80.969697773456573 2019.2848616838455 3021.1978647559881 7597.5237399488688 2407.3815003633499 1401.8702355623245 74.405332654714584
leaf_count=1926 328 9014 12315 30567 10164 5612 299
internal_value=1.56877e-05 0.0183294 0.0221827 -0.00890541 -0.0115215 0.00874189 -0.0166436
internal_weight=17083.2 5595.47 5040.48 11487.7 10004.9 1482.84 554.984
internal_count=70225 23554 21329 46671 40731 5940 2225
is_linear=0
shrinkage=0.1


Tree=12
num_leaves=8
num_cat=0
split_feature=1 4 3 0 3 0 4
split_gain=227.234 69.4177 43.317 49.0939 33.4566 29.2463 1.76763
threshold=1.0000000180025095e-35 1.0000000180025095e-35 1.0000000180025095e-35 1.0000000180025095e-35 1.0000000180025095e-35 1.0000000180025095e-35 1.0000000180025095e-35
decision_type=2 2 2 2 2 2 2
left_child=1 5 3 -2 -3 -1 -4
right_child=2 4 6 -5 -6 -7 -8
leaf_value=-0.01512290097112752 -0.028052286221699765 0.014412960871328978 -0.01065436318170627 -0.0023169417227927405 -0.0095328945211802622 0.041634327682968431 -0.020127387242766019
leaf_weight=97.971706673502922 815.55266015231609 3609.1100441962481 218.57725256681442 8041.2361073493958 695.23059606552124 1163.3053518533707 2394.8550783991814
leaf_count=394 3343 15184 876 32288 2892 5084 10164
internal_value=1.59826e-05 0.0165942 -0.0080289 -0.00468961 0.0105439 0.0372171 -0.0193395
internal_weight=17035.8 5565.62 11470.2 8856.79 4304.34 1261.28 2613.43
internal_count=70225 23554 46671 35631 18076 5478 11040
is_linear=0
shrinkage=0.1


Tree=13
num_leaves=8
num_cat=0
split_feature=2 3 0 4 0 0 4
split_gain=199.581 69.273 76.9139 31.0964 15.8774 12.5101 5.87961
threshold=1.0000000180025095e-35 1.0000000180025095e-35 1.0000000180025095e-35 1.0000000180025095e-35 1.0000000180025095e-35 1.0000000180025095e-35 1.0000000180025095e-35
decision_type=2 2 2 2 2 2 2
left_child=3 2 -2 5 -5 -1 -3
right_child=1 6 -4 4 -6 -7 -8
leaf_value=0.0027699462293533771 -0.026200875137448378 -0.0035936076219154674 0.0019364552053105948 -0.005828381969918894 0.024333537547844338 0.051963843874565666 -0.018775357254572675
leaf_weight=57.241825267672539 1068.8684135377407 280.78692206740379 10564.230410858989 198.2364611774683 1437.3079016208649 543.75809437036514 2846.4333036541939
leaf_count=230 4375 1132 42653 793 6468 2546 12028
internal_value=1.53162e-05 -0.00420332 -0.000650879 0.0278461 0.0206764 0.0472908 -0.0174138
internal_weight=16996.9 14760.3 11633.1 2236.54 1635.54 601 3127.22
internal_count=70225 60188 47028 10037 7261 2776 13160
is_linear=0
shrinkage=0.1


Tree=14
num_leaves=8
num_cat=0
split_feature=2 4 3 4 0 0 0
split_gain=163.395 64.7863 40.0052 26.2804 17.9653 13.0336 10.5874
threshold=1.0000000180025095e-35 1.0000000180025095e-35 1.0000000180025095e-35 1.0000000180025095e-35 1.0000000180025095e-35 1.0000000180025095e-35 1.0000000180025095e-35
decision_type=2 2 2 2 2 2 2
left_child=3 4 -3 6 -2 -5 -1
right_child=1 2 -4 5 -6 -7 -8
leaf_value=0.0024972385718019735 -0.024989066320609626 -0.0034779115266362851 -0.016966597597016655 -0.0052485021163189323 0.014604318886090595 0.022093032345921419 0.04779279443184168
leaf_weight=57.252212315797806 120.64611771702766 9781.8645520955324 2835.5970595479012 198.2351076900959 2007.2486634850502 1425.5099875330925 532.77342265844345
leaf_count=230 492 39518 12028 793 8150 6468 2546
internal_value=1.55766e-05 -0.00378819 -0.00651041 0.0253418 0.0123488 0.0187539 0.0434093
internal_weight=16959.1 14745.4 12617.5 2213.77 2127.89 1623.75 590.026
internal_count=70225 60188 51546 10037 8642 7261 2776
is_linear=0
shrinkage=0.1


Tree=15
num_leaves=8
num_cat=0
split_feature=1 0 4 4 0 3 3
split_gain=144.271 44.3955 41.3105 31.1569 14.644 8.07048 7.37082
threshold=1.0000000180025095e-35 1.0000000180025095e-35 1.0000000180025095e-35 1.0000000180025095e-35 1.0000000180025095e-35 1.0000000180025095e-35 1.0000000180025095e-35
decision_type=2 2 2 2 2 2 2
left_child=1 6 -3 5 -5 -2 -1
right_child=3 2 -4 4 -6 -7 -8
leaf_value=-0.018040070684585074 0.010211941295364665 0.033157132056227778 0.01136299327259236 -0.020201375491312991 -0.0071541897642129985 -0.010566589366788455 0.015653227971150634
leaf_weight=479.65850529074669 1262.3404176235199 1126.1840796172619 3817.4846329391003 950.72950454056263 8994.4680487811565 218.54941558837891 74.282033443450928
leaf_count=1926 5064 5084 16245 3974 36757 876 299
internal_value=1.59908e-05 0.0133254 0.0163335 -0.00638835 -0.00840337 0.00714039 -0.0135018
internal_weight=16923.7 5497.61 4943.67 11426.1 9945.2 1480.89 553.941
internal_count=70225 23554 21329 46671 40731 5940 2225
is_linear=0
shrinkage=0.1


Tree=16
num_leaves=8
num_cat=0
split_feature=2 3 0 4 0 0 4
split_gain=119.084 44.9978 51.9052 19.0461 8.715 7.21397 2.732
threshold=1.0000000180025095e-35 1.0000000180025095e-35 1.0000000180025095e-35 1.0000000180025095e-35 1.0000000180025095e-35 1.0000000180025095e-35 1.0000000180025095e-35
decision_type=2 2 2 2 2 2 2
left_child=3 2 -2 5 -5 -1 -3
right_child=1 6 -4 4 -6 -7 -8
leaf_value=0.0037242341352761383 -0.02143417181579186 -0.0044821296462802321 0.0017624358101257299 -0.0033888988141978224 0.018991046943319108 0.041223971717819788 -0.014853500980296714
leaf_weight=57.196697041392326 1060.6984505355358 280.29112505912781 10550.05499240756 198.18249706923962 1408.8472593426704 514.94577166438103 2819.9406936019659
leaf_count=230 4375 1132 42653 793 6468 2546 12028
internal_value=1.55608e-05 -0.00321661 -0.00035835 0.0218265 0.0162307 0.0374882 -0.0139176
internal_weight=16890.2 14711 11610.8 2179.17 1607.03 572.142 3100.23
internal_count=70225 60188 47028 10037 7261 2776 13160
is_linear=0
shrinkage=0.1


Tree=17
num_leaves=8
num_cat=0
split_feature=1 0 3 4 3 3 3
split_gain=104.109 30.823 32.2536 24.0223 8.83745 6.20774 5.86905
threshold=1.0000000180025095e-35 1.0000000180025095e-35 1.0000000180025095e-35 1.0000000180025095e-35 1.0000000180025095e-35 1.0000000180025095e-35 1.0000000180025095e-35
decision_type=2 2 2 2 2 2 2
left_child=1 6 -3 5 -5 -2 -1
right_child=3 2 -4 4 -6 -7 -8
leaf_value=-0.015050064982301825 0.0091546223465420375 0.017287520446996218 -0.0055011654236919562 -0.005531447315757481 -0.012555740174745615 -0.0090754293094011448 0.015013101422201733
leaf_weight=478.68578451871872 1261.640009701252 4174.0391809791327 729.11592042446136 7575.4300127327442 2346.4256594032049 218.3960747718811 74.283930644392967
leaf_count=1926 5064 18235 3094 30567 10164 876 299
internal_value=1.51918e-05 0.0113742 0.0138983 -0.00542094 -0.00719372 0.00646026 -0.0109917
internal_weight=16858 5456.12 4903.16 11401.9 9921.86 1480.04 552.97
internal_count=70225 23554 21329 46671 40731 5940 2225
is_linear=0
shrinkage=0.1


Tree=18
num_leaves=8
num_cat=0
split_feature=2 4 3 4 0 0 0
split_gain=86.9986 33.7642 21.0478 15.9362 11.2371 5.5424 5.22676
threshold=1.0000000180025095e-35 1.0000000180025095e-35 1.0000000180025095e-35 1.0000000180025095e-35 1.0000000180025095e-35 1.0000000180025095e-35 1.0000000180025095e-35
decision_type=2 2 2 2 2 2 2
left_child=3 4 -3 6 -2 -5 -1
right_child=1 2 -4 5 -6 -7 -8
leaf_value=0.0045693101477519661 -0.020676341741579188 -0.0025121152594874338 -0.012343095398803017 -0.0019626007483580939 0.010731796536400544 0.015904439989067615 0.0365686136988633
leaf_weight=57.152249038219452 119.89109581708908 9758.7933679819107 2802.6694617420435 198.1043169349432 1996.6991061866283 1391.8772344589233 502.06203076243401
leaf_count=230 492 39518 12028 793 8150 6468 2546
internal_value=1.42496e-05 -0.00273753 -0.00470638 0.0188002 0.00894381 0.0136785 0.0333122
internal_weight=16827.2 14678.1 12561.5 2149.2 2116.59 1589.98 559.214
internal_count=70225 60188 51546 10037 8642 7261 2776
is_linear=0
shrinkage=0.1


Tree=19
num_leaves=8
num_cat=0
split_feature=1 4 3 4 0 0 3
split_gain=74.6506 24.6064 15.438 15.3544 9.76236 8.79958 5.08499
threshold=1.0000000180025095e-35 1.0000000180025095e-35 1.0000000180025095e-35 1.0000000180025095e-35 1.0000000180025095e-35 1.0000000180025095e-35 1.0000000180025095e-35
decision_type=2 2 2 2 2 2 2
left_child=1 4 -3 6 -1 -5 -2
right_child=3 2 -4 5 -6 -7 -8
leaf_value=-0.0079043490964653493 0.0073567922233615003 0.008770262524222916 -0.007557344523876193 -0.015207077974328499 0.025105183542297557 -0.0050394602793052135 -0.009142501363779974
leaf_weight=97.164150089025497 1260.372955083847 3542.5604070574045 691.41012614965439 939.94577787816525 1088.9135954082012 8960.2657193243504 218.38441443443298
leaf_count=394 5064 15184 2892 3974 5084 36757 876
internal_value=1.40886e-05 0.00967188 0.0061028 -0.00458657 0.0223966 -0.00600623 0.00491563
internal_weight=16799 5420.05 4233.97 11379 1186.08 9900.21 1478.76
internal_count=70225 23554 18076 46671 5478 40731 5940
is_linear=0
shrinkage=0.1


Tree=20
num_leaves=8
num_cat=0
split_feature=2 3 0 4 0 0 4
split_gain=62.9729 22.59 34.1836 11.5182 4.56454 3.56721 1.07085
threshold=1.0000000180025095e-35 1.0000000180025095e-35 1.0000000180025095e-35 1.0000000180025095e-35 1.0000000180025095e-35 1.0000000180025095e-35 1.0000000180025095e-35
decision_type=2 2 2 2 2 2 2
left_child=3 2 -2 5 -5 -1 -3
right_child=1 6 -4 4 -6 -7 -8
leaf_value=0.0048982590155027955 -0.017469427182653416 -0.0040270899888385859 0.0014215335199829981 -0.0024183231080727109 0.013800681659568416 0.031399753571852006 -0.010535177760488859
leaf_weight=57.137752428650856 1052.7471719235182 279.82625323534012 10527.589595511556 198.14041329920292 1380.1282491087914 487.66931599378586 2790.730662509799
leaf_count=230 4375 1132 42653 793 6468 2546 12028
internal_value=1.33465e-05 -0.00231942 -0.000297169 0.0161048 0.0117643 0.0286344 -0.00994359
internal_weight=16774 14650.9 11580.3 2123.08 1578.27 544.807 3070.56
internal_count=70225 60188 47028 10037 7261 2776 13160
is_linear=0
shrinkage=0.1


Tree=21
num_leaves=8
num_cat=0
split_feature=1 0 3 4 3 0 3
split_gain=53.7873 18.3319 18.8311 11.8461 5.28666 5.13968 3.88656
threshold=1.0000000180025095e-35 1.0000000180025095e-35 1.0000000180025095e-35 1.0000000180025095e-35 1.0000000180025095e-35 1.0000000180025095e-35 1.0000000180025095e-35
decision_type=2 2 2 2 2 2 2
left_child=1 4 -3 6 -1 -5 -2
right_child=3 2 -4 5 -6 -7 -8
leaf_value=-0.012873850171788402 0.0065922530253021807 0.01283279951550983 -0.0046260121417427804 -0.012198697097821272 0.015666833041656798 -0.004401694409566342 -0.0078374719517707303
leaf_weight=477.68934768438339 1259.6720482707024 4110.3702844679356 726.51968288421631 933.1595024317503 74.213960781693459 8948.8227236717939 218.23111701011658
leaf_count=1926 5064 18235 3094 3974 299 36757 876
internal_value=1.27288e-05 0.00823977 0.01021 -0.00389032 -0.00901461 -0.00513913 0.00445766
internal_weight=16748.7 5388.79 4836.89 11359.9 551.903 9881.98 1477.9
internal_count=70225 23554 21329 46671 2225 40731 5940
is_linear=0
shrinkage=0.1


Tree=22
num_leaves=8
num_cat=0
split_feature=2 4 3 4 0 0 0
split_gain=46.0028 17.6025 11.4 9.56625 7.13357 2.83578 2.51998
threshold=1.0000000180025095e-35 1.0000000180025095e-35 1.0000000180025095e-35 1.0000000180025095e-35 1.0000000180025095e-35 1.0000000180025095e-35 1.0000000180025095e-35
decision_type=2 2 2 2 2 2 2
left_child=3 4 -3 6 -2 -5 -1
right_child=1 2 -4 5 -6 -7 -8
leaf_value=0.0054273473671348146 -0.017190583845676434 -0.0017861014700416627 -0.0090454425902003668 -0.0012842646330559085 0.0079060851583605766 0.011512153908109089 0.027760824676994394
leaf_weight=57.103650346398354 119.17448380589485 9738.78960467875 2780.290902659297 198.05935822427273 1987.645609498024 1367.2077743411064 477.53588989377022
leaf_count=230 492 39518 12028 793 8150 6468 2546
internal_value=1.18101e-05 -0.00197566 -0.00339888 0.0138489 0.00647898 0.00989319 0.02539
internal_weight=16725.8 14625.9 12519.1 2099.91 2106.82 1565.27 534.64
internal_count=70225 60188 51546 10037 8642 7261 2776
is_linear=0
shrinkage=0.1


Tree=23
num_leaves=8
num_cat=0
split_feature=1 4 3 4 0 0 3
split_gain=38.4983 14.5378 8.61909 7.508 5.22926 4.20547 3.1837
threshold=1.0000000180025095e-35 1.0000000180025095e-35 1.0000000180025095e-35 1.0000000180025095e-35 1.0000000180025095e-35 1.0000000180025095e-35 1.0000000180025095e-35
decision_type=2 2 2 2 2 2 2
left_child=1 4 -3 6 -1 -5 -2
right_child=3 2 -4 5 -6 -7 -8
leaf_value=-0.0052851243994715422 0.0052933956982899773 0.0062689221161554634 -0.005942642663021953 -0.010683213964806176 0.018952376522812155 -0.0036175080430124289 -0.0077671040427453077
leaf_weight=96.753886356949806 1258.4914201498032 3513.7276572883129 690.9180349111557 929.46776053309441 1059.2887087762356 8937.1114210188389 218.2048761844635
leaf_count=394 5064 15184 2892 3974 5084 36757 876
internal_value=1.13981e-05 0.00699408 0.00426135 -0.00328885 0.016921 -0.00428414 0.00335955
internal_weight=16704 5360.69 4204.65 11343.3 1156.04 9866.58 1476.7
internal_count=70225 23554 18076 46671 5478 40731 5940
is_linear=0
shrinkage=0.1


Tree=24
num_leaves=8
num_cat=0
split_feature=2 0 3 4 3 0 0
split_gain=33.2831 12.8512 18.4381 6.84344 3.73923 2.32835 1.68277
threshold=1.0000000180025095e-35 1.0000000180025095e-35 1.0000000180025095e-35 1.0000000180025095e-35 1.0000000180025095e-35 1.0000000180025095e-35 1.0000000180025095e-35
decision_type=2 2 2 2 2 2 2
left_child=3 4 -3 6 -2 -5 -1
right_child=1 2 -4 5 -6 -7 -8
leaf_value=0.0054133092448182436 -0.013810673154197199 0.0011728218231905768 -0.0079671032443876209 -0.0016145230593764032 -0.00036170348171268466 0.0099825517225266714 0.023709145758452174
leaf_weight=57.104295656085014 1044.6428060084581 10509.523960158229 2792.8362775146961 198.0904423892498 257.74198916554451 1358.4975047707558 466.32853922247887
leaf_count=230 4375 42653 12031 793 1129 6468 2546
internal_value=1.06609e-05 -0.00167512 -0.000746564 0.0118424 -0.0111514 0.00850663 0.0217273
internal_weight=16684.8 14604.7 13302.4 2080.02 1302.38 1556.59 523.433
internal_count=70225 60188 54684 10037 5504 7261 2776
is_linear=0
shrinkage=0.1


end of trees

feature_importances:
discharge_disposition_id_lt=_10.5=57
number_outpatient_lt=_0.5=42
number_diagnoses_lt=_5.5=40
number_inpatient_lt=_0.5=18
number_inpatient_lt=_1.5=18

parameters:
[boosting: gbdt]
[objective: binary]
[metric: binary_logloss]
[tree_learner: serial]
[device_type: cpu]
[data_sample_strategy: bagging]
[data: ]
[valid: ]
[num_iterations: 25]
[learning_rate: 0.1]
[num_leaves: 31]
[num_threads: 8]
[seed: 42]
[deterministic: 0]
[force_col_wise: 0]
[force_row_wise: 0]
[histogram_pool_size: -1]
[max_depth: 3]
[min_data_in_leaf: 20]
[min_sum_hessian_in_leaf: 0.001]
[bagging_fraction: 1]
[pos_bagging_fraction: 1]
[neg_bagging_fraction: 1]
[bagging_freq: 0]
[bagging_seed: 400]
[bagging_by_query: 0]
[feature_fraction: 1]
[feature_fraction_bynode: 1]
[feature_fraction_seed: 30056]
[extra_trees: 0]
[extra_seed: 12879]
[early_stopping_round: 0]
[early_stopping_min_delta: 0]
[first_metric_only: 0]
[max_delta_step: 0]
[lambda_l1: 0]
[lambda_l2: 1]
[linear_lambda: 0]
[min_gain_to_split: 0]
[drop_rate: 0.1]
[max_drop: 50]
[skip_drop: 0.5]
[xgboost_dart_mode: 0]
[uniform_drop: 0]
[drop_seed: 17869]
[top_rate: 0.2]
[other_rate: 0.1]
[min_data_per_group: 100]
[max_cat_threshold: 32]
[cat_l2: 10]
[cat_smooth: 10]
[max_cat_to_onehot: 4]
[top_k: 20]
[monotone_constraints: ]
[monotone_constraints_method: basic]
[monotone_penalty: 0]
[feature_contri: ]
[forcedsplits_filename: ]
[refit_decay_rate: 0.9]
[cegb_tradeoff: 1]
[cegb_penalty_split: 0]
[cegb_penalty_feature_lazy: ]
[cegb_penalty_feature_coupled: ]
[path_smooth: 0]
[interaction_constraints: ]
[verbosity: -1]
[saved_feature_importance_type: 0]
[use_quantized_grad: 0]
[num_grad_quant_bins: 4]
[quant_train_renew_leaf: 0]
[stochastic_rounding: 1]
[linear_tree: 0]
[max_bin: 255]
[max_bin_by_feature: ]
[min_data_in_bin: 3]
[bin_construct_sample_cnt: 200000]
[data_random_seed: 175]
[is_enable_sparse: 1]
[enable_bundle: 1]
[use_missing: 1]
[zero_as_missing: 0]
[feature_pre_filter: 1]
[pre_partition: 0]
[two_round: 0]
[header: 0]
[label_column: ]
[weight_column: ]
[group_column: ]
[ignore_column: ]
[categorical_feature: ]
[forcedbins_filename: ]
[precise_float_parser: 0]
[parser_config_file: ]
[objective_seed: 16083]
[num_class: 1]
[is_unbalance: 0]
[scale_pos_weight: 1]
[sigmoid: 1]
[boost_from_average: 1]
[reg_sqrt: 0]
[alpha: 0.9]
[fair_c: 1]
[poisson_max_delta_step: 0.7]
[tweedie_variance_power: 1.5]
[lambdarank_truncation_level: 30]
[lambdarank_norm: 1]
[label_gain: ]
[lambdarank_position_bias_regularization: 0]
[eval_at: ]
[multi_error_top_k: 1]
[auc_mu_weights: ]
[num_machines: 1]
[local_listen_port: 12400]
[time_out: 120]
[machine_list_filename: ]
[machines: ]
[gpu_platform_id: -1]
[gpu_device_id: -1]
[gpu_use_dp: 0]
[num_gpu: 1]

end of parameters

pandas_categorical:[]
