tree
version=v4
num_class=1
num_tree_per_iteration=1
label_index=0
max_feature_idx=19
objective=binary sigmoid:1
feature_names=gender_lt=_0.5 age_lt=_6.5 discharge_disposition_id_lt=_10.5 discharge_disposition_id_lt=_14.5 admission_source_id_lt=_4.5 num_lab_procedures_lt=_30.5 num_procedures_lt=_1.5 number_outpatient_lt=_0.5 number_emergency_lt=_0.5 number_emergency_lt=_2.5 number_inpatient_lt=_0.5 number_inpatient_lt=_1.5 number_inpatient_lt=_2.5 number_inpatient_lt=_3.5 diag_1_lt=_98.5 number_diagnoses_lt=_5.5 number_diagnoses_lt=_6.5 metformin_lt=_1.5 change_lt=_0.5 number_inpatient_lt=_4.5
feature_infos=[0:1] [0:1] [0:1] [0:1] [0:1] [0:1] [0:1] [0:1] [0:1] [0:1] [0:1] [0:1] [0:1] [0:1] [0:1] [0:1] [0:1] [0:1] [0:1] [0:1]
tree_sizes=931 1033 1027 1029 1030 1031 1028 1033 1033 1025 1034 1027 1034 1022 1035 1028 1023 1024 1032 1028 1031 1038 1033 1028 1025

Tree=0
num_leaves=8
num_cat=0
split_feature=10 15 11 2 18 2 18
split_gain=2703.35 449.525 436.493 249.83 206.386 161.593 89.1599
threshold=1.0000000180025095e-35 1.0000000180025095e-35 1.0000000180025095e-35 1.0000000180025095e-35 1.0000000180025095e-35 1.0000000180025095e-35 1.0000000180025095e-35
decision_type=2 2 2 2 2 2 2
left_child=2 4 3 -1 -2 -4 -3
right_child=1 6 5 -5 -6 -7 -8
leaf_value=-0.0067903208200472357 -0.031589779627434963 -0.078945420166812941 -0.038116972920918445 0.097475180455137256 -0.0011277382212417117 0.038616431224966934 -0.042642130962216244
leaf_weight=255.75 4617 1554 300.5 2253.5 4290.75 3078.75 1206
leaf_count=1023 18468 6216 1202 9014 17163 12315 4824
internal_value=2.84847e-05 -0.027848 0.0552595 0.0868497 -0.0169184 0.0317836 -0.0631037
internal_weight=17556.2 11667.8 5888.5 2509.25 8907.75 3379.25 2760
internal_count=70225 46671 23554 10037 35631 13517 11040
is_linear=0
shrinkage=1


Tree=1
num_leaves=8
num_cat=0
split_feature=10 15 11 2 18 2 18
split_gain=2192 364.955 355.446 203.274 167.25 130.996 72.5876
threshold=1.0000000180025095e-35 1.0000000180025095e-35 1.0000000180025095e-35 1.0000000180025095e-35 1.0000000180025095e-35 1.0000000180025095e-35 1.0000000180025095e-35
decision_type=2 2 2 2 2 2 2
left_child=2 4 3 -1 -2 -4 -3
right_child=1 6 5 -5 -6 -7 -8
leaf_value=-0.0061396501316405751 -0.028464488342076485 -0.071196439165208167 -0.034356454811795119 0.087922486536759922 -0.0010406302612110125 0.034743828480188324 -0.038425182705248077
leaf_weight=255.74705792963505 4615.8483104109764 1551.5812672376633 300.39088499546051 2248.1555786430836 4290.7487212568521 3077.6025257259607 1205.4519624710083
leaf_count=1023 18468 6216 1202 9014 17163 12315 4824
internal_value=2.27192e-07 -0.0250997 0.0497685 0.0783164 -0.0152547 0.0285907 -0.0568871
internal_weight=17545.5 11663.6 5881.9 2503.9 8906.6 3377.99 2757.03
internal_count=70225 46671 23554 10037 35631 13517 11040
is_linear=0
shrinkage=0.1


Tree=2
num_leaves=8
num_cat=0
split_feature=10 12 15 2 2 2 18
split_gain=1780.32 298.971 297.336 173.025 156.589 91.9499 59.583
threshold=1.0000000180025095e-35 1.0000000180025095e-35 1.0000000180025095e-35 1.0000000180025095e-35 1.0000000180025095e-35 1.0000000180025095e-35 1.0000000180025095e-35
decision_type=2 2 2 2 2 2 2
left_child=1 5 4 -3 -2 -1 -4
right_child=2 3 6 -5 -6 -7 -8
leaf_value=0.0066434099295217298 -0.054924328191637312 -0.026449667939476798 -0.064355746101262046 0.039687304921161598 -0.009463860607134212 0.09891806435008621 -0.034628970706957238
leaf_weight=120.2449756115675 835.32379579544067 435.60009509325027 1545.2750372886658 4237.0935896039009 8068.2606965899467 1071.763841509819 1204.0207679271698
leaf_count=481 3343 1744 6216 17005 32288 4324 4824
internal_value=1.74638e-06 0.0449344 -0.022614 0.0335175 -0.0137346 0.0896231 -0.0513546
internal_weight=17517.6 5864.7 11652.9 4672.69 8903.58 1192.01 2749.3
internal_count=70225 23554 46671 18749 35631 4805 11040
is_linear=0
shrinkage=0.1


Tree=3
num_leaves=8
num_cat=0
split_feature=10 11 16 7 2 18 2
split_gain=1447.34 263.129 247.44 140.347 139.109 85.6838 85.0861
threshold=1.0000000180025095e-35 1.0000000180025095e-35 1.0000000180025095e-35 1.0000000180025095e-35 1.0000000180025095e-35 1.0000000180025095e-35 1.0000000180025095e-35
decision_type=2 2 2 2 2 2 2
left_child=1 4 3 -2 -1 -4 -3
right_child=2 6 5 -5 -6 -7 -8
leaf_value=-0.0044444677752930178 0.022938450470131683 -0.028360188266399002 -0.053636246425223667 -0.015458975102758574 0.073433007086456115 -0.024022785781749493 0.02738901638662454
leaf_weight=255.69628918170929 1112.7303248047829 299.76603502035141 2227.0223599523306 6554.0769786089659 2217.219034075737 1745.1648499965668 3068.9345347881317
leaf_count=1023 4454 1202 8983 26237 9014 6997 12315
internal_value=3.67799e-06 0.0406158 -0.0203813 -0.00988386 0.065382 -0.040635 0.0224212
internal_weight=17480.6 5841.62 11639 7666.81 2472.92 3972.19 3368.7
internal_count=70225 23554 46671 30691 10037 15980 13517
is_linear=0
shrinkage=0.1


Tree=4
num_leaves=8
num_cat=0
split_feature=10 12 15 18 2 2 0
split_gain=1177.66 223.357 208.318 129.369 113.875 64.4887 52.107
threshold=1.0000000180025095e-35 1.0000000180025095e-35 1.0000000180025095e-35 1.0000000180025095e-35 1.0000000180025095e-35 1.0000000180025095e-35 1.0000000180025095e-35
decision_type=2 2 2 2 2 2 2
left_child=1 5 3 -2 -3 -1 -4
right_child=2 4 6 -5 -6 -7 -8
leaf_value=0.0064252560820491971 -0.022592605019067399 -0.021772120928049078 -0.05793341916584184 0.0015389974125750452 0.031946853488827719 0.083800702826479986 -0.030089878237362689
leaf_weight=120.24653811752796 4606.8044581264257 434.7211366891861 1218.5238392651081 4289.5859393924475 4210.3814686089754 1047.1369205713272 1508.0093458592892
leaf_count=481 18468 1744 4934 17163 17005 4324 6106
internal_value=6.38121e-06 0.0367538 -0.0183721 -0.0109582 0.0269159 0.075843 -0.0425502
internal_weight=17435.4 5812.49 11622.9 8896.39 4645.1 1167.38 2726.53
internal_count=70225 23554 46671 35631 18749 4805 11040
is_linear=0
shrinkage=0.1


Tree=5
num_leaves=8
num_cat=0
split_feature=10 11 7 15 1 15 5
split_gain=958.649 197.502 189.489 143.691 108.63 75.3076 37.2683
threshold=1.0000000180025095e-35 1.0000000180025095e-35 1.0000000180025095e-35 1.0000000180025095e-35 1.0000000180025095e-35 1.0000000180025095e-35 1.0000000180025095e-35
decision_type=2 2 2 2 2 2 2
left_child=1 4 6 -4 -1 -3 -2
right_child=2 5 3 -5 -6 -7 -8
leaf_value=0.030491253982223299 0.027903872949267047 0.024006345134445523 -0.014631036303843853 -0.042267153476479268 0.073295256252379926 -0.017168619099205192 -0.0058920989844446527
leaf_weight=1038.3118616193533 995.71419727802277 2828.6668417006731 7626.3640304207802 2497.4565211385489 1388.3307935744524 526.16104125976562 484.6518357694149
leaf_count=4287 3993 11397 30567 10164 5750 2120 1947
internal_value=8.76549e-06 0.0332731 -0.0165657 -0.0214521 0.0550004 0.0175454 0.016843
internal_weight=17385.7 5781.47 11604.2 10123.8 2426.64 3354.83 1480.37
internal_count=70225 23554 46671 40731 10037 13517 5940
is_linear=0
shrinkage=0.1


Tree=6
num_leaves=8
num_cat=0
split_feature=10 13 8 18 2 1 2
split_gain=780.223 177.708 159.184 159.165 113.442 33.8894 24.2728
threshold=1.0000000180025095e-35 1.0000000180025095e-35 1.0000000180025095e-35 1.0000000180025095e-35 1.0000000180025095e-35 1.0000000180025095e-35 1.0000000180025095e-35
decision_type=2 2 2 2 2 2 2
left_child=1 5 6 -4 -3 -1 -2
right_child=2 4 3 -5 -6 -7 -8
leaf_value=0.048569464613527687 -0.048144574943514012 -0.020921168532310519 -0.029444658690777583 -0.0051166632129095767 0.029058130007003576 0.09976802048133121 0.032657490695439988
leaf_weight=199.53447502851486 38.272723600268364 502.38533145189285 5760.2543987482786 5044.4678848832846 4666.3084614127874 384.12286461889744 742.59493732452393
leaf_count=838 154 2015 23293 20241 19068 1633 2983
internal_value=1.11709e-05 0.0301137 -0.0149363 -0.018088 0.0241971 0.0823778 0.0286406
internal_weight=17337.9 5752.35 11585.6 10804.7 5168.69 583.657 780.868
internal_count=70225 23554 46671 43534 21083 2471 3137
is_linear=0
shrinkage=0.1


Tree=7
num_leaves=8
num_cat=0
split_feature=10 11 7 0 2 15 5
split_gain=635.197 154.314 149.121 128.125 86.2666 61.4826 29.7687
threshold=1.0000000180025095e-35 1.0000000180025095e-35 1.0000000180025095e-35 1.0000000180025095e-35 1.0000000180025095e-35 1.0000000180025095e-35 1.0000000180025095e-35
decision_type=2 2 2 2 2 2 2
left_child=1 4 6 -4 -1 -3 -2
right_child=2 5 3 -5 -6 -7 -8
leaf_value=-0.0081594088527586935 0.026051677984850165 0.019258492334157513 -0.030244910098344742 -0.0075968800185318491 0.053317213018743405 -0.017976542103278322 -0.0041671660004286839
leaf_weight=255.43719063699245 995.79893301427364 2815.2312443554401 4550.0834891945124 5538.8608498424292 2124.8619467914104 525.51489129662514 484.0427008420229
leaf_count=1023 3993 11397 18381 22350 9014 2120 1947
internal_value=1.3786e-05 0.0272672 -0.0134649 -0.0178131 0.0467193 0.0133976 0.0161712
internal_weight=17289.8 5721.05 11568.8 10088.9 2380.3 3340.75 1479.84
internal_count=70225 23554 46671 40731 10037 13517 5940
is_linear=0
shrinkage=0.1


Tree=8
num_leaves=8
num_cat=0
split_feature=10 16 13 2 7 6 1
split_gain=517.171 142.846 140.785 108.045 100.375 75.7843 29.7646
threshold=1.0000000180025095e-35 1.0000000180025095e-35 1.0000000180025095e-35 1.0000000180025095e-35 1.0000000180025095e-35 1.0000000180025095e-35 1.0000000180025095e-35
decision_type=2 2 2 2 2 2 2
left_child=2 3 6 -2 -4 -3 -1
right_child=1 5 4 -5 -6 -7 -8
leaf_value=0.040187962954884984 -0.041434070723745851 -0.048189464169996254 0.045822234695571229 -0.00038649746763144141 0.012034639507844518 -0.018221864452885775 0.088811781905772491
leaf_weight=194.9989128112793 705.56442940235138 1232.6990697085857 1126.5854590982199 6937.2596878856421 3998.1788466572762 2678.1715634465218 368.67371141910553
leaf_count=838 2843 5039 4653 27848 16430 10941 1633
internal_value=1.60691e-05 -0.012136 0.0246958 -0.00418082 0.0194697 -0.0276775 0.0720916
internal_weight=17242.1 11553.7 5688.44 7642.82 5124.76 3910.87 563.673
internal_count=70225 46671 23554 30691 21083 15980 2471
is_linear=0
shrinkage=0.1


Tree=9
num_leaves=8
num_cat=0
split_feature=11 8 18 1 2 2 13
split_gain=424.018 197.322 172.548 80.5383 54.9607 49.4071 34.4336
threshold=1.0000000180025095e-35 1.0000000180025095e-35 1.0000000180025095e-35 1.0000000180025095e-35 1.0000000180025095e-35 1.0000000180025095e-35 1.0000000180025095e-35
decision_type=2 2 2 2 2 2 2
left_child=3 5 -3 4 -1 -2 -5
right_child=1 2 -4 6 -6 -7 -8
leaf_value=-0.041539251991592252 -0.051247278390016748 -0.020358932782410667 0.0022039955298913858 0.082403334822065299 0.027426868978088111 0.03625345347334951 0.045967454735174475
leaf_weight=132.13485181331635 67.34732161462307 7185.0110829919577 6414.8522272258997 358.24189499020576 878.07832986116409 1197.7169498205185 963.15594972670078
leaf_count=529 272 29233 25848 1633 3758 4835 4117
internal_value=1.73616e-05 -0.00620237 -0.00971696 0.0396562 0.018374 0.0315584 0.0559004
internal_weight=17196.5 14864.9 13599.9 2331.61 1010.21 1265.06 1321.4
internal_count=70225 60188 55081 10037 4287 5107 5750
is_linear=0
shrinkage=0.1


Tree=10
num_leaves=8
num_cat=0
split_feature=10 0 18 8 2 16 7
split_gain=370.801 118.763 120.215 110.104 74.2956 62.6845 53.185
threshold=1.0000000180025095e-35 1.0000000180025095e-35 1.0000000180025095e-35 1.0000000180025095e-35 1.0000000180025095e-35 1.0000000180025095e-35 1.0000000180025095e-35
decision_type=2 2 2 2 2 2 2
left_child=3 5 -3 4 -1 -2 -5
right_child=1 2 -4 6 -6 -7 -8
leaf_value=-0.048835072616642085 -0.013696766068902423 -0.014228829523634938 0.013269264002841123 0.036078226442958349 0.056794875274566836 -0.037056706896474251 0.0089018941981041568
leaf_weight=70.565159052610397 3420.5406296551228 3336.6491136103868 3035.0100041627884 895.72650061547756 1004.3010834306479 1730.2451092153788 3662.6493663340807
leaf_count=284 13762 13581 12189 3768 4311 7139 15191
internal_value=2.00082e-05 -0.0102594 -0.00113065 0.021044 0.0498213 -0.0215495 0.0142488
internal_weight=17155.7 11522.4 6371.66 5633.24 1074.87 5150.79 4558.38
internal_count=70225 46671 25770 23554 4595 20901 18959
is_linear=0
shrinkage=0.1


Tree=11
num_leaves=8
num_cat=0
split_feature=11 7 15 1 5 2 13
split_gain=305.285 167.522 143.704 66.7509 52.5765 42.1644 29.6886
threshold=1.0000000180025095e-35 1.0000000180025095e-35 1.0000000180025095e-35 1.0000000180025095e-35 1.0000000180025095e-35 1.0000000180025095e-35 1.0000000180025095e-35
decision_type=2 2 2 2 2 2 2
left_child=3 4 -3 5 -2 -1 -5
right_child=1 2 -4 6 -6 -7 -8
leaf_value=-0.037857129865049445 0.031080578450377646 -0.0037900416682642678 -0.029120118856752249 0.074264671418048323 -0.002976468381133494 0.022615956805412469 0.039828755387404297
leaf_weight=132.0606911033392 1483.0846092104912 9785.9119895845652 2903.6551687121391 343.14256043732166 652.39056576788425 865.96583338081837 945.62852239608765
leaf_count=529 5998 39518 12028 1633 2644 3758 4117
internal_value=1.95958e-05 -0.00522697 -0.00958796 0.0340199 0.0206796 0.0145842 0.049048
internal_weight=17111.8 14825 12689.6 2286.8 2135.48 998.027 1288.77
internal_count=70225 60188 51546 10037 8642 4287 5750
is_linear=0
shrinkage=0.1


Tree=12
num_leaves=8
num_cat=0
split_feature=10 17 18 8 1 2 17
split_gain=264.379 103.586 197.801 85.0208 60.6631 59.1622 49.9677
threshold=1.0000000180025095e-35 1.0000000180025095e-35 1.0000000180025095e-35 1.0000000180025095e-35 1.0000000180025095e-35 1.0000000180025095e-35 1.0000000180025095e-35
decision_type=2 2 2 2 2 2 2
left_child=3 4 -3 5 -2 -1 -5
right_child=1 2 -4 6 -6 -7 -8
leaf_value=-0.044627428390449142 -0.0059678642827456383 -0.015869612467234749 0.014055303109701565 -0.013142365437686893 -0.039955413723187699 0.049839182794636949 0.016321873319087681
leaf_weight=70.339296787977219 820.6460073441267 5533.3604065924883 3674.9817920178175 675.82993826270103 1459.4268241375685 980.9965313822031 3853.5319317877293
leaf_count=284 3313 22661 14785 2810 5912 4311 16149
internal_value=2.10722e-05 -0.00865288 -0.00392657 0.0178756 -0.0277306 0.0434825 0.0119236
internal_weight=17069.1 11488.4 9208.34 5580.7 2280.07 1051.34 4529.36
internal_count=70225 46671 37446 23554 9225 4595 18959
is_linear=0
shrinkage=0.1


Tree=13
num_leaves=8
num_cat=0
split_feature=8 7 14 2 3 9 5
split_gain=230.003 144.347 125.645 59.5508 112.869 53.6634 44.6856
threshold=1.0000000180025095e-35 1.0000000180025095e-35 1.0000000180025095e-35 1.0000000180025095e-35 1.0000000180025095e-35 1.0000000180025095e-35 1.0000000180025095e-35
decision_type=2 2 2 2 2 2 2
left_child=3 6 -3 4 -1 -5 -2
right_child=1 2 -4 5 -6 -7 -8
leaf_value=0.047277530136047102 0.029476021553412099 -0.0057319645935231187 -0.051683920819663158 0.081941271819775507 -0.15879670377106372 0.030982071647620697 -0.0023210311559117435
leaf_weight=63.425042033195496 1504.215276658535 12459.60521133244 623.90099866688251 240.21587035059929 44.342138394713402 1468.8217227607965 625.49378371238708
leaf_count=258 6222 51137 2560 1081 180 6213 2574
internal_value=2.00749e-05 -0.00399675 -0.00792702 0.0336391 -0.0381947 0.0381884 0.0201405
internal_weight=17030 15213.2 13083.5 1816.8 107.767 1709.04 2129.71
internal_count=70225 62493 53697 7732 438 7294 8796
is_linear=0
shrinkage=0.1


Tree=14
num_leaves=8
num_cat=0
split_feature=11 17 18 1 1 2 13
split_gain=207.071 131.747 239.812 53.5042 49.5739 30.3828 24.1866
threshold=1.0000000180025095e-35 1.0000000180025095e-35 1.0000000180025095e-35 1.0000000180025095e-35 1.0000000180025095e-35 1.0000000180025095e-35 1.0000000180025095e-35
decision_type=2 2 2 2 2 2 2
left_child=3 4 -3 5 -2 -1 -5
right_child=1 2 -4 6 -6 -7 -8
leaf_value=-0.033611522081514127 -0.0064284760360996743 -0.011418800892524717 0.017416283221371221 0.065572683695675357 -0.033860632688356006 0.017832656350969766 0.033791375804455986
leaf_weight=131.70137521624565 1047.4278449416161 7084.4804580807686 4863.2757774740458 325.09232860803604 1776.9116461277008 852.68567346036434 925.69583700597286
leaf_count=529 4240 29061 19654 1633 7233 3758 4117
internal_value=1.93536e-05 -0.00427338 0.000318854 0.0283789 -0.0236931 0.0109228 0.0420974
internal_weight=17007.3 14772.1 11947.8 2235.18 2824.34 984.387 1250.79
internal_count=70225 60188 48715 10037 11473 4287 5750
is_linear=0
shrinkage=0.1


Tree=15
num_leaves=8
num_cat=0
split_feature=10 0 6 19 2 2 8
split_gain=178.646 94.1226 75.5913 68.4923 60.7049 42.8261 11.5034
threshold=1.0000000180025095e-35 1.0000000180025095e-35 1.0000000180025095e-35 1.0000000180025095e-35 1.0000000180025095e-35 1.0000000180025095e-35 1.0000000180025095e-35
decision_type=2 2 2 2 2 2 2
left_child=3 5 -3 6 -5 -2 -1
right_child=1 2 -4 4 -6 -7 -8
leaf_value=0.086771422509492144 -0.046351302419093604 -0.014789832471093318 0.008567124172257818 -0.019939857083192437 0.015836352714815882 -0.014321703135904971 0.044899046607781622
leaf_weight=119.77462658286095 457.93695057928562 2043.9408328682184 4296.4986538439989 526.39478269219398 4719.8932663202286 4652.6233246177435 154.08916150033474
leaf_count=626 1889 8311 17459 2122 20066 19012 740
internal_value=2.01171e-05 -0.00710332 0.0010365 0.0147956 0.0122436 -0.0172003 0.063461
internal_weight=16971.2 11451 6340.44 5520.15 5246.29 5110.56 273.864
internal_count=70225 46671 25770 23554 22188 20901 1366
is_linear=0
shrinkage=0.1


Tree=16
num_leaves=8
num_cat=0
split_feature=8 15 2 2 3 9 14
split_gain=166.796 123.176 115.471 44.9363 93.7455 41.7178 40.4738
threshold=1.0000000180025095e-35 1.0000000180025095e-35 1.0000000180025095e-35 1.0000000180025095e-35 1.0000000180025095e-35 1.0000000180025095e-35 1.0000000180025095e-35
decision_type=2 2 2 2 2 2 2
left_child=3 2 -2 4 -1 -5 -3
right_child=1 6 -4 5 -6 -7 -8
leaf_value=0.04355107062716243 -0.028140811389194012 -0.017686333528986378 0.0045623463219580584 0.072496084833301028 -0.14565726252328667 0.026611840911309623 -0.061407046590098741
leaf_weight=63.384123861789703 1199.2036273181438 2973.019850179553 10750.505579963326 229.16954974830151 43.227354362607002 1450.4027984291315 227.23119373619556
leaf_count=258 4875 12509 44147 1081 180 6213 962
internal_value=1.98222e-05 -0.00338837 0.00127837 0.028913 -0.0338072 0.0329119 -0.0208089
internal_weight=16936.1 15150 11949.7 1786.18 106.611 1679.57 3200.25
internal_count=70225 62493 49022 7732 438 7294 13471
is_linear=0
shrinkage=0.1


Tree=17
num_leaves=8
num_cat=0
split_feature=7 4 2 6 2 3 5
split_gain=153.945 116.042 77.7558 65.5283 56.6565 159.86 40.9289
threshold=1.0000000180025095e-35 1.0000000180025095e-35 1.0000000180025095e-35 1.0000000180025095e-35 1.0000000180025095e-35 1.0000000180025095e-35 1.0000000180025095e-35
decision_type=2 2 2 2 2 2 2
left_child=4 2 -2 -3 5 -1 -6
right_child=1 3 -4 -5 6 -7 -8
leaf_value=0.035710005930033227 -0.025813288590665669 -0.029497488813204749 0.0051471905894419634 -0.0058770857580211153 0.033806105966625845 -0.1628358604617669 0.0057044951237971708
leaf_weight=117.42688038945198 894.74100440740585 2213.308587923646 8592.356936186552 2502.4910202622414 1799.6639438569546 60.731645092368126 728.40351931750774
leaf_count=475 3675 9150 35631 10351 7646 247 3050
internal_value=1.72124e-05 -0.00414817 0.00222485 -0.016967 0.0218715 -0.0325025 0.0257147
internal_weight=16909.1 14202.9 9487.1 4715.8 2706.23 178.159 2528.07
internal_count=70225 58807 39306 19501 11418 722 10696
is_linear=0
shrinkage=0.1


Tree=18
num_leaves=8
num_cat=0
split_feature=11 17 18 1 1 3 3
split_gain=137.154 107.164 186.687 41.9777 39.6739 24.0971 18.2875
threshold=1.0000000180025095e-35 1.0000000180025095e-35 1.0000000180025095e-35 1.0000000180025095e-35 1.0000000180025095e-35 1.0000000180025095e-35 1.0000000180025095e-35
decision_type=2 2 2 2 2 2 2
left_child=3 4 -3 5 -2 -1 -5
right_child=1 2 -4 6 -6 -7 -8
leaf_value=0.060317634202546516 -0.0055510313196954451 -0.0096922829042656814 0.015795969010655841 0.079289798561271885 -0.030139242682408692 0.0031449369301979179 0.0323092318542254
leaf_weight=79.402738392353058 1044.4327557384968 7050.2670603692532 4849.3376762866974 89.136761859059334 1766.9085761606693 888.75571168959141 1121.4040319621563
leaf_count=320 4240 29061 19654 363 7233 3967 5387
internal_value=1.45121e-05 -0.00345391 0.000695167 0.0234247 -0.0210098 0.00789131 0.0358312
internal_weight=16889.6 14710.9 11899.6 2178.7 2811.34 968.158 1210.54
internal_count=70225 60188 48715 10037 11473 4287 5750
is_linear=0
shrinkage=0.1


Tree=19
num_leaves=8
num_cat=0
split_feature=8 6 14 4 2 3 9
split_gain=123.562 106.413 91.3783 51.7355 34.1088 73.0198 34.1545
threshold=1.0000000180025095e-35 1.0000000180025095e-35 1.0000000180025095e-35 1.0000000180025095e-35 1.0000000180025095e-35 1.0000000180025095e-35 1.0000000180025095e-35
decision_type=2 2 2 2 2 2 2
left_child=4 3 -3 -2 5 -1 -6
right_child=1 2 -4 -5 6 -7 -8
leaf_value=0.037318259543720221 -0.0048728171586875342 0.0050257482018792789 -0.043672320815353438 -0.025049463048024335 0.065093071051677123 -0.13193497164916632 0.022898072622414587
leaf_weight=63.339534446597099 2613.7767204940319 9610.9690200388432 400.41419887542725 2473.5624121129513 220.96904830634594 41.300043717026711 1437.2517429590225
leaf_count=258 10788 39776 1670 10259 1081 180 6213
internal_value=1.4878e-05 -0.00291073 0.00307386 -0.0146861 0.0250598 -0.0301006 0.0285567
internal_weight=16861.6 15098.7 10011.4 5087.34 1762.86 104.64 1658.22
internal_count=70225 62493 41446 21047 7732 438 7294
is_linear=0
shrinkage=0.1


Tree=20
num_leaves=8
num_cat=0
split_feature=7 15 0 2 3 5 14
split_gain=117.82 88.3003 67.6324 46.8406 126.149 32.4169 30.8621
threshold=1.0000000180025095e-35 1.0000000180025095e-35 1.0000000180025095e-35 1.0000000180025095e-35 1.0000000180025095e-35 1.0000000180025095e-35 1.0000000180025095e-35
decision_type=2 2 2 2 2 2 2
left_child=3 2 -2 4 -1 -5 -3
right_child=1 6 -4 5 -6 -7 -8
leaf_value=0.029775836769536913 -0.0081790946529315383 -0.015885895093076668 0.0075331748712896066 0.029973296748153407 -0.14815012478539136 0.0048954329668595351 -0.055358816578286174
leaf_weight=117.07720758020878 4942.1779037714005 2860.1125710457563 6144.2827693223953 1782.3371546268463 59.212085604667664 725.6368515342474 212.0631088167429
leaf_count=475 20417 12133 25334 7646 247 3050 923
internal_value=1.31578e-05 -0.00362887 0.000528775 0.0192179 -0.0304845 0.0227223 -0.0186277
internal_weight=16842.9 14158.6 11086.5 2684.26 176.289 2507.97 3072.18
internal_count=70225 58807 45751 11418 722 10696 13056
is_linear=0
shrinkage=0.1


Tree=21
num_leaves=8
num_cat=0
split_feature=10 0 18 19 18 1 8
split_gain=107.131 64.1653 57.4407 48.6447 44.6927 34.8112 8.06909
threshold=1.0000000180025095e-35 1.0000000180025095e-35 1.0000000180025095e-35 1.0000000180025095e-35 1.0000000180025095e-35 1.0000000180025095e-35 1.0000000180025095e-35
decision_type=2 2 2 2 2 2 2
left_child=3 5 -3 6 -5 -2 -1
right_child=1 2 -4 4 -6 -7 -8
leaf_value=0.075055629241995186 -0.0037601775768852127 -0.0079114250419732197 0.011176559983866068 0.0003167005710168266 0.018895100324722375 -0.020666519365001128 0.038553674186508409
leaf_weight=106.93368439376354 2034.9195141941309 3293.8317274749279 3021.9599640071392 2633.7366977632046 2546.1809224486351 3034.4848997145891 148.86513935029507
leaf_count=626 8346 13581 12189 11231 10957 12555 740
internal_value=1.03256e-05 -0.00550393 0.00122206 0.0115589 0.00945077 -0.0138822 0.0540457
internal_weight=16820.9 11385.2 6315.79 5435.72 5179.92 5069.4 255.799
internal_count=70225 46671 25770 23554 22188 20901 1366
is_linear=0
shrinkage=0.1


Tree=22
num_leaves=8
num_cat=0
split_feature=17 18 6 8 1 12 14
split_gain=98.2483 155.098 84.2295 60.4685 24.2321 31.1443 16.6238
threshold=1.0000000180025095e-35 1.0000000180025095e-35 1.0000000180025095e-35 1.0000000180025095e-35 1.0000000180025095e-35 1.0000000180025095e-35 1.0000000180025095e-35
decision_type=2 2 2 2 2 2 2
left_child=4 3 -3 -2 6 -6 -1
right_child=1 2 -4 -5 5 -7 -8
leaf_value=-0.0021121884995558898 0.022235848931091266 -0.00098904320240064312 0.02483022490049562 -0.0080500953447273475 0.044758719473592175 -0.025500899415346407 -0.05995137319941192
leaf_weight=1099.6403073072433 723.56353566050529 1892.394054710865 3800.5518798530102 7315.6325009018183 64.44161131978035 1843.2437750250101 51.048948749899864
leaf_count=4511 3212 7848 15888 30589 333 7632 212
internal_value=1.11055e-05 0.00362134 0.016249 -0.0053218 -0.0161948 -0.0231053 -0.00472798
internal_weight=16790.5 13732.1 5692.95 8039.2 3058.37 1907.69 1150.69
internal_count=70225 57537 23736 33801 12688 7965 4723
is_linear=0
shrinkage=0.1


Tree=23
num_leaves=8
num_cat=0
split_feature=7 4 2 2 3 6 5
split_gain=89.5481 72.8621 62.4693 38.9504 105.331 36.5157 25.8779
threshold=1.0000000180025095e-35 1.0000000180025095e-35 1.0000000180025095e-35 1.0000000180025095e-35 1.0000000180025095e-35 1.0000000180025095e-35 1.0000000180025095e-35
decision_type=2 2 2 2 2 2 2
left_child=3 2 -2 4 -1 -3 -5
right_child=1 5 -4 6 -6 -7 -8
leaf_value=0.025995152950001533 -0.023334507326223199 -0.022777353482891532 0.0045227423708510154 0.026556232557631572 -0.13803809294010047 -0.0050711386062751796 0.0040868019484564958
leaf_weight=116.7810186445713 887.74308697879314 2190.7277919799089 8541.5264358967543 1765.1847296059132 57.70350806415081 2487.3003475368023 722.70641329884529
leaf_count=475 3675 9150 35631 7646 247 10351 3050
internal_value=1.05101e-05 -0.00316431 0.00189785 0.016828 -0.0287295 -0.0133661 0.0200334
internal_weight=16769.7 14107.3 9429.27 2662.38 174.485 4678.03 2487.89
internal_count=70225 58807 39306 11418 722 19501 10696
is_linear=0
shrinkage=0.1


Tree=24
num_leaves=8
num_cat=0
split_feature=11 17 18 3 2 1 6
split_gain=81.6118 72.9085 105.254 36.5974 234.881 23.9353 2.04679
threshold=1.0000000180025095e-35 1.0000000180025095e-35 1.0000000180025095e-35 1.0000000180025095e-35 1.0000000180025095e-35 1.0000000180025095e-35 1.0000000180025095e-35
decision_type=2 2 2 2 2 2 2
left_child=3 5 -3 6 -5 -2 -1
right_child=1 2 -4 4 -6 -7 -8
leaf_value=0.04508930337560247 -0.0051752472747670806 -0.0070532544264242146 0.012135555364385861 -0.15024614518997947 0.021724236825733576 -0.02432812848668776 0.070880920335635991
leaf_weight=52.800924047827721 1041.0610135793686 7005.036950558424 4827.6981279999018 81.93760347366333 1876.5217839032412 1750.0800307542086 114.58103553950787
leaf_count=216 4240 29061 19654 340 9014 7233 467
internal_value=8.06879e-06 -0.00265369 0.00077605 0.0183112 0.0144564 -0.0171888 0.063061
internal_weight=16749.7 14623.9 11832.7 2125.84 1958.46 2791.14 167.382
internal_count=70225 60188 48715 10037 9354 11473 683
is_linear=0
shrinkage=0.1


end of trees

feature_importances:
discharge_disposition_id_lt=_10.5=33
change_lt=_0.5=17
age_lt=_6.5=13
number_inpatient_lt=_0.5=13
number_outpatient_lt=_0.5=10
number_emergency_lt=_0.5=10
number_inpatient_lt=_1.5=10
number_diagnoses_lt=_5.5=10
discharge_disposition_id_lt=_14.5=9
num_lab_procedures_lt=_30.5=7
num_procedures_lt=_1.5=7
gender_lt=_0.5=6
metformin_lt=_1.5=6
number_inpatient_lt=_3.5=5
diag_1_lt=_98.5=5
admission_source_id_lt=_4.5=3
number_emergency_lt=_2.5=3
number_inpatient_lt=_2.5=3
number_diagnoses_lt=_6.5=3
number_inpatient_lt=_4.5=2

parameters:
[boosting: gbdt]
[objective: binary]
[metric: binary_logloss]
[tree_learner: serial]
[device_type: cpu]
[data_sample_strategy: bagging]
[data: ]
[valid: ]
[num_iterations: 25]
[learning_rate: 0.1]
[num_leaves: 31]
[num_threads: 8]
[seed: 42]
[deterministic: 0]
[force_col_wise: 0]
[force_row_wise: 0]
[histogram_pool_size: -1]
[max_depth: 3]
[min_data_in_leaf: 20]
[min_sum_hessian_in_leaf: 0.001]
[bagging_fraction: 1]
[pos_bagging_fraction: 1]
[neg_bagging_fraction: 1]
[bagging_freq: 0]
[bagging_seed: 400]
[bagging_by_query: 0]
[feature_fraction: 1]
[feature_fraction_bynode: 1]
[feature_fraction_seed: 30056]
[extra_trees: 0]
[extra_seed: 12879]
[early_stopping_round: 0]
[early_stopping_min_delta: 0]
[first_metric_only: 0]
[max_delta_step: 0]
[lambda_l1: 0]
[lambda_l2: 1]
[linear_lambda: 0]
[min_gain_to_split: 0]
[drop_rate: 0.1]
[max_drop: 50]
[skip_drop: 0.5]
[xgboost_dart_mode: 0]
[uniform_drop: 0]
[drop_seed: 17869]
[top_rate: 0.2]
[other_rate: 0.1]
[min_data_per_group: 100]
[max_cat_threshold: 32]
[cat_l2: 10]
[cat_smooth: 10]
[max_cat_to_onehot: 4]
[top_k: 20]
[monotone_constraints: ]
[monotone_constraints_method: basic]
[monotone_penalty: 0]
[feature_contri: ]
[forcedsplits_filename: ]
[refit_decay_rate: 0.9]
[cegb_tradeoff: 1]
[cegb_penalty_split: 0]
[cegb_penalty_feature_lazy: ]
[cegb_penalty_feature_coupled: ]
[path_smooth: 0]
[interaction_constraints: ]
[verbosity: -1]
[saved_feature_importance_type: 0]
[use_quantized_grad: 0]
[num_grad_quant_bins: 4]
[quant_train_renew_leaf: 0]
[stochastic_rounding: 1]
[linear_tree: 0]
[max_bin: 255]
[max_bin_by_feature: ]
[min_data_in_bin: 3]
[bin_construct_sample_cnt: 200000]
[data_random_seed: 175]
[is_enable_sparse: 1]
[enable_bundle: 1]
[use_missing: 1]
[zero_as_missing: 0]
[feature_pre_filter: 1]
[pre_partition: 0]
[two_round: 0]
[header: 0]
[label_column: ]
[weight_column: ]
[group_column: ]
[ignore_column: ]
[categorical_feature: ]
[forcedbins_filename: ]
[precise_float_parser: 0]
[parser_config_file: ]
[objective_seed: 16083]
[num_class: 1]
[is_unbalance: 0]
[scale_pos_weight: 1]
[sigmoid: 1]
[boost_from_average: 1]
[reg_sqrt: 0]
[alpha: 0.9]
[fair_c: 1]
[poisson_max_delta_step: 0.7]
[tweedie_variance_power: 1.5]
[lambdarank_truncation_level: 30]
[lambdarank_norm: 1]
[label_gain: ]
[lambdarank_position_bias_regularization: 0]
[eval_at: ]
[multi_error_top_k: 1]
[auc_mu_weights: ]
[num_machines: 1]
[local_listen_port: 12400]
[time_out: 120]
[machine_list_filename: ]
[machines: ]
[gpu_platform_id: -1]
[gpu_device_id: -1]
[gpu_use_dp: 0]
[num_gpu: 1]

end of parameters

pandas_categorical:[]
