tree
version=v4
num_class=1
num_tree_per_iteration=1
label_index=0
max_feature_idx=21
objective=binary sigmoid:1
feature_names=ExternalRiskEstimate_lt=_67.5 ExternalRiskEstimate_lt=_70.5 ExternalRiskEstimate_lt=_73.5 ExternalRiskEstimate_lt=_74.5 ExternalRiskEstimate_lt=_75.5 ExternalRiskEstimate_lt=_78.5 ExternalRiskEstimate_lt=_80.5 ExternalRiskEstimate_lt=_81.5 AverageMInFile_lt=_63.5 AverageMInFile_lt=_69.5 AverageMInFile_lt=_75.5 NumSatisfactoryTrades_lt=_18.5 MSinceMostRecentInqexcl7days_lt=_-7.5 MSinceMostRecentInqexcl7days_lt=_0.5 MSinceMostRecentInqexcl7days_lt=_1.5 NetFractionRevolvingBurden_lt=_37.5 NetFractionRevolvingBurden_lt=_47.5 NetFractionRevolvingBurden_lt=_57.5 PercentTradesWBalance_lt=_66.5 PercentTradesWBalance_lt=_73.5 PercentTradesWBalance_lt=_80.5 ExternalRiskEstimate_lt=_63.5
feature_infos=[0:1] [0:1] [0:1] [0:1] [0:1] [0:1] [0:1] [0:1] [0:1] [0:1] [0:1] [0:1] [0:1] [0:1] [0:1] [0:1] [0:1] [0:1] [0:1] [0:1] [0:1] [0:1]
tree_sizes=1008 1015 1014 1014 1016 1013 1012 1018 1015 1015 1019 1017 1015 1017 1013 1021 1017 1021 1021 913 1019 1023 917 1018 1021

Tree=0
num_leaves=8
num_cat=0
split_feature=3 0 12 7 13 13 9
split_gain=1324.43 138.635 92.372 86.442 70.4804 46.3829 11.6571
threshold=1.0000000180025095e-35 1.0000000180025095e-35 1.0000000180025095e-35 1.0000000180025095e-35 1.0000000180025095e-35 1.0000000180025095e-35 1.0000000180025095e-35
decision_type=2 2 2 2 2 2 2
left_child=3 4 -3 6 -2 -5 -1
right_child=1 2 -4 5 -6 -7 -8
leaf_value=0.052998707548994661 -0.046806475511535738 -0.18933909065160953 -0.09605688041337701 0.02689593302238491 -0.13167318015720481 -0.046157934878959556 0.002621435364091082
leaf_weight=348.57807138562202 136.98594215512276 694.16191452741623 125.50806722044945 133.49267587065697 336.10212036967278 251.51517248153687 61.381678998470306
leaf_count=1397 549 2782 503 535 1347 1008 246
internal_value=-0.0877819 -0.150226 -0.175083 0.0137139 -0.107065 -0.0205967 0.0456942
internal_weight=2087.73 1292.76 819.67 794.968 473.088 385.008 409.96
internal_count=8367 5181 3285 3186 1896 1543 1643
is_linear=0
shrinkage=1


Tree=1
num_leaves=8
num_cat=0
split_feature=2 19 5 21 13 1 14
split_gain=1075.52 99.5449 97.5403 46.6132 39.2749 34.4927 23.4244
threshold=1.0000000180025095e-35 1.0000000180025095e-35 1.0000000180025095e-35 1.0000000180025095e-35 1.0000000180025095e-35 1.0000000180025095e-35 1.0000000180025095e-35
decision_type=2 2 2 2 2 2 2
left_child=2 3 6 -2 -4 -3 -1
right_child=1 5 4 -5 -6 -7 -8
leaf_value=0.13974885678248641 -0.063294415333690443 0.013912408491801118 0.09181600497904667 -0.11980167938484017 0.011431895988777578 -0.043969184082588347 0.095358177786161277
leaf_weight=181.66388188302517 325.07605205476284 128.84425356984138 88.727625042200089 271.5787388086319 189.49265170097351 503.42225381731987 394.52450601756573
leaf_count=727 1308 517 355 1096 759 2026 1579
internal_value=-3.39836e-06 -0.0598955 0.0861105 -0.0891722 0.0373043 -0.0321706 0.109572
internal_weight=2083.33 1228.92 854.409 596.655 278.22 632.267 576.188
internal_count=8367 4947 3420 2404 1114 2543 2306
is_linear=0
shrinkage=0.1


Tree=2
num_leaves=8
num_cat=0
split_feature=3 0 12 6 13 11 9
split_gain=878.598 98.5822 71.4886 61.6829 55.4362 29.0797 16.156
threshold=1.0000000180025095e-35 1.0000000180025095e-35 1.0000000180025095e-35 1.0000000180025095e-35 1.0000000180025095e-35 1.0000000180025095e-35 1.0000000180025095e-35
decision_type=2 2 2 2 2 2 2
left_child=3 4 -3 6 -2 -5 -1
right_child=1 2 -4 5 -6 -7 -8
leaf_value=0.11514186191088512 0.038518463193953772 -0.085143562651856478 -0.0029068555440791249 0.073870047270680445 -0.036788769029057165 0.013719164668532513 0.064062674676729658
leaf_weight=379.09158585965633 137.0217852294445 683.05646875500679 125.11343158781528 200.09396561980247 334.47996692359447 134.78651461005211 79.245967894792557
leaf_count=1526 549 2782 503 802 1347 540 318
internal_value=-5.87484e-06 -0.0512505 -0.0724318 0.0826258 -0.0148687 0.0497728 0.106469
internal_weight=2072.89 1279.67 808.17 793.218 471.502 334.88 458.338
internal_count=8367 5181 3285 3186 1896 1342 1844
is_linear=0
shrinkage=0.1


Tree=3
num_leaves=8
num_cat=0
split_feature=2 17 5 13 13 13 8
split_gain=720.051 80.2019 68.0399 39.6167 30.2619 24.0177 20.347
threshold=1.0000000180025095e-35 1.0000000180025095e-35 1.0000000180025095e-35 1.0000000180025095e-35 1.0000000180025095e-35 1.0000000180025095e-35 1.0000000180025095e-35
decision_type=2 2 2 2 2 2 2
left_child=2 5 6 -3 -4 -2 -1
right_child=1 3 4 -5 -6 -7 -8
leaf_value=0.098550194281616363 -0.040194110653315046 0.010194044812055525 0.078076885417462896 -0.042882715906707253 0.0073830078617532213 -0.098050465683883301 0.044826554794408863
leaf_weight=482.75770184397697 94.925782188773155 181.89255110919476 88.165208831429482 613.8593216240406 189.45760382711887 320.90461653470993 85.436807990074158
leaf_count=1962 389 738 355 2499 759 1321 344
internal_value=-1.94336e-06 -0.049416 0.0707555 -0.0307529 0.030033 -0.0849711 0.090565
internal_weight=2057.4 1211.58 845.817 795.752 277.623 415.83 568.195
internal_count=8367 4947 3420 3237 1114 1710 2306
is_linear=0
shrinkage=0.1


Tree=4
num_leaves=8
num_cat=0
split_feature=3 19 8 16 21 1 13
split_gain=590.138 79.4584 48.203 42.4231 38.0085 33.5727 20.7383
threshold=1.0000000180025095e-35 1.0000000180025095e-35 1.0000000180025095e-35 1.0000000180025095e-35 1.0000000180025095e-35 1.0000000180025095e-35 1.0000000180025095e-35
decision_type=2 2 2 2 2 2 2
left_child=2 4 3 -1 -2 -3 -4
right_child=1 5 6 -5 -6 -7 -8
leaf_value=-0.014398593510524494 -0.04640811036968194 0.021039960324223287 0.072025798592119078 0.087574001261849554 -0.097370441356599391 -0.031187329049495484 -0.0074641604420499445
leaf_weight=43.569266960024834 341.85928043723106 162.88509193062782 46.785082295536995 585.14799183607101 259.8809295296669 495.31685335934162 104.29539312422276
leaf_count=176 1403 656 190 2401 1096 2026 419
internal_value=5.89717e-07 -0.042305 0.0683217 0.0804958 -0.0685429 -0.0182503 0.0174632
internal_weight=2039.74 1259.94 779.798 628.717 601.74 658.202 151.08
internal_count=8367 5181 3186 2577 2499 2682 609
is_linear=0
shrinkage=0.1


Tree=5
num_leaves=8
num_cat=0
split_feature=1 5 12 13 8 14 21
split_gain=486.907 95.7154 56.6342 53.4317 43.1673 20.3583 15.8203
threshold=1.0000000180025095e-35 1.0000000180025095e-35 1.0000000180025095e-35 1.0000000180025095e-35 1.0000000180025095e-35 1.0000000180025095e-35 1.0000000180025095e-35
decision_type=2 2 2 2 2 2 2
left_child=1 5 3 -2 -3 -1 -4
right_child=2 4 6 -5 -6 -7 -8
leaf_value=0.10498125033692425 -0.015902736317918116 0.036231403056442193 0.13187415977369438 -0.073735031346693944 -0.027581601793847155 0.063096908314326308 0.001251831272430377
leaf_weight=172.75172267854214 213.04582759737968 320.87371177971363 9.0418081581592542 645.58568468689919 157.19211761653423 380.3389360755682 121.24225860834122
leaf_count=727 881 1297 37 2720 635 1579 491
internal_value=-9.51583e-07 0.0480554 -0.050108 -0.0594207 0.0152354 0.0763449 0.0112526
internal_weight=2020.07 1031.16 988.916 858.632 478.066 553.091 130.284
internal_count=8367 4238 4129 3601 1932 2306 528
is_linear=0
shrinkage=0.1


Tree=6
num_leaves=8
num_cat=0
split_feature=2 20 7 14 13 9 11
split_gain=401.5 59.124 48.631 34.3926 27.2049 24.6079 9.15764
threshold=1.0000000180025095e-35 1.0000000180025095e-35 1.0000000180025095e-35 1.0000000180025095e-35 1.0000000180025095e-35 1.0000000180025095e-35 1.0000000180025095e-35
decision_type=2 2 2 2 2 2 2
left_child=2 5 6 -4 -3 -2 -1
right_child=1 4 3 -5 -6 -7 -8
leaf_value=0.095487051744747392 -0.039565266329280507 0.012491463133105443 0.075920550008427901 0.013229464611582456 -0.031497984141293817 -0.089427747516205219 0.063650598678290912
leaf_weight=190.45117203891277 176.63686020672321 184.20287802815437 120.54838751256466 314.55942107737064 586.54870709776878 232.20918308198452 193.94576445221901
leaf_count=816 755 752 502 1275 2442 998 827
internal_value=7.72893e-06 -0.0373343 0.0537379 0.0307325 -0.0209823 -0.0680344 0.0796309
internal_weight=1999.1 1179.6 819.505 435.108 770.752 408.846 384.397
internal_count=8367 4947 3420 1777 3194 1753 1643
is_linear=0
shrinkage=0.1


Tree=7
num_leaves=8
num_cat=0
split_feature=1 8 12 11 15 13 21
split_gain=338.127 69.9148 46.7019 49.3955 39.3782 19.2749 13.0794
threshold=1.0000000180025095e-35 1.0000000180025095e-35 1.0000000180025095e-35 1.0000000180025095e-35 1.0000000180025095e-35 1.0000000180025095e-35 1.0000000180025095e-35
decision_type=2 2 2 2 2 2 2
left_child=1 4 3 -2 -1 -3 -4
right_child=2 5 6 -5 -6 -7 -8
leaf_value=0.0084858040792520698 -0.027392721347541883 0.037157911394921347 0.12255835352278709 -0.076064320058304588 0.066055008130347537 -0.024892394734551251 0.0042825310761003188
leaf_weight=147.10801775753498 434.86260491609573 69.860380709171295 9.1421235352754575 402.78286992013454 623.90456336736679 169.69359555840492 120.80674088001251
leaf_count=601 1856 289 37 1745 2658 690 491
internal_value=1.54883e-05 0.0404511 -0.042214 -0.0508593 0.0550961 -0.00671761 0.0134758
internal_weight=1978.16 1010.57 967.594 837.645 771.013 239.554 129.949
internal_count=8367 4238 4129 3601 3259 979 528
is_linear=0
shrinkage=0.1


Tree=8
num_leaves=8
num_cat=0
split_feature=4 17 11 14 12 21 16
split_gain=282.555 59.9504 36.8709 26.3029 37.584 18.3049 12.1535
threshold=1.0000000180025095e-35 1.0000000180025095e-35 1.0000000180025095e-35 1.0000000180025095e-35 1.0000000180025095e-35 1.0000000180025095e-35 1.0000000180025095e-35
decision_type=2 2 2 2 2 2 2
left_child=3 5 -3 6 -5 -2 -1
right_child=1 2 -4 4 -6 -7 -8
leaf_value=-0.023047591038013959 -0.03830253837178358 0.0075278547592897514 -0.033478810241356058 0.028017952552858882 0.11014576279683053 -0.081194884590376146 0.088023598216102839
leaf_weight=9.9929818361997587 205.97105096280575 439.50790433585644 435.97342847287655 412.67179335653782 63.699496179819107 197.846076130867 191.61503306031227
leaf_count=42 880 1829 1833 1752 277 899 855
internal_value=1.62626e-05 -0.0276389 -0.0129076 0.0521635 0.0392077 -0.0594659 0.0824316
internal_weight=1957.28 1279.3 875.481 677.979 476.371 403.817 201.608
internal_count=8367 5441 3662 2926 2029 1779 897
is_linear=0
shrinkage=0.1


Tree=9
num_leaves=8
num_cat=0
split_feature=1 8 12 21 15 11 21
split_gain=235.161 54.5295 39.3328 40.8678 29.0036 15.951 10.4432
threshold=1.0000000180025095e-35 1.0000000180025095e-35 1.0000000180025095e-35 1.0000000180025095e-35 1.0000000180025095e-35 1.0000000180025095e-35 1.0000000180025095e-35
decision_type=2 2 2 2 2 2 2
left_child=1 4 3 -2 -1 -3 -4
right_child=2 5 6 -5 -6 -7 -8
leaf_value=0.0072569842996977694 -0.022907811446481723 0.022156909832779098 0.11261228269878472 -0.067810526284357506 0.056877026024991395 -0.029964700890397475 0.0071985776284654709
leaf_weight=146.54644948244095 439.8777611553669 101.81307947635651 9.2123419344425184 377.43292172253132 606.2139458656311 136.01116941869259 120.33630655705929
leaf_count=601 1889 419 37 1712 2658 560 491
internal_value=2.16621e-05 0.0340665 -0.0355937 -0.0437013 0.0472395 -0.00765198 0.0154998
internal_weight=1937.44 990.585 946.859 817.311 752.76 237.824 129.549
internal_count=8367 4238 4129 3601 3259 979 528
is_linear=0
shrinkage=0.1


Tree=10
num_leaves=8
num_cat=0
split_feature=4 20 13 14 12 9 17
split_gain=197.762 51.0874 30.7769 23.1434 32.3699 22.1304 11.2245
threshold=1.0000000180025095e-35 1.0000000180025095e-35 1.0000000180025095e-35 1.0000000180025095e-35 1.0000000180025095e-35 1.0000000180025095e-35 1.0000000180025095e-35
decision_type=2 2 2 2 2 2 2
left_child=3 5 -3 6 -5 -2 -1
right_child=1 2 -4 4 -6 -7 -8
leaf_value=-0.074038343462150588 -0.025738965439654746 0.023800626302907465 -0.020169169698694544 0.021854812756916728 0.099729278215449524 -0.072816827037960635 0.077174081840944375
leaf_weight=4.2871486991643897 179.35550481081009 211.03138561546803 638.47736762464046 405.58821550011635 60.668581902980804 228.9656023979187 188.61814595758915
leaf_count=18 800 875 2714 1752 277 1052 879
internal_value=2.05682e-05 -0.0232269 -0.00923124 0.0443501 0.0321795 -0.0522512 0.073449
internal_weight=1916.99 1257.83 849.509 659.162 466.257 408.321 192.905
internal_count=8367 5441 3589 2926 2029 1852 897
is_linear=0
shrinkage=0.1


Tree=11
num_leaves=8
num_cat=0
split_feature=1 7 11 12 11 21 11
split_gain=165.574 43.3643 34.1942 32.4026 36.9119 8.73701 8.34146
threshold=1.0000000180025095e-35 1.0000000180025095e-35 1.0000000180025095e-35 1.0000000180025095e-35 1.0000000180025095e-35 1.0000000180025095e-35 1.0000000180025095e-35
decision_type=2 2 2 2 2 2 2
left_child=1 6 -3 4 -2 -5 -1
right_child=3 2 -4 5 -6 -7 -8
leaf_value=0.072859196141729934 -0.017279998264702199 0.031899566690206792 -0.016018779121133416 0.10487973182040621 -0.060391210364022285 0.0085163083662524314 0.041439058121998565
leaf_weight=171.3936532586813 420.86663635075092 376.23656135797501 245.2503467798233 9.2342072427272779 377.00663155317307 120.10890826582909 177.83821691572666
leaf_count=816 1856 1577 1018 37 1745 491 827
internal_value=2.47677e-05 0.0288771 0.0129947 -0.0301798 -0.0377008 0.0161479 0.0570232
internal_weight=1897.94 970.719 621.487 927.216 797.873 129.343 349.232
internal_count=8367 4238 2595 4129 3601 528 1643
is_linear=0
shrinkage=0.1


Tree=12
num_leaves=8
num_cat=0
split_feature=4 13 12 21 14 12 17
split_gain=136.807 44.2476 43.8507 26.5714 20.0427 28.108 9.23556
threshold=1.0000000180025095e-35 1.0000000180025095e-35 1.0000000180025095e-35 1.0000000180025095e-35 1.0000000180025095e-35 1.0000000180025095e-35 1.0000000180025095e-35
decision_type=2 2 2 2 2 2 2
left_child=4 3 -3 -2 6 -6 -1
right_child=1 2 -4 -5 5 -7 -8
leaf_value=-0.067548826731844452 0.032155545581983587 -0.039089074558738078 0.021765622039984795 -0.034110931869274712 0.016636504567550638 0.090925697370851044 0.068872393657557623
leaf_weight=4.3438109159469596 218.59795251488686 798.4965942800045 138.33269262313843 82.609200805425644 398.92713809013367 57.52593682706356 179.83051843941212
leaf_count=18 908 3596 564 373 1752 277 879
internal_value=3.11485e-05 -0.0193777 -0.0300896 0.0139285 0.0375111 0.0261773 0.0653074
internal_weight=1878.66 1238.04 936.829 301.207 640.627 456.453 184.174
internal_count=8367 5441 4160 1281 2926 2029 897
is_linear=0
shrinkage=0.1


Tree=13
num_leaves=8
num_cat=0
split_feature=1 8 17 14 10 12 11
split_gain=117.633 37.0216 27.73 20.9136 13.5827 11.0106 10.3952
threshold=1.0000000180025095e-35 1.0000000180025095e-35 1.0000000180025095e-35 1.0000000180025095e-35 1.0000000180025095e-35 1.0000000180025095e-35 1.0000000180025095e-35
decision_type=2 2 2 2 2 2 2
left_child=1 3 4 -1 -2 -4 -3
right_child=2 6 5 -5 -6 -7 -8
leaf_value=0.06317515925128335 -0.023588043931722702 0.014404715962106868 -0.019843830759673779 0.025118423624954457 -0.065737236599597224 0.01342107110032208 -0.028037928780088747
leaf_weight=200.98300172388554 128.02865722775459 99.982646688818932 459.51403267681599 516.57458755373955 195.02590207755566 126.16532810032368 133.95428951084614
leaf_count=974 602 419 2056 2285 958 513 560
internal_value=3.77983e-05 0.0246004 -0.0256794 0.0358509 -0.0491576 -0.0126673 -0.0099142
internal_weight=1860.23 951.495 908.734 717.558 323.055 585.679 233.937
internal_count=8367 4238 4129 3259 1560 2569 979
is_linear=0
shrinkage=0.1


Tree=14
num_leaves=8
num_cat=0
split_feature=5 13 12 21 11 16 12
split_gain=102.178 41.6407 37.2922 21.1943 14.4522 10.8947 8.07902
threshold=1.0000000180025095e-35 1.0000000180025095e-35 1.0000000180025095e-35 1.0000000180025095e-35 1.0000000180025095e-35 1.0000000180025095e-35 1.0000000180025095e-35
decision_type=2 2 2 2 2 2 2
left_child=4 3 -3 -2 5 -1 -6
right_child=1 2 -4 -5 6 -7 -8
leaf_value=-0.0703725172467045 0.030068799737578075 -0.031781465250267572 0.022765184971859819 -0.028287212514328804 0.014212832955164371 0.059935893835235898 0.068487094382065877
leaf_weight=5.789700359106063 261.3707165569067 877.20880335569382 145.46727506816387 80.724009305238724 201.2372533082962 240.47330784797668 30.942970737814903
leaf_count=25 1109 3987 592 373 939 1185 157
internal_value=3.15451e-05 -0.0139108 -0.024008 0.0162562 0.0397485 0.0566001 0.0217087
internal_weight=1843.21 1364.77 1022.68 342.095 478.443 246.263 232.18
internal_count=8367 6061 4579 1482 2306 1210 1096
is_linear=0
shrinkage=0.1


Tree=15
num_leaves=8
num_cat=0
split_feature=0 8 12 18 13 10 14
split_gain=89.6897 44.8206 21.6209 20.2711 18.5445 11.7237 5.7306
threshold=1.0000000180025095e-35 1.0000000180025095e-35 1.0000000180025095e-35 1.0000000180025095e-35 1.0000000180025095e-35 1.0000000180025095e-35 1.0000000180025095e-35
decision_type=2 2 2 2 2 2 2
left_child=1 2 -1 5 -3 -2 -5
right_child=3 4 -4 6 -6 -7 -8
leaf_value=0.024980201350655346 -0.019939008967006126 0.023956088814597529 0.085814930379788545 0.032115199413643436 -0.030189206492900324 -0.054512415471530955 -0.012179097450322701
leaf_weight=755.52229958772659 157.39581537246704 87.39133183658123 62.590532585978508 32.216477870941162 222.36583895981312 266.85539636015892 242.71057568490505
leaf_count=3447 754 375 313 137 947 1343 1051
internal_value=3.7334e-05 0.0174771 0.0297335 -0.0280802 -0.0148853 -0.0417628 -0.00689103
internal_weight=1827.05 1127.87 818.113 699.178 309.757 424.251 274.927
internal_count=8367 5082 3760 3285 1322 2097 1188
is_linear=0
shrinkage=0.1


Tree=16
num_leaves=8
num_cat=0
split_feature=5 11 21 12 11 16 7
split_gain=74.3392 36.5845 35.1198 32.2524 12.4635 9.26002 6.64238
threshold=1.0000000180025095e-35 1.0000000180025095e-35 1.0000000180025095e-35 1.0000000180025095e-35 1.0000000180025095e-35 1.0000000180025095e-35 1.0000000180025095e-35
decision_type=2 2 2 2 2 2 2
left_child=4 2 -2 -3 5 -1 -6
right_child=1 3 -4 -5 6 -7 -8
leaf_value=-0.065864636216979897 0.017174225342337434 -0.040113606843302597 -0.034617912165208313 0.014688883825408018 0.027988122252397937 0.053673963870715727 -0.010300215387335061
leaf_weight=5.853982836008071 519.05057907104492 519.21653358638287 173.9882003813982 134.76363994181156 165.95764809846878 231.56377404928207 61.584053233265877
leaf_count=25 2221 2450 842 548 827 1185 269
internal_value=3.28635e-05 -0.0118691 0.0041406 -0.0288154 0.0344652 0.0504626 0.0176257
internal_weight=1811.98 1347.02 693.039 653.98 464.959 237.418 227.542
internal_count=8367 6061 3063 2998 2306 1210 1096
is_linear=0
shrinkage=0.1


Tree=17
num_leaves=8
num_cat=0
split_feature=0 8 12 18 18 10 14
split_gain=63.8149 33.1841 18.3377 16.3629 15.1622 10.0218 4.93728
threshold=1.0000000180025095e-35 1.0000000180025095e-35 1.0000000180025095e-35 1.0000000180025095e-35 1.0000000180025095e-35 1.0000000180025095e-35 1.0000000180025095e-35
decision_type=2 2 2 2 2 2 2
left_child=1 2 -1 -3 5 -2 -6
right_child=4 3 -4 -5 6 -7 -8
leaf_value=0.021132138418106374 -0.015816206566127262 -0.035712652532844211 0.0783941570975661 0.010335910001645646 0.030448359469027249 -0.048176452796525403 -0.010638714901182667
leaf_weight=745.36416308581829 154.40998706221581 156.20829404890537 59.686782121658325 150.87332439422607 32.289578840136528 256.68520574271679 241.12487968802452
leaf_count=3447 754 680 313 642 137 1343 1051
internal_value=2.81166e-05 0.0148097 0.0254696 -0.0131283 -0.0239743 -0.0360896 -0.00569316
internal_weight=1796.64 1112.13 805.051 307.082 684.51 411.095 273.414
internal_count=8367 5082 3760 1322 3285 2097 1188
is_linear=0
shrinkage=0.1


Tree=18
num_leaves=8
num_cat=0
split_feature=15 10 14 12 18 11 11
split_gain=54.2537 34.4432 23.7864 15.9766 15.895 9.32205 5.32738
threshold=1.0000000180025095e-35 1.0000000180025095e-35 1.0000000180025095e-35 1.0000000180025095e-35 1.0000000180025095e-35 1.0000000180025095e-35 1.0000000180025095e-35
decision_type=2 2 2 2 2 2 2
left_child=2 5 6 -4 -3 -2 -1
right_child=1 4 3 -5 -6 -7 -8
leaf_value=0.029794726909284138 0.043399419366309089 -0.026469737823892666 -0.035093752794963635 0.061819107594396162 0.0084854984349579995 0.016329736174248169 -0.010320414348957911
leaf_weight=85.439108490943909 305.98993752896786 193.72451411187649 517.03251414000988 16.704183861613274 390.97647511959076 220.3721794039011 52.994578793644905
leaf_count=376 1493 892 2513 72 1699 1078 244
internal_value=2.40318e-05 0.0135873 -0.0223822 -0.0319508 -0.00312137 0.0321186 0.0144741
internal_weight=1783.23 1111.06 672.17 533.737 584.701 526.362 138.434
internal_count=8367 5162 3205 2585 2591 2571 620
is_linear=0
shrinkage=0.1


Tree=19
num_leaves=7
num_cat=0
split_feature=21 14 12 12 10 11
split_gain=50.4427 33.584 40.1384 15.9134 15.1588 9.1632
threshold=1.0000000180025095e-35 1.0000000180025095e-35 1.0000000180025095e-35 1.0000000180025095e-35 1.0000000180025095e-35 1.0000000180025095e-35
decision_type=2 2 2 2 2 2
left_child=1 5 -3 4 -2 -1
right_child=3 2 -4 -5 -6 -7
leaf_value=0.050457165340189618 -0.012876896352751705 -0.0047255549646348788 0.075495211831538095 0.001877802462110757 -0.057468492375418935 0.01597451263864454
leaf_weight=204.1987913697958 123.67363028228283 930.9507514834404 65.845287352800369 121.14659598469734 200.78394152224064 125.44924242794514
leaf_count=1000 620 4219 350 491 1092 595
internal_value=2.47979e-05 0.00980548 0.000643934 -0.0290464 -0.0405633 0.0374226
internal_weight=1772.05 1326.44 996.796 445.604 324.458 329.648
internal_count=8367 6164 4569 2203 1712 1595
is_linear=0
shrinkage=0.1


Tree=20
num_leaves=8
num_cat=0
split_feature=5 11 12 21 11 16 7
split_gain=43.5149 24.6566 20.5911 19.2216 9.26399 7.41813 4.71245
threshold=1.0000000180025095e-35 1.0000000180025095e-35 1.0000000180025095e-35 1.0000000180025095e-35 1.0000000180025095e-35 1.0000000180025095e-35 1.0000000180025095e-35
decision_type=2 2 2 2 2 2 2
left_child=4 3 -3 -2 5 -1 -6
right_child=1 2 -4 -5 6 -7 -8
leaf_value=-0.062211146914373877 0.013631848069230311 -0.032607729053736059 0.011377624798859535 -0.025428194273605625 0.021433946541946077 0.044426066898811581 -0.011028022230481148
leaf_weight=5.8832466602325431 515.10399962961674 500.18055973947048 134.57595324516296 165.69299012422562 159.8898002654314 217.64911277592182 61.21484500169754
leaf_count=25 2221 2450 548 842 827 1185 269
internal_value=2.5451e-05 -0.00911705 -0.0232791 0.00410203 0.0270352 0.0413549 0.0124374
internal_weight=1760.19 1315.55 634.757 680.797 444.637 223.532 221.105
internal_count=8367 6061 2998 3063 2306 1210 1096
is_linear=0
shrinkage=0.1


Tree=21
num_leaves=8
num_cat=0
split_feature=10 20 16 14 14 12 11
split_gain=39.2596 23.9533 21.6087 14.0075 9.92462 7.5356 4.34572
threshold=1.0000000180025095e-35 1.0000000180025095e-35 1.0000000180025095e-35 1.0000000180025095e-35 1.0000000180025095e-35 1.0000000180025095e-35 1.0000000180025095e-35
decision_type=2 2 2 2 2 2 2
left_child=2 5 6 -3 -4 -2 -1
right_child=1 3 4 -5 -6 -7 -8
leaf_value=0.00091775732116236011 -0.042774854807214262 0.025701389772921399 0.047629857134707021 -0.011055108732795258 0.018230054161027444 0.077624782873988246 -0.027530089949637383
leaf_weight=135.05933837592602 245.96950505673885 126.30486741662025 156.60611662268639 558.05907036364079 432.85940438508987 4.4269055575132361 88.072299435734749
leaf_count=617 1307 587 838 2497 2075 19 427
internal_value=2.13739e-05 -0.0139473 0.0160875 -0.0042438 0.0261083 -0.0403459 -0.0103836
internal_weight=1747.36 934.76 812.597 684.364 589.466 250.396 223.132
internal_count=8367 4410 3957 3084 2913 1326 1044
is_linear=0
shrinkage=0.1


Tree=22
num_leaves=7
num_cat=0
split_feature=21 12 13 12 10 5
split_gain=33.3428 24.1218 31.8686 11.1175 12.0255 0.913676
threshold=1.0000000180025095e-35 1.0000000180025095e-35 1.0000000180025095e-35 1.0000000180025095e-35 1.0000000180025095e-35 1.0000000180025095e-35
decision_type=2 2 2 2 2 2
left_child=1 2 -1 4 -2 -3
right_child=3 5 -4 -5 -6 -7
leaf_value=0.027982110354733209 -0.0093281518351725837 0.055570661594437853 -0.0061908899533888728 0.0016726122450456779 -0.049686952449752464 0.085538108859258541
leaf_weight=403.27637948095798 121.44147726893425 39.053752154111862 838.9313588142395 121.17423935234547 189.50936664640903 23.620740085840225
leaf_count=1968 620 249 3846 491 1092 101
internal_value=2.34615e-05 0.00799797 0.00491678 -0.0240199 -0.0340053 0.0680308
internal_weight=1737.01 1304.88 1242.21 432.125 310.951 62.6745
internal_count=8367 6164 5814 2203 1712 350
is_linear=0
shrinkage=0.1


Tree=23
num_leaves=8
num_cat=0
split_feature=17 10 12 13 11 10 21
split_gain=30.9681 21.4242 9.2012 8.94103 6.66314 4.61248 2.09309
threshold=1.0000000180025095e-35 1.0000000180025095e-35 1.0000000180025095e-35 1.0000000180025095e-35 1.0000000180025095e-35 1.0000000180025095e-35 1.0000000180025095e-35
decision_type=2 2 2 2 2 2 2
left_child=4 2 -2 -3 5 -1 -6
right_child=1 3 -4 -5 6 -7 -8
leaf_value=0.0029798529197104014 0.016604439030445582 0.014765165758879395 0.061492930893147384 -0.011150169605949976 -0.029960235807219987 -0.028934592269298509 -0.052750972027024084
leaf_weight=91.924931332468987 596.5088112205267 174.25818517804146 48.676973849534988 553.45195259153843 97.744274646043777 87.934737011790276 76.404773563146591
leaf_count=430 2903 812 290 2506 477 461 488
internal_value=2.52315e-05 0.00682844 0.020081 -0.00493271 -0.0263035 -0.0126971 -0.0402034
internal_weight=1726.9 1372.9 645.186 727.71 354.009 179.86 174.149
internal_count=8367 6511 3193 3318 1856 891 965
is_linear=0
shrinkage=0.1


Tree=24
num_leaves=8
num_cat=0
split_feature=6 11 14 12 11 13 19
split_gain=26.3117 18.4963 14.8431 14.3619 5.81824 3.61011 3.08307
threshold=1.0000000180025095e-35 1.0000000180025095e-35 1.0000000180025095e-35 1.0000000180025095e-35 1.0000000180025095e-35 1.0000000180025095e-35 1.0000000180025095e-35
decision_type=2 2 2 2 2 2 2
left_child=4 2 -2 -3 6 -6 -1
right_child=1 3 -4 -5 5 -7 -8
leaf_value=0.00012464151347157674 0.030088097347653608 -0.025607629871523485 -0.0031467228457520758 0.010742896473039691 0.034193499412279775 0.0027142453681596496 0.043841857508545225
leaf_weight=18.184916436672211 176.98311260342598 525.32101298868656 547.91636416316032 136.3716254234314 51.535003319382668 119.48907847702503 142.27054838836193
leaf_count=105 819 2632 2512 560 291 611 837
internal_value=1.91102e-05 -0.00603504 0.00499778 -0.0181111 0.0252859 0.0123436 0.0389187
internal_weight=1718.07 1386.59 724.899 661.693 331.48 171.024 160.455
internal_count=8367 6523 3331 3192 1844 902 942
is_linear=0
shrinkage=0.1


end of trees

feature_importances:
MSinceMostRecentInqexcl7days_lt=_-7.5=25
NumSatisfactoryTrades_lt=_18.5=21
MSinceMostRecentInqexcl7days_lt=_0.5=18
ExternalRiskEstimate_lt=_63.5=15
MSinceMostRecentInqexcl7days_lt=_1.5=14
AverageMInFile_lt=_75.5=9
AverageMInFile_lt=_63.5=8
ExternalRiskEstimate_lt=_70.5=7
ExternalRiskEstimate_lt=_78.5=7
NetFractionRevolvingBurden_lt=_47.5=6
NetFractionRevolvingBurden_lt=_57.5=6
ExternalRiskEstimate_lt=_81.5=5
ExternalRiskEstimate_lt=_67.5=4
AverageMInFile_lt=_69.5=4
PercentTradesWBalance_lt=_66.5=4
ExternalRiskEstimate_lt=_73.5=3
ExternalRiskEstimate_lt=_74.5=3
ExternalRiskEstimate_lt=_75.5=3
NetFractionRevolvingBurden_lt=_37.5=3
PercentTradesWBalance_lt=_73.5=3
PercentTradesWBalance_lt=_80.5=3
ExternalRiskEstimate_lt=_80.5=2

parameters:
[boosting: gbdt]
[objective: binary]
[metric: binary_logloss]
[tree_learner: serial]
[device_type: cpu]
[data_sample_strategy: bagging]
[data: ]
[valid: ]
[num_iterations: 25]
[learning_rate: 0.1]
[num_leaves: 31]
[num_threads: 8]
[seed: 42]
[deterministic: 0]
[force_col_wise: 0]
[force_row_wise: 0]
[histogram_pool_size: -1]
[max_depth: 3]
[min_data_in_leaf: 20]
[min_sum_hessian_in_leaf: 0.001]
[bagging_fraction: 1]
[pos_bagging_fraction: 1]
[neg_bagging_fraction: 1]
[bagging_freq: 0]
[bagging_seed: 400]
[bagging_by_query: 0]
[feature_fraction: 1]
[feature_fraction_bynode: 1]
[feature_fraction_seed: 30056]
[extra_trees: 0]
[extra_seed: 12879]
[early_stopping_round: 0]
[early_stopping_min_delta: 0]
[first_metric_only: 0]
[max_delta_step: 0]
[lambda_l1: 0]
[lambda_l2: 1]
[linear_lambda: 0]
[min_gain_to_split: 0]
[drop_rate: 0.1]
[max_drop: 50]
[skip_drop: 0.5]
[xgboost_dart_mode: 0]
[uniform_drop: 0]
[drop_seed: 17869]
[top_rate: 0.2]
[other_rate: 0.1]
[min_data_per_group: 100]
[max_cat_threshold: 32]
[cat_l2: 10]
[cat_smooth: 10]
[max_cat_to_onehot: 4]
[top_k: 20]
[monotone_constraints: ]
[monotone_constraints_method: basic]
[monotone_penalty: 0]
[feature_contri: ]
[forcedsplits_filename: ]
[refit_decay_rate: 0.9]
[cegb_tradeoff: 1]
[cegb_penalty_split: 0]
[cegb_penalty_feature_lazy: ]
[cegb_penalty_feature_coupled: ]
[path_smooth: 0]
[interaction_constraints: ]
[verbosity: -1]
[saved_feature_importance_type: 0]
[use_quantized_grad: 0]
[num_grad_quant_bins: 4]
[quant_train_renew_leaf: 0]
[stochastic_rounding: 1]
[linear_tree: 0]
[max_bin: 255]
[max_bin_by_feature: ]
[min_data_in_bin: 3]
[bin_construct_sample_cnt: 200000]
[data_random_seed: 175]
[is_enable_sparse: 1]
[enable_bundle: 1]
[use_missing: 1]
[zero_as_missing: 0]
[feature_pre_filter: 1]
[pre_partition: 0]
[two_round: 0]
[header: 0]
[label_column: ]
[weight_column: ]
[group_column: ]
[ignore_column: ]
[categorical_feature: ]
[forcedbins_filename: ]
[precise_float_parser: 0]
[parser_config_file: ]
[objective_seed: 16083]
[num_class: 1]
[is_unbalance: 0]
[scale_pos_weight: 1]
[sigmoid: 1]
[boost_from_average: 1]
[reg_sqrt: 0]
[alpha: 0.9]
[fair_c: 1]
[poisson_max_delta_step: 0.7]
[tweedie_variance_power: 1.5]
[lambdarank_truncation_level: 30]
[lambdarank_norm: 1]
[label_gain: ]
[lambdarank_position_bias_regularization: 0]
[eval_at: ]
[multi_error_top_k: 1]
[auc_mu_weights: ]
[num_machines: 1]
[local_listen_port: 12400]
[time_out: 120]
[machine_list_filename: ]
[machines: ]
[gpu_platform_id: -1]
[gpu_device_id: -1]
[gpu_use_dp: 0]
[num_gpu: 1]

end of parameters

pandas_categorical:[]
