tree
version=v4
num_class=1
num_tree_per_iteration=1
label_index=0
max_feature_idx=10
objective=binary sigmoid:1
feature_names=discharge_disposition_id_lt=_10.5 number_outpatient_lt=_0.5 number_emergency_lt=_0.5 number_inpatient_lt=_0.5 number_inpatient_lt=_1.5 number_inpatient_lt=_2.5 number_inpatient_lt=_3.5 number_diagnoses_lt=_5.5 number_diagnoses_lt=_6.5 change_lt=_0.5 age_lt=_6.5
feature_infos=[0:1] [0:1] [0:1] [0:1] [0:1] [0:1] [0:1] [0:1] [0:1] [0:1] [0:1]
tree_sizes=926 1028 1023 1025 1028 1027 1024 1031 1020 1030 1027 1023 1032 1022 1021 1026 1030 1022 1032 1028 1025 1028 1033 1028 1026

Tree=0
num_leaves=8
num_cat=0
split_feature=3 7 4 0 9 0 9
split_gain=2703.35 449.525 436.493 249.83 206.386 161.593 89.1599
threshold=1.0000000180025095e-35 1.0000000180025095e-35 1.0000000180025095e-35 1.0000000180025095e-35 1.0000000180025095e-35 1.0000000180025095e-35 1.0000000180025095e-35
decision_type=2 2 2 2 2 2 2
left_child=2 4 3 -1 -2 -4 -3
right_child=1 6 5 -5 -6 -7 -8
leaf_value=-0.0067903208200472357 -0.031589779627434963 -0.078945420166812941 -0.038116972920918445 0.097475180455137256 -0.0011277382212417117 0.038616431224966934 -0.042642130962216244
leaf_weight=255.75 4617 1554 300.5 2253.5 4290.75 3078.75 1206
leaf_count=1023 18468 6216 1202 9014 17163 12315 4824
internal_value=2.84847e-05 -0.027848 0.0552595 0.0868497 -0.0169184 0.0317836 -0.0631037
internal_weight=17556.2 11667.8 5888.5 2509.25 8907.75 3379.25 2760
internal_count=70225 46671 23554 10037 35631 13517 11040
is_linear=0
shrinkage=1


Tree=1
num_leaves=8
num_cat=0
split_feature=3 7 4 0 9 0 9
split_gain=2192 364.955 355.446 203.274 167.25 130.996 72.5876
threshold=1.0000000180025095e-35 1.0000000180025095e-35 1.0000000180025095e-35 1.0000000180025095e-35 1.0000000180025095e-35 1.0000000180025095e-35 1.0000000180025095e-35
decision_type=2 2 2 2 2 2 2
left_child=2 4 3 -1 -2 -4 -3
right_child=1 6 5 -5 -6 -7 -8
leaf_value=-0.0061396501316405751 -0.028464488342076485 -0.071196439165208167 -0.034356454811795119 0.087922486536759922 -0.0010406302612110125 0.034743828480188324 -0.038425182705248077
leaf_weight=255.74705792963505 4615.8483104109764 1551.5812672376633 300.39088499546051 2248.1555786430836 4290.7487212568521 3077.6025257259607 1205.4519624710083
leaf_count=1023 18468 6216 1202 9014 17163 12315 4824
internal_value=2.27192e-07 -0.0250997 0.0497685 0.0783164 -0.0152547 0.0285907 -0.0568871
internal_weight=17545.5 11663.6 5881.9 2503.9 8906.6 3377.99 2757.03
internal_count=70225 46671 23554 10037 35631 13517 11040
is_linear=0
shrinkage=0.1


Tree=2
num_leaves=8
num_cat=0
split_feature=3 5 7 0 0 0 9
split_gain=1780.32 298.971 297.336 173.025 156.589 91.9499 59.583
threshold=1.0000000180025095e-35 1.0000000180025095e-35 1.0000000180025095e-35 1.0000000180025095e-35 1.0000000180025095e-35 1.0000000180025095e-35 1.0000000180025095e-35
decision_type=2 2 2 2 2 2 2
left_child=1 5 4 -3 -2 -1 -4
right_child=2 3 6 -5 -6 -7 -8
leaf_value=0.0066434099295217298 -0.054924328191637312 -0.026449667939476798 -0.064355746101262046 0.039687304921161598 -0.009463860607134212 0.09891806435008621 -0.034628970706957238
leaf_weight=120.2449756115675 835.32379579544067 435.60009509325027 1545.2750372886658 4237.0935896039009 8068.2606965899467 1071.763841509819 1204.0207679271698
leaf_count=481 3343 1744 6216 17005 32288 4324 4824
internal_value=1.74638e-06 0.0449344 -0.022614 0.0335175 -0.0137346 0.0896231 -0.0513546
internal_weight=17517.6 5864.7 11652.9 4672.69 8903.58 1192.01 2749.3
internal_count=70225 23554 46671 18749 35631 4805 11040
is_linear=0
shrinkage=0.1


Tree=3
num_leaves=8
num_cat=0
split_feature=3 4 8 1 0 9 0
split_gain=1447.34 263.129 247.44 140.347 139.109 85.6838 85.0861
threshold=1.0000000180025095e-35 1.0000000180025095e-35 1.0000000180025095e-35 1.0000000180025095e-35 1.0000000180025095e-35 1.0000000180025095e-35 1.0000000180025095e-35
decision_type=2 2 2 2 2 2 2
left_child=1 4 3 -2 -1 -4 -3
right_child=2 6 5 -5 -6 -7 -8
leaf_value=-0.0044444677752930178 0.022938450470131683 -0.028360188266399002 -0.053636246425223667 -0.015458975102758574 0.073433007086456115 -0.024022785781749493 0.02738901638662454
leaf_weight=255.69628918170929 1112.7303248047829 299.76603502035141 2227.0223599523306 6554.0769786089659 2217.219034075737 1745.1648499965668 3068.9345347881317
leaf_count=1023 4454 1202 8983 26237 9014 6997 12315
internal_value=3.67799e-06 0.0406158 -0.0203813 -0.00988386 0.065382 -0.040635 0.0224212
internal_weight=17480.6 5841.62 11639 7666.81 2472.92 3972.19 3368.7
internal_count=70225 23554 46671 30691 10037 15980 13517
is_linear=0
shrinkage=0.1


Tree=4
num_leaves=8
num_cat=0
split_feature=3 5 7 9 0 0 1
split_gain=1177.66 223.357 208.318 129.369 113.875 64.4887 44.6809
threshold=1.0000000180025095e-35 1.0000000180025095e-35 1.0000000180025095e-35 1.0000000180025095e-35 1.0000000180025095e-35 1.0000000180025095e-35 1.0000000180025095e-35
decision_type=2 2 2 2 2 2 2
left_child=1 5 3 -2 -3 -1 -4
right_child=2 4 6 -5 -6 -7 -8
leaf_value=0.0064252560820491971 -0.022592605019067399 -0.021772120928049078 0.0010287877710733143 0.0015389974125750452 0.031946853488827719 0.083800702826479986 -0.046308822309150295
leaf_weight=120.24653811752796 4606.8044581264257 434.7211366891861 216.54510162770748 4289.5859393924475 4210.3814686089754 1047.1369205713272 2509.9880834966898
leaf_count=481 18468 1744 876 17163 17005 4324 10164
internal_value=6.38121e-06 0.0367538 -0.0183721 -0.0109582 0.0269159 0.075843 -0.0425502
internal_weight=17435.4 5812.49 11622.9 8896.39 4645.1 1167.38 2726.53
internal_count=70225 23554 46671 35631 18749 4805 11040
is_linear=0
shrinkage=0.1


Tree=5
num_leaves=8
num_cat=0
split_feature=3 4 1 7 10 7 0
split_gain=958.634 197.502 182.599 140.044 108.63 75.3076 28.7071
threshold=1.0000000180025095e-35 1.0000000180025095e-35 1.0000000180025095e-35 1.0000000180025095e-35 1.0000000180025095e-35 1.0000000180025095e-35 1.0000000180025095e-35
decision_type=2 2 2 2 2 2 2
left_child=1 4 6 -4 -1 -3 -2
right_child=2 5 3 -5 -6 -7 -8
leaf_value=0.030491253982223299 -0.041038197325923176 0.024006345134445523 -0.014631036303843853 -0.041918505090968998 0.073295256252379926 -0.017168619099205192 0.019590507602043221
leaf_weight=1038.3118616193533 81.788844153285027 2828.6668417006731 7626.3640304207802 2496.4147599935532 1388.3307935744524 526.16104125976562 1399.5873051136732
leaf_count=4287 328 11397 30567 10164 5750 2120 5612
internal_value=9.04075e-06 0.0332731 -0.0165653 -0.021364 0.0550004 0.0175454 0.0162177
internal_weight=17385.6 5781.47 11604.2 10122.8 2426.64 3354.83 1481.38
internal_count=70225 23554 46671 40731 10037 13517 5940
is_linear=0
shrinkage=0.1


Tree=6
num_leaves=8
num_cat=0
split_feature=3 6 2 9 0 10 0
split_gain=780.224 177.708 158.603 159.225 113.442 33.8894 23.4244
threshold=1.0000000180025095e-35 1.0000000180025095e-35 1.0000000180025095e-35 1.0000000180025095e-35 1.0000000180025095e-35 1.0000000180025095e-35 1.0000000180025095e-35
decision_type=2 2 2 2 2 2 2
left_child=1 5 6 -4 -3 -1 -2
right_child=2 4 3 -5 -6 -7 -8
leaf_value=0.048569464613527687 -0.046900478570442834 -0.020921168532310519 -0.02944144704891212 -0.0051087358796092766 0.029058130007003576 0.09976802048133121 0.03250295063883249
leaf_weight=199.53447502851486 38.249517023563385 502.38533145189285 5760.1419399231672 5044.440798074007 4666.3084614127874 384.12286461889744 742.68909539282322
leaf_count=838 154 2015 23293 20241 19068 1633 2983
internal_value=1.11734e-05 0.0301137 -0.0149364 -0.0180825 0.0241971 0.0823778 0.0285589
internal_weight=17337.9 5752.35 11585.5 10804.6 5168.69 583.657 780.939
internal_count=70225 23554 46671 43534 21083 2471 3137
is_linear=0
shrinkage=0.1


Tree=7
num_leaves=8
num_cat=0
split_feature=3 4 8 0 0 7 9
split_gain=635.198 154.314 146.415 105.715 86.2666 61.4826 55.7247
threshold=1.0000000180025095e-35 1.0000000180025095e-35 1.0000000180025095e-35 1.0000000180025095e-35 1.0000000180025095e-35 1.0000000180025095e-35 1.0000000180025095e-35
decision_type=2 2 2 2 2 2 2
left_child=1 4 3 -2 -1 -3 -4
right_child=2 5 6 -5 -6 -7 -8
leaf_value=-0.0081594088527586935 -0.042242182371667714 0.019258492334157513 -0.039798572985734054 -0.0016588144971821312 0.053317213018743405 -0.017976542103278322 -0.0157787292377044
leaf_weight=255.43719063699245 706.25430163741112 2815.2312443554401 2185.4274787008762 6943.1516900807619 2124.8619467914104 525.51489129662514 1733.8562389910221
leaf_count=1023 2843 11397 8983 27848 9014 2120 6997
internal_value=1.37972e-05 0.0272672 -0.013465 -0.00541083 0.0467193 0.0133976 -0.0291791
internal_weight=17289.7 5721.05 11568.7 7649.41 2380.3 3340.75 3919.28
internal_count=70225 23554 46671 30691 10037 13517 15980
is_linear=0
shrinkage=0.1


Tree=8
num_leaves=8
num_cat=0
split_feature=3 6 1 2 1 10 0
split_gain=517.301 140.785 140.398 103.089 100.375 29.7646 20.0262
threshold=1.0000000180025095e-35 1.0000000180025095e-35 1.0000000180025095e-35 1.0000000180025095e-35 1.0000000180025095e-35 1.0000000180025095e-35 1.0000000180025095e-35
decision_type=2 2 2 2 2 2 2
left_child=1 5 6 -4 -3 -1 -2
right_child=2 4 3 -5 -6 -7 -8
leaf_value=0.040187962954884984 -0.031398430012632976 0.045822234695571229 0.025550225562864792 -0.018810858321105843 0.012034639507844518 0.088811781905772491 0.019419549497948763
leaf_weight=194.9989128112793 81.215382993221283 1126.5854590982199 553.51876537501812 9515.6151437759399 3998.1788466572762 368.67371141910553 1398.4563186913729
leaf_count=838 328 4653 2225 38506 16430 1633 5612
internal_value=1.46823e-05 0.0246958 -0.0121433 -0.01637 0.0194697 0.0720916 0.016611
internal_weight=17237.2 5688.44 11548.8 10069.1 5124.76 563.673 1479.67
internal_count=70225 23554 46671 40731 21083 2471 5940
is_linear=0
shrinkage=0.1


Tree=9
num_leaves=8
num_cat=0
split_feature=4 7 0 10 0 1 6
split_gain=424.024 183.326 148.986 80.5383 54.9607 37.2754 34.4336
threshold=1.0000000180025095e-35 1.0000000180025095e-35 1.0000000180025095e-35 1.0000000180025095e-35 1.0000000180025095e-35 1.0000000180025095e-35 1.0000000180025095e-35
decision_type=2 2 2 2 2 2 2
left_child=3 2 -2 4 -1 -3 -5
right_child=1 5 -4 6 -6 -7 -8
leaf_value=-0.041539251991592252 -0.035703030627974759 0.0074370170849505576 0.0032256763421446887 0.082403334822065299 0.027426868978088111 -0.030763585959509482 0.045967454735174475
leaf_weight=132.13485181331635 1082.7779383510351 279.56898567080498 10584.168113708496 358.24189499020576 878.07832986116409 2916.0124567598104 963.15594972670078
leaf_count=529 4375 1132 42653 1633 3758 12028 4117
internal_value=1.75382e-05 -0.00620317 -0.000389943 0.0396562 0.018374 -0.0274203 0.0559004
internal_weight=17194.1 14862.5 11666.9 2331.61 1010.21 3195.58 1321.4
internal_count=70225 60188 47028 10037 4287 13160 5750
is_linear=0
shrinkage=0.1


Tree=10
num_leaves=8
num_cat=0
split_feature=3 2 9 2 0 9 1
split_gain=372.747 120.519 111.659 89.4785 77.3446 55.9289 39.357
threshold=1.0000000180025095e-35 1.0000000180025095e-35 1.0000000180025095e-35 1.0000000180025095e-35 1.0000000180025095e-35 1.0000000180025095e-35 1.0000000180025095e-35
decision_type=2 2 2 2 2 2 2
left_child=1 4 3 -2 -1 -3 -4
right_child=2 5 6 -5 -6 -7 -8
leaf_value=-0.049474944400002809 0.029696192055436839 0.003257313159514249 0.021237621565845008 -0.022641093142050001 0.058269350140290499 0.025429777288146688 -0.0033303488767452497
leaf_weight=70.602146804332733 345.65267254412174 2353.0186013877392 755.79948690533638 5705.7302401214838 1006.4756172299385 2202.1595233529806 4710.1910420209169
leaf_count=284 1391 9784 3028 23293 4311 9175 18959
internal_value=1.90333e-05 0.021099 -0.0102905 -0.0196472 0.0511674 0.0139796 7.0004e-05
internal_weight=17149.6 5632.26 11517.4 6051.38 1077.08 4555.18 5465.99
internal_count=70225 23554 46671 24684 4595 18959 21987
is_linear=0
shrinkage=0.1


Tree=11
num_leaves=8
num_cat=0
split_feature=4 1 9 10 0 0 6
split_gain=306.496 155.085 121.207 66.3938 42.0251 34.6392 29.7881
threshold=1.0000000180025095e-35 1.0000000180025095e-35 1.0000000180025095e-35 1.0000000180025095e-35 1.0000000180025095e-35 1.0000000180025095e-35 1.0000000180025095e-35
decision_type=2 2 2 2 2 2 2
left_child=3 5 -3 4 -1 -2 -5
right_child=1 2 -4 6 -6 -7 -8
leaf_value=-0.037651600711590419 -0.032003888457997634 -0.018719773222329303 0.0008591322453767779 0.074326277627043788 0.022718944818024882 0.02278900789597273 0.039836029821624673
leaf_weight=132.06790471076965 121.51680448651314 6670.8888468146324 6010.1010806262493 343.22098135948181 866.2807160615921 2017.4068738520145 945.64915710687637
leaf_count=529 492 27290 24256 1633 3758 8150 4117
internal_value=1.94908e-05 -0.00523959 -0.0094411 0.0340828 0.0147031 0.0196626 0.0490711
internal_weight=17107.1 14819.9 12681 2287.22 998.349 2138.92 1288.87
internal_count=70225 60188 51546 10037 4287 8642 5750
is_linear=0
shrinkage=0.1


Tree=12
num_leaves=8
num_cat=0
split_feature=3 8 2 0 0 1 10
split_gain=268.028 94.0465 93.404 61.9299 60.8148 44.6049 42.159
threshold=1.0000000180025095e-35 1.0000000180025095e-35 1.0000000180025095e-35 1.0000000180025095e-35 1.0000000180025095e-35 1.0000000180025095e-35 1.0000000180025095e-35
decision_type=2 2 2 2 2 2 2
left_child=2 3 4 -2 -1 -4 -3
right_child=1 6 5 -5 -6 -7 -8
leaf_value=-0.044540299484961021 -0.030662856017014364 -0.0066595833837237734 0.031859656049660734 0.00058918019028576254 0.05123075958363367 0.0068498768235847442 -0.028817343677385809
leaf_weight=70.344403684139252 696.97467984259129 1289.6203362941742 886.08917416632175 6926.1245128065348 983.31497444212437 3641.0282282978296 2573.1966098099947
leaf_count=284 2843 5335 3768 27848 4311 15191 10645
internal_value=2.12231e-05 -0.00871401 0.0179977 -0.00227182 0.0448007 0.011751 -0.0214235
internal_weight=17066.7 11485.9 5580.78 7623.1 1053.66 4527.12 3862.82
internal_count=70225 46671 23554 30691 4595 18959 15980
is_linear=0
shrinkage=0.1


Tree=13
num_leaves=8
num_cat=0
split_feature=2 3 9 0 9 5 9
split_gain=228.354 136.817 77.0457 59.783 40.8627 40.0152 8.34037
threshold=1.0000000180025095e-35 1.0000000180025095e-35 1.0000000180025095e-35 1.0000000180025095e-35 1.0000000180025095e-35 1.0000000180025095e-35 1.0000000180025095e-35
decision_type=2 2 2 2 2 2 2
left_child=3 4 -3 6 -2 -5 -1
right_child=1 2 -4 5 -6 -7 -8
leaf_value=-0.067486508455448346 0.0014255870674505389 -0.018148295620769781 -0.0011380022625211721 0.071046599014255682 0.02045895232383918 0.030922265093968761 -0.011821460085278769
leaf_weight=50.873886570334435 2339.5525020062923 5664.3219389170408 5024.2862521409988 302.0052574723959 2177.3683961778879 1410.1912334412336 57.02768662571907
leaf_count=207 9784 23293 20241 1473 9175 5821 231
internal_value=2.03819e-05 -0.00398716 -0.0101533 0.0334842 0.0106031 0.0380369 -0.0384454
internal_weight=17025.6 15205.5 10688.6 1820.1 4516.92 1712.2 107.902
internal_count=70225 62493 43534 7732 18959 7294 438
is_linear=0
shrinkage=0.1


Tree=14
num_leaves=8
num_cat=0
split_feature=4 7 0 10 0 2 6
split_gain=193.163 119.823 93.3784 53.5314 30.1107 24.1964 24.0325
threshold=1.0000000180025095e-35 1.0000000180025095e-35 1.0000000180025095e-35 1.0000000180025095e-35 1.0000000180025095e-35 1.0000000180025095e-35 1.0000000180025095e-35
decision_type=2 2 2 2 2 2 2
left_child=3 2 -2 4 -1 -3 -5
right_child=1 5 -4 6 -6 -7 -8
leaf_value=-0.034319878295228125 -0.027556969826225811 0.015293820351284102 0.0034292854510592193 0.064688772291840446 0.016883318460348962 -0.023509333221894385 0.032930166815252196
leaf_weight=131.81563751399517 1070.4055261164904 169.1976732313633 10538.6021784693 323.12115798890591 850.07440891861916 2980.0049167722464 923.07591438293457
leaf_count=529 4375 690 42653 1633 3758 12470 4117
internal_value=2.04781e-05 -0.00412352 0.000570078 0.0274586 0.00998153 -0.0214204 0.04121
internal_weight=16986.3 14758.2 11609 2228.09 981.89 3149.2 1246.2
internal_count=70225 60188 47028 10037 4287 13160 5750
is_linear=0
shrinkage=0.1


Tree=15
num_leaves=8
num_cat=0
split_feature=1 2 7 0 4 10 9
split_gain=173.119 105.033 80.6448 41.582 44.371 34.0056 22.3837
threshold=1.0000000180025095e-35 1.0000000180025095e-35 1.0000000180025095e-35 1.0000000180025095e-35 1.0000000180025095e-35 1.0000000180025095e-35 1.0000000180025095e-35
decision_type=2 2 2 2 2 2 2
left_child=3 5 -3 6 -5 -2 -1
right_child=1 2 -4 4 -6 -7 -8
leaf_value=-0.059679035807398896 0.003193327848051407 -0.0027778524128682079 -0.021643700551226112 0.051816049778406696 0.01950985036881939 0.037630931963897676 0.011194673958906658
leaf_weight=86.644766509532928 476.24762770533562 10107.181125730276 2919.6755980700254 539.36851422488689 2007.3377847373486 720.34370106458664 90.113441467285156
leaf_count=356 1992 41350 12347 2546 8150 3118 366
internal_value=2.04829e-05 -0.00440259 -0.00700754 0.0231134 0.0263697 0.0239388 -0.0236871
internal_weight=16946.9 14223.4 13026.9 2723.46 2546.71 1196.59 176.758
internal_count=70225 58807 53697 11418 10696 5110 722
is_linear=0
shrinkage=0.1


Tree=16
num_leaves=8
num_cat=0
split_feature=3 6 9 2 1 10 0
split_gain=145.307 59.793 56.8724 47.9182 42.419 19.428 13.9844
threshold=1.0000000180025095e-35 1.0000000180025095e-35 1.0000000180025095e-35 1.0000000180025095e-35 1.0000000180025095e-35 1.0000000180025095e-35 1.0000000180025095e-35
decision_type=2 2 2 2 2 2 2
left_child=1 6 3 -2 -3 -4 -1
right_child=2 4 5 -5 -6 -7 -8
leaf_value=-0.0030328182033262634 0.022945741785346665 0.027709499411634992 0.0081355941668942201 -0.015362591661580114 0.005279186830734979 -0.0040000558898224559 0.052218956807900285
leaf_weight=50.956098705530167 345.75547851622105 1072.9395396858454 2237.0414948314428 5629.9780342578888 3926.216373488307 3212.0791548490524 443.3409164249897
leaf_count=210 1391 4653 9007 23293 16430 12980 2261
internal_value=2.01975e-05 0.0133837 -0.00640605 -0.0131426 0.0100979 0.000982602 0.0465285
internal_weight=16918.3 5493.45 11424.9 5975.73 4999.16 5449.12 494.297
internal_count=70225 23554 46671 24684 21083 21987 2471
is_linear=0
shrinkage=0.1


Tree=17
num_leaves=8
num_cat=0
split_feature=2 1 9 0 5 0 9
split_gain=128.933 83.7252 68.6926 42.3113 27.1566 18.5299 6.26514
threshold=1.0000000180025095e-35 1.0000000180025095e-35 1.0000000180025095e-35 1.0000000180025095e-35 1.0000000180025095e-35 1.0000000180025095e-35 1.0000000180025095e-35
decision_type=2 2 2 2 2 2 2
left_child=3 5 -3 6 -5 -2 -1
right_child=1 2 -4 4 -6 -7 -8
leaf_value=-0.060562018124759309 -0.019107358424467261 -0.012811829531970884 0.0017558512527789468 0.057971108293842534 0.023673160421183739 0.018040513685418407 -0.012101281194483775
leaf_weight=50.315938100218773 143.32883822917938 6899.3866802752018 6096.4801355004311 276.61027742922306 1395.9655671715736 1963.830643683672 56.880937099456787
leaf_count=207 587 28750 24947 1473 5821 8209 231
internal_value=2.03886e-05 -0.0029801 -0.00597839 0.0254697 0.0293766 0.0155059 -0.0351972
internal_weight=16882.8 15103 12995.9 1779.77 1672.58 2107.16 107.197
internal_count=70225 62493 53697 7732 7294 8796 438
is_linear=0
shrinkage=0.1


Tree=18
num_leaves=8
num_cat=0
split_feature=4 8 0 10 10 0 6
split_gain=114.789 78.1494 59.4045 41.5901 24.3413 19.2891 15.4536
threshold=1.0000000180025095e-35 1.0000000180025095e-35 1.0000000180025095e-35 1.0000000180025095e-35 1.0000000180025095e-35 1.0000000180025095e-35 1.0000000180025095e-35
decision_type=2 2 2 2 2 2 2
left_child=3 2 -2 5 -3 -1 -5
right_child=1 4 -4 6 -6 -7 -8
leaf_value=-0.029424072530538838 -0.022573283182726799 -0.0039118514943180683 0.0042178195169492068 0.053654174197141524 -0.019169110388510789 0.011660295915738812 0.027343746788239944
leaf_weight=131.43348912894726 908.87740316987038 1597.4271498769522 9155.8783166706562 298.47406335175037 3029.6919040977955 833.67324359714985 902.1741876155138
leaf_count=529 3741 6651 37118 1633 12678 3758 4117
internal_value=1.98514e-05 -0.00314883 0.0017965 0.0215068 -0.0139038 0.00604054 0.0339236
internal_weight=16857.6 14691.9 10064.8 2165.75 4627.12 965.107 1200.65
internal_count=70225 60188 40859 10037 19329 4287 5750
is_linear=0
shrinkage=0.1


Tree=19
num_leaves=8
num_cat=0
split_feature=1 3 10 9 0 4 9
split_gain=100.568 61.034 43.9288 34.2488 25.6672 26.4259 17.7898
threshold=1.0000000180025095e-35 1.0000000180025095e-35 1.0000000180025095e-35 1.0000000180025095e-35 1.0000000180025095e-35 1.0000000180025095e-35 1.0000000180025095e-35
decision_type=2 2 2 2 2 2 2
left_child=4 2 -2 -3 6 -6 -1
right_child=1 3 -4 -5 5 -7 -8
leaf_value=-0.051559705491097653 -0.0042229950910664038 -0.013209305226716254 0.016204472717726601 -0.0014371260529582471 0.040693731982391346 0.015164391593267544 0.011886827224224648
leaf_weight=85.388075366616249 1966.8098747432232 5221.333570882678 2263.3512353897095 4691.9664482176304 508.6701588332653 1997.3848907053471 89.859307885169983
leaf_count=356 8251 21772 9825 18959 2546 8150 366
internal_value=1.93359e-05 -0.00334726 0.00670799 -0.00763824 0.0177723 0.0203604 -0.0191442
internal_weight=16824.8 14143.5 4230.16 9913.3 2681.3 2506.06 175.247
internal_count=70225 58807 18076 40731 11418 10696 722
is_linear=0
shrinkage=0.1


Tree=20
num_leaves=8
num_cat=0
split_feature=2 7 0 0 6 5 9
split_gain=93.0088 63.595 52.3156 31.0104 19.9555 18.9544 4.61016
threshold=1.0000000180025095e-35 1.0000000180025095e-35 1.0000000180025095e-35 1.0000000180025095e-35 1.0000000180025095e-35 1.0000000180025095e-35 1.0000000180025095e-35
decision_type=2 2 2 2 2 2 2
left_child=3 2 -2 6 -5 -3 -1
right_child=1 5 -4 4 -6 -7 -8
leaf_value=-0.052402086251626734 -0.019131093739438384 0.029447926631604948 0.0030304891790037241 0.059483526695407657 0.021637038681358467 -0.016493528828513588 -0.010594912713710276
leaf_weight=49.438621029257774 1181.8679772913456 91.634583726525307 10706.847910359502 153.1816598623991 1493.4315164387226 3060.1971925497055 56.640072360634804
leaf_count=207 4875 438 44147 916 6378 13033 231
internal_value=1.85166e-05 -0.00252245 0.000825962 0.0218126 0.0251918 -0.0151489 -0.0303868
internal_weight=16793.2 15040.5 11888.7 1752.69 1646.61 3151.83 106.079
internal_count=70225 62493 49022 7732 7294 13471 438
is_linear=0
shrinkage=0.1


Tree=21
num_leaves=8
num_cat=0
split_feature=1 9 3 2 0 5 9
split_gain=77.5513 50.4578 30.8204 26.7807 17.9754 21.094 14.2789
threshold=1.0000000180025095e-35 1.0000000180025095e-35 1.0000000180025095e-35 1.0000000180025095e-35 1.0000000180025095e-35 1.0000000180025095e-35 1.0000000180025095e-35
decision_type=2 2 2 2 2 2 2
left_child=4 3 -3 -2 6 -6 -1
right_child=1 2 -4 -5 5 -7 -8
leaf_value=-0.044640652916674156 0.013347585613317789 0.013553613334771517 -0.0011518800783637906 -0.010305384045099298 0.045628898624005605 0.014780411572479141 0.012377436886116783
leaf_weight=84.319986686110497 513.76313100755215 2046.742837369442 4687.5907994508743 6856.2297804802656 245.36047257483006 2243.7201930880547 89.821592181921005
leaf_count=356 2244 8854 18959 28750 1347 9349 366
internal_value=1.74447e-05 -0.00293803 0.00331886 -0.00865495 0.0156648 0.0178384 -0.0153282
internal_weight=16767.5 14104.3 6734.33 7369.99 2663.22 2489.08 174.142
internal_count=70225 58807 27813 30994 11418 10696 722
is_linear=0
shrinkage=0.1


Tree=22
num_leaves=8
num_cat=0
split_feature=4 8 0 10 10 0 6
split_gain=68.2387 50.6175 35.2221 29.5865 20.9467 11.4566 11.2593
threshold=1.0000000180025095e-35 1.0000000180025095e-35 1.0000000180025095e-35 1.0000000180025095e-35 1.0000000180025095e-35 1.0000000180025095e-35 1.0000000180025095e-35
decision_type=2 2 2 2 2 2 2
left_child=3 2 -2 5 -3 -1 -5
right_child=1 4 -4 6 -6 -7 -8
leaf_value=-0.023646958503953423 -0.017299888223804166 -0.0018153053419876749 0.0034293252701122108 0.045020135378740986 -0.016012392369029512 0.0081220606566641731 0.021935130293304225
leaf_weight=130.70164382457733 899.47431613504887 1588.9303292185068 9136.5962491184473 279.26202151179314 3004.5616813451052 821.6792223751545 881.28182500600815
leaf_count=529 3741 6651 37118 1633 12678 3758 4117
internal_value=1.69111e-05 -0.00240967 0.00156995 0.0168113 -0.011103 0.00374195 0.0275241
internal_weight=16742.5 14629.6 10036.1 2112.92 4593.49 952.381 1160.54
internal_count=70225 60188 40859 10037 19329 4287 5750
is_linear=0
shrinkage=0.1


Tree=23
num_leaves=8
num_cat=0
split_feature=2 9 7 3 0 6 9
split_gain=63.3447 46.6279 24.0097 23.1289 23.0554 14.478 3.50219
threshold=1.0000000180025095e-35 1.0000000180025095e-35 1.0000000180025095e-35 1.0000000180025095e-35 1.0000000180025095e-35 1.0000000180025095e-35 1.0000000180025095e-35
decision_type=2 2 2 2 2 2 2
left_child=4 2 -2 -3 6 -6 -1
right_child=1 3 -4 -5 5 -7 -8
leaf_value=-0.046462029587245109 -0.0044428937871139485 0.012537459871476945 -0.017770513012857644 7.5863763417467631e-05 0.051440410972563813 0.018125207112599847 -0.0098285357753381836
leaf_weight=48.658956557512283 6131.6027011275291 2120.0161211639643 1733.3785319179296 5001.3843211829662 142.51716896891594 1480.7131430804729 56.457726910710335
leaf_count=207 25433 9175 7644 20241 916 6378 231
internal_value=1.62311e-05 -0.00207479 -0.00738208 0.00378688 0.018138 0.0210801 -0.0270644
internal_weight=16714.7 14986.4 7864.98 7121.4 1728.35 1623.23 105.117
internal_count=70225 62493 33077 29416 7732 7294 438
is_linear=0
shrinkage=0.1


Tree=24
num_leaves=8
num_cat=0
split_feature=1 7 0 6 0 4 9
split_gain=57.4262 33.8064 33.0329 14.3671 12.6311 14.6086 11.0727
threshold=1.0000000180025095e-35 1.0000000180025095e-35 1.0000000180025095e-35 1.0000000180025095e-35 1.0000000180025095e-35 1.0000000180025095e-35 1.0000000180025095e-35
decision_type=2 2 2 2 2 2 2
left_child=4 2 -2 -3 6 -6 -1
right_child=1 3 -4 -5 5 -7 -8
leaf_value=-0.038642268677268374 -0.016336075788129716 0.046784344732204712 0.0018644601948851311 -0.012718866062481888 0.031008004493356445 0.011578227000829611 0.011782900032561007
leaf_weight=83.043544128537178 1107.5356423556805 40.180057838559151 9926.808472931385 2974.7658373713493 480.39753274619579 1988.0808368325233 89.639645993709564
leaf_count=356 4602 221 41149 12835 2546 8150 366
internal_value=1.53772e-05 -0.00252813 3.6327e-05 -0.0119106 0.013541 0.0153705 -0.0125495
internal_weight=16690.5 14049.3 11034.3 3014.95 2641.16 2468.48 172.683
internal_count=70225 58807 45751 13056 11418 10696 722
is_linear=0
shrinkage=0.1


end of trees

feature_importances:
discharge_disposition_id_lt=_10.5=42
change_lt=_0.5=27
number_inpatient_lt=_0.5=16
number_outpatient_lt=_0.5=15
age_lt=_6.5=14
number_emergency_lt=_0.5=13
number_inpatient_lt=_1.5=13
number_diagnoses_lt=_5.5=13
number_inpatient_lt=_3.5=11
number_inpatient_lt=_2.5=6
number_diagnoses_lt=_6.5=5

parameters:
[boosting: gbdt]
[objective: binary]
[metric: binary_logloss]
[tree_learner: serial]
[device_type: cpu]
[data_sample_strategy: bagging]
[data: ]
[valid: ]
[num_iterations: 25]
[learning_rate: 0.1]
[num_leaves: 31]
[num_threads: 8]
[seed: 42]
[deterministic: 0]
[force_col_wise: 0]
[force_row_wise: 0]
[histogram_pool_size: -1]
[max_depth: 3]
[min_data_in_leaf: 20]
[min_sum_hessian_in_leaf: 0.001]
[bagging_fraction: 1]
[pos_bagging_fraction: 1]
[neg_bagging_fraction: 1]
[bagging_freq: 0]
[bagging_seed: 400]
[bagging_by_query: 0]
[feature_fraction: 1]
[feature_fraction_bynode: 1]
[feature_fraction_seed: 30056]
[extra_trees: 0]
[extra_seed: 12879]
[early_stopping_round: 0]
[early_stopping_min_delta: 0]
[first_metric_only: 0]
[max_delta_step: 0]
[lambda_l1: 0]
[lambda_l2: 1]
[linear_lambda: 0]
[min_gain_to_split: 0]
[drop_rate: 0.1]
[max_drop: 50]
[skip_drop: 0.5]
[xgboost_dart_mode: 0]
[uniform_drop: 0]
[drop_seed: 17869]
[top_rate: 0.2]
[other_rate: 0.1]
[min_data_per_group: 100]
[max_cat_threshold: 32]
[cat_l2: 10]
[cat_smooth: 10]
[max_cat_to_onehot: 4]
[top_k: 20]
[monotone_constraints: ]
[monotone_constraints_method: basic]
[monotone_penalty: 0]
[feature_contri: ]
[forcedsplits_filename: ]
[refit_decay_rate: 0.9]
[cegb_tradeoff: 1]
[cegb_penalty_split: 0]
[cegb_penalty_feature_lazy: ]
[cegb_penalty_feature_coupled: ]
[path_smooth: 0]
[interaction_constraints: ]
[verbosity: -1]
[saved_feature_importance_type: 0]
[use_quantized_grad: 0]
[num_grad_quant_bins: 4]
[quant_train_renew_leaf: 0]
[stochastic_rounding: 1]
[linear_tree: 0]
[max_bin: 255]
[max_bin_by_feature: ]
[min_data_in_bin: 3]
[bin_construct_sample_cnt: 200000]
[data_random_seed: 175]
[is_enable_sparse: 1]
[enable_bundle: 1]
[use_missing: 1]
[zero_as_missing: 0]
[feature_pre_filter: 1]
[pre_partition: 0]
[two_round: 0]
[header: 0]
[label_column: ]
[weight_column: ]
[group_column: ]
[ignore_column: ]
[categorical_feature: ]
[forcedbins_filename: ]
[precise_float_parser: 0]
[parser_config_file: ]
[objective_seed: 16083]
[num_class: 1]
[is_unbalance: 0]
[scale_pos_weight: 1]
[sigmoid: 1]
[boost_from_average: 1]
[reg_sqrt: 0]
[alpha: 0.9]
[fair_c: 1]
[poisson_max_delta_step: 0.7]
[tweedie_variance_power: 1.5]
[lambdarank_truncation_level: 30]
[lambdarank_norm: 1]
[label_gain: ]
[lambdarank_position_bias_regularization: 0]
[eval_at: ]
[multi_error_top_k: 1]
[auc_mu_weights: ]
[num_machines: 1]
[local_listen_port: 12400]
[time_out: 120]
[machine_list_filename: ]
[machines: ]
[gpu_platform_id: -1]
[gpu_device_id: -1]
[gpu_use_dp: 0]
[num_gpu: 1]

end of parameters

pandas_categorical:[]
