tree
version=v4
num_class=1
num_tree_per_iteration=1
label_index=0
max_feature_idx=69
objective=binary sigmoid:1
feature_names=V3_lt=_1.2198981046676636 V3_lt=_1.2530920505523682 V4_lt=_-0.4713319092988968 V4_lt=_-0.46976254880428314 V4_lt=_-0.45784682035446167 V4_lt=_-0.4560656398534775 V4_lt=_-0.26174306869506836 V4_lt=_-0.24416956305503845 V4_lt=_-0.18242227286100388 V4_lt=_-0.09988194331526756 V4_lt=_-0.07750282809138298 V4_lt=_-0.06323166564106941 V4_lt=_-0.03460181504487991 V4_lt=_0.05699341371655464 V4_lt=_0.3752809464931488 V4_lt=_0.38157644867897034 V4_lt=_0.6149967312812805 V4_lt=_0.7523619830608368 V4_lt=_0.7563583552837372 V4_lt=_0.7911962270736694 V4_lt=_1.5319359302520752 V4_lt=_1.574686348438263 V4_lt=_1.662422001361847 V4_lt=_1.6727799773216248 V4_lt=_1.6730803847312927 V4_lt=_1.6956751942634583 V4_lt=_1.779853105545044 V7_lt=_1.0921882390975952 V7_lt=_2.096619963645935 V7_lt=_2.1766912937164307 V8_lt=_-0.7664555907249451 V8_lt=_-0.6077740788459778 V8_lt=_-0.4568992853164673 V8_lt=_-0.45575150847435 V8_lt=_0.20063983649015427 V8_lt=_0.2713486850261688 V8_lt=_0.27248212695121765 V10_lt=_-1.7240893840789795 V10_lt=_-1.702573299407959 V10_lt=_-1.4274442195892334 V10_lt=_0.567154198884964 V11_lt=_0.28784188628196716 V12_lt=_-1.4592942595481873 V12_lt=_-0.24677349627017975 V12_lt=_-0.22093023359775543 V12_lt=_-0.08555150032043457 V12_lt=_-0.07579305022954941 V12_lt=_0.3119194656610489 V14_lt=_-2.7358014583587646 V14_lt=_-1.8273465633392334 V14_lt=_-1.812438189983368 V14_lt=_-1.7704376578330994 V14_lt=_-1.7583861351013184 V14_lt=_-1.5734373927116394 V14_lt=_-1.4366859793663025 V14_lt=_-1.4205476641654968 V14_lt=_-1.3845648169517517 V14_lt=_-0.8144704699516296 V14_lt=_-0.7452503144741058 V14_lt=_-0.7145193219184875 V14_lt=_-0.6914466023445129 V14_lt=_-0.663888156414032 V14_lt=_-0.6215752959251404 V14_lt=_-0.4301060438156128 V17_lt=_-1.7784389853477478 V17_lt=_0.714995414018631 V20_lt=_-0.8322816491127014 V26_lt=_-0.18282698839902878 Amount_lt=_0.5276917517185211 V22_lt=_4.96277642250061
feature_infos=[0:1] [0:1] [0:1] [0:1] [0:1] [0:1] [0:1] [0:1] [0:1] [0:1] [0:1] [0:1] [0:1] [0:1] [0:1] [0:1] [0:1] [0:1] [0:1] [0:1] [0:1] [0:1] [0:1] [0:1] [0:1] [0:1] [0:1] [0:1] [0:1] [0:1] [0:1] [0:1] [0:1] [0:1] [0:1] [0:1] [0:1] [0:1] [0:1] [0:1] [0:1] [0:1] [0:1] [0:1] [0:1] [0:1] [0:1] [0:1] [0:1] [0:1] [0:1] [0:1] [0:1] [0:1] [0:1] [0:1] [0:1] [0:1] [0:1] [0:1] [0:1] [0:1] [0:1] [0:1] [0:1] [0:1] [0:1] [0:1] [0:1] [0:1]
tree_sizes=941 1026 1031 1028 1037 1032 1037 1035 1037 1033 1035 1037 1039 1040 1035 1034 1036 1037 1029 1034 1040 1039 1031 1045 923

Tree=0
num_leaves=8
num_cat=0
split_feature=50 18 44 4 42 28 2
split_gain=263206 9858.31 8351.75 6196.26 2464.95 986.766 27.6623
threshold=1.0000000180025095e-35 1.0000000180025095e-35 1.0000000180025095e-35 1.0000000180025095e-35 1.0000000180025095e-35 1.0000000180025095e-35 1.0000000180025095e-35
decision_type=2 2 2 2 2 2 2
left_child=1 2 -1 4 -2 -3 -5
right_child=3 5 -4 6 -6 -7 -8
leaf_value=-0.14822230112455148 0.11613807755613105 -0.063282416737001343 0.0038074165615783681 -0.023995008795471021 0.19946860469009864 -0.18596560777353027 -0.18334713242070388
leaf_weight=8918.75 3935 669.75 6074 11.499999999999998 36729.25 34198.5 443.5
leaf_count=35675 15740 2679 24296 46 146917 136794 1774
internal_value=5.49691e-06 -0.154453 -0.0866345 0.187301 0.191408 -0.183611 -0.179381
internal_weight=90980.2 49861 14992.8 41119.2 40664.2 34868.2 455
internal_count=363921 199444 59971 164477 162657 139473 1820
is_linear=0
shrinkage=1


Tree=1
num_leaves=8
num_cat=0
split_feature=51 18 44 4 37 29 2
split_gain=215124 8014.17 6676 5502.78 2232.16 817.5 26.2161
threshold=1.0000000180025095e-35 1.0000000180025095e-35 1.0000000180025095e-35 1.0000000180025095e-35 1.0000000180025095e-35 1.0000000180025095e-35 1.0000000180025095e-35
decision_type=2 2 2 2 2 2 2
left_child=1 2 -1 4 -2 -3 -5
right_child=3 5 -4 6 -6 -7 -8
leaf_value=-0.13436395990478986 0.10131250815154452 -0.052750536873262734 0.0021011768868331058 -0.018819021430472007 0.18133933574423924 -0.16901704902214476 -0.16719386472932765
leaf_weight=8855.2735576629639 3857.7179311513901 616.88217669725418 6022.7281019836664 12.489748448133467 36536.445738941431 33878.617763668299 476.73857986927032
leaf_count=35616 15507 2470 24091 50 147576 136688 1923
internal_value=3.87787e-06 -0.14048 -0.0791254 0.169661 0.173699 -0.166939 -0.163452
internal_weight=90256.9 49373.5 14878 40883.4 40394.2 34495.5 489.228
internal_count=363921 198865 59707 165056 163083 139158 1973
is_linear=0
shrinkage=0.1


Tree=2
num_leaves=8
num_cat=0
split_feature=52 20 9 34 61 40 39
split_gain=178455 6997.22 4849.72 3449.65 2895.19 1729.36 649.43
threshold=1.0000000180025095e-35 1.0000000180025095e-35 1.0000000180025095e-35 1.0000000180025095e-35 1.0000000180025095e-35 1.0000000180025095e-35 1.0000000180025095e-35
decision_type=2 2 2 2 2 2 2
left_child=1 3 5 -1 -3 -2 -4
right_child=2 4 6 -5 -6 -7 -8
leaf_value=-0.13964694034594483 -0.20228732084986364 -0.15593101093067219 -0.14299265361259866 0.017392422140861331 -0.086457195122452646 0.16278518923652188 0.047168462033166637
leaf_weight=2043.5680005550385 129.38609571754932 34718.528539523482 566.34157827496529 4428.256716966629 7256.4269060194492 38984.844254374504 262.18051221966743
leaf_count=8277 524 142795 2325 17849 29787 161291 1073
internal_value=1.62981e-05 -0.129001 0.156501 -0.0322088 -0.143923 0.161572 -0.0828331
internal_weight=88389.5 48446.8 39942.8 6471.82 41975 39114.2 828.522
internal_count=363921 198708 165213 26126 172582 161815 3398
is_linear=0
shrinkage=0.1


Tree=3
num_leaves=8
num_cat=0
split_feature=50 17 59 8 38 12 39
split_gain=149583 6627.11 6249.5 3705.85 1617.37 868.266 456.322
threshold=1.0000000180025095e-35 1.0000000180025095e-35 1.0000000180025095e-35 1.0000000180025095e-35 1.0000000180025095e-35 1.0000000180025095e-35 1.0000000180025095e-35
decision_type=2 2 2 2 2 2 2
left_child=1 2 -1 4 -2 -3 -5
right_child=3 5 -4 6 -6 -7 -8
leaf_value=-0.096856185490515778 0.085744901790801992 -0.12194286411188388 0.06240242860273218 -0.1375342235352249 0.1575744247788754 -0.15592539311853762 0.03921921890326855
leaf_weight=11545.447022080421 3454.9932204335928 11751.908595994115 3131.7043463289738 475.95344352722168 34243.322832539678 21006.931592702866 209.99819411337376
leaf_count=47456 14362 49964 12717 1998 147254 89307 863
internal_value=3.88162e-05 -0.11872 -0.0628728 0.146802 0.150994 -0.143739 -0.0834444
internal_weight=85820.3 47436 14677.2 38384.3 37698.3 32758.8 685.952
internal_count=363921 199444 60173 164477 161616 139271 2861
is_linear=0
shrinkage=0.1


Tree=4
num_leaves=8
num_cat=0
split_feature=53 17 31 10 42 68 2
split_gain=126538 5368.54 5137.22 4906.25 1744.96 850.222 537.578
threshold=1.0000000180025095e-35 1.0000000180025095e-35 1.0000000180025095e-35 1.0000000180025095e-35 1.0000000180025095e-35 1.0000000180025095e-35 1.0000000180025095e-35
decision_type=2 2 2 2 2 2 2
left_child=1 2 -1 4 -2 -3 -5
right_child=3 5 -4 6 -6 -7 -8
leaf_value=-0.085955307393103794 0.078775431057874906 -0.085983771246889495 0.088068511793465587 0.0075023599172241162 0.1492735319117465 -0.14153154926097644 -0.13923235376780368
leaf_weight=12147.986882254481 3938.6416447907686 3063.1157182753086 1970.7959552407265 421.80967524647713 32612.642963096499 27959.295451536775 610.47360301017761
leaf_count=50551 16709 13429 8029 1749 146944 123840 2670
internal_value=6.51657e-05 -0.112785 -0.0616594 0.135607 0.141679 -0.13605 -0.0793247
internal_weight=82724.8 45141.2 14118.8 37583.6 36551.3 31022.4 1032.28
internal_count=363921 195849 58580 168072 163653 137269 4419
is_linear=0
shrinkage=0.1


Tree=5
num_leaves=8
num_cat=0
split_feature=50 21 42 26 35 61 40
split_gain=107625 5517.62 3053.28 3023.19 2693.08 2604.32 250.261
threshold=1.0000000180025095e-35 1.0000000180025095e-35 1.0000000180025095e-35 1.0000000180025095e-35 1.0000000180025095e-35 1.0000000180025095e-35 1.0000000180025095e-35
decision_type=2 2 2 2 2 2 2
left_child=1 4 3 -2 -1 -3 -4
right_child=2 5 6 -5 -6 -7 -8
leaf_value=-0.12954786551461414 0.13420831884287118 -0.12961583275442098 -0.18762399240980365 -0.039385703029959654 0.022794098820048656 -0.061814276051722475 0.14239667452123148
leaf_weight=1548.210828691721 2052.8751863390207 31314.134146168828 22.180848121643066 1960.4596727639437 4622.8332826793194 6919.9043074250221 30865.321500167251
leaf_count=6583 8962 143499 96 8496 18851 30511 146923
internal_value=9.15078e-05 -0.103185 0.131492 0.0494213 -0.0154407 -0.117346 0.142154
internal_weight=79305.9 44405.1 34900.8 4013.33 6171.04 38234 30887.5
internal_count=363921 199444 164477 17458 25434 174010 147019
is_linear=0
shrinkage=0.1


Tree=6
num_leaves=8
num_cat=0
split_feature=54 10 17 45 40 68 39
split_gain=92267.8 5040.17 4466.03 4354.68 1811.55 875.229 510.47
threshold=1.0000000180025095e-35 1.0000000180025095e-35 1.0000000180025095e-35 1.0000000180025095e-35 1.0000000180025095e-35 1.0000000180025095e-35 1.0000000180025095e-35
decision_type=2 2 2 2 2 2 2
left_child=2 4 3 -1 -2 -4 -3
right_child=1 6 5 -5 -6 -7 -8
leaf_value=-0.10695301116579943 -0.18248967389045156 -0.12072952862441817 -0.070816319831529348 0.0074760970899665508 0.12976455054864972 -0.12955901219886071 0.026735397134299323
leaf_weight=7088.0161150097847 186.0128056704998 872.47946172952652 2826.5013318508863 6264.4374354332685 33126.640890881419 25057.429857358336 320.57942555844784
leaf_count=31538 758 3981 13298 25841 164873 122262 1370
internal_value=0.000127788 0.120783 -0.100834 -0.0532709 0.128016 -0.123607 -0.0811159
internal_weight=75742.1 34505.7 41236.4 13352.5 33312.7 27883.9 1193.06
internal_count=363921 170982 192939 57379 165631 135560 5351
is_linear=0
shrinkage=0.1


Tree=7
num_leaves=8
num_cat=0
split_feature=49 15 63 42 26 29 40
split_gain=79197.8 4974.33 5688.45 2837.81 2464.94 556.296 191.08
threshold=1.0000000180025095e-35 1.0000000180025095e-35 1.0000000180025095e-35 1.0000000180025095e-35 1.0000000180025095e-35 1.0000000180025095e-35 1.0000000180025095e-35
decision_type=2 2 2 2 2 2 2
left_child=1 2 -1 4 -2 -3 -5
right_child=3 5 -4 6 -6 -7 -8
leaf_value=-0.088514786587087141 0.12017070470158271 -0.013532991309322959 0.033206693425632754 -0.16243055141622526 -0.042289802183722164 -0.12457274893538184 0.13211814719825135
leaf_weight=12905.81622107327 1866.2524982243776 460.79313649237156 5464.4191201329231 21.242861181497574 1867.6608209758997 22221.76921723783 27275.646820798516
leaf_count=59444 8914 2074 23725 96 8322 114440 146906
internal_value=0.000137816 -0.0909917 -0.0523076 0.120698 0.0389202 -0.122318 0.131883
internal_weight=72083.6 41052.8 18370.2 31030.8 3733.91 22682.6 27296.9
internal_count=363921 199683 83169 164238 17236 116514 147002
is_linear=0
shrinkage=0.1


Tree=8
num_leaves=8
num_cat=0
split_feature=55 42 17 32 26 66 40
split_gain=68296.5 4321.39 3993.26 3787.96 2700.79 939.187 227.208
threshold=1.0000000180025095e-35 1.0000000180025095e-35 1.0000000180025095e-35 1.0000000180025095e-35 1.0000000180025095e-35 1.0000000180025095e-35 1.0000000180025095e-35
decision_type=2 2 2 2 2 2 2
left_child=2 4 3 -1 -2 -4 -3
right_child=1 6 5 -5 -6 -7 -8
leaf_value=-0.069614587098392564 0.11510342015071513 -0.15393266192897551 -0.11662577171986813 0.073206602356050435 -0.032883081945993244 -0.0022312530759026391 0.12800696215955923
leaf_weight=10597.907672151923 2070.8818154484034 27.820814475417137 24179.354871973395 2250.6701551675797 3045.9362971931696 739.69232837855816 25564.526415243745
leaf_count=47815 10132 131 131452 9407 13621 3886 147477
internal_value=0.000171008 0.110921 -0.0898817 -0.044593 0.0270209 -0.11323 0.127694
internal_weight=68476.8 30709.2 37767.6 12848.6 5116.82 24919 25592.3
internal_count=363921 171361 192560 57222 23753 135338 147608
is_linear=0
shrinkage=0.1


Tree=9
num_leaves=8
num_cat=0
split_feature=55 42 17 45 26 68 40
split_gain=58907.1 4080.73 3766.88 3714.19 2300.13 931.116 199.576
threshold=1.0000000180025095e-35 1.0000000180025095e-35 1.0000000180025095e-35 1.0000000180025095e-35 1.0000000180025095e-35 1.0000000180025095e-35 1.0000000180025095e-35
decision_type=2 2 2 2 2 2 2
left_child=2 4 3 -1 -2 -4 -3
right_child=1 6 5 -5 -6 -7 -8
leaf_value=-0.093432564568559806 0.10894254391938146 -0.14617613196510981 -0.05087754487390056 0.015035067999381696 -0.029625423485953779 -0.11547333778394492 0.12446695585221712
leaf_weight=6513.3590038269758 1974.3035119473934 26.488955467939377 2499.8586562424898 6124.840647354722 3043.0448965579271 20962.920203447342 23755.49204736948
leaf_count=31467 10132 131 13284 25755 13621 122054 147477
internal_value=0.000205408 0.10687 -0.0848863 -0.040869 0.0249113 -0.108593 0.124159
internal_weight=64900.3 28799.3 36101 12638.2 5017.35 23462.8 23782
internal_count=363921 171361 192560 57222 23753 135338 147608
is_linear=0
shrinkage=0.1


Tree=10
num_leaves=8
num_cat=0
split_feature=50 15 45 37 26 29 2
split_gain=50990.3 4363.59 4675.37 2615.38 1652.07 551.595 219.279
threshold=1.0000000180025095e-35 1.0000000180025095e-35 1.0000000180025095e-35 1.0000000180025095e-35 1.0000000180025095e-35 1.0000000180025095e-35 1.0000000180025095e-35
decision_type=2 2 2 2 2 2 2
left_child=1 2 -1 4 -2 -3 -5
right_child=3 5 -4 6 -6 -7 -8
leaf_value=-0.087970853979209798 0.099506163128538022 0.0020724000061024764 0.017015173585663061 0.12143634133079345 -0.041424729339335588 -0.11210621167528967 -0.14885376504824965
leaf_weight=9232.8287236988544 1594.0031575858593 432.9938191473484 7845.6952912658453 22067.674773082137 1737.4962100237608 18463.455197438598 29.256987601518631
leaf_count=48308 9019 2070 34743 147537 7796 114323 125
internal_value=0.000232158 -0.0763809 -0.0397432 0.108619 0.0260153 -0.10949 0.121072
internal_weight=61403.4 35975 17078.5 25428.4 3331.5 18896.4 22096.9
internal_count=363921 199444 83051 164477 16815 116393 147662
is_linear=0
shrinkage=0.1


Tree=11
num_leaves=8
num_cat=0
split_feature=56 42 13 45 65 28 2
split_gain=44446.5 3697.39 3332.5 3987.41 1926.81 429.329 176.212
threshold=1.0000000180025095e-35 1.0000000180025095e-35 1.0000000180025095e-35 1.0000000180025095e-35 1.0000000180025095e-35 1.0000000180025095e-35 1.0000000180025095e-35
decision_type=2 2 2 2 2 2 2
left_child=2 4 3 -1 -2 -4 -3
right_child=1 6 5 -5 -6 -7 -8
leaf_value=-0.089451841146017286 0.049332659906578522 0.11887427081048366 -0.0073864020911567204 0.0031729768540079669 -0.12104272162251879 -0.11692542742264217 -0.13196878643034751
leaf_weight=10752.03261256218 4145.7975130528212 20364.389799267054 367.73289196193218 8185.5904815346003 789.30754248797894 13448.272794336081 27.267198383808136
leaf_count=61723 20529 147523 1795 38182 3977 90046 146
internal_value=0.000256774 0.0997365 -0.0766667 -0.0494177 0.0220643 -0.114011 0.118532
internal_weight=58080.4 25326.8 32753.6 18937.6 4935.11 13816 20391.7
internal_count=363921 172175 191746 99905 24506 91841 147669
is_linear=0
shrinkage=0.1


Tree=12
num_leaves=8
num_cat=0
split_feature=48 62 6 32 47 40 40
split_gain=38706.8 5170.65 4336.65 2785.94 876.433 712.737 8.66879
threshold=1.0000000180025095e-35 1.0000000180025095e-35 1.0000000180025095e-35 1.0000000180025095e-35 1.0000000180025095e-35 1.0000000180025095e-35 1.0000000180025095e-35
decision_type=2 2 2 2 2 2 2
left_child=1 3 -3 -1 6 -6 -2
right_child=4 2 -4 -5 5 -7 -8
leaf_value=-0.099086088547668483 -0.16452932600115081 0.042071833007896492 -0.10984493113803091 -0.00059753075499704934 -0.16707375653251003 0.11403356133450099 -0.27170004605420839
leaf_weight=22282.870224475861 16.132906407117844 6828.1660481393337 2591.3678205907345 3297.0720692723989 89.771304920315742 19765.933966383338 50.342703208327293
leaf_count=142092 72 33533 16245 18317 433 153007 222
internal_value=0.000268096 -0.0630687 0.000271436 -0.0863921 0.111536 0.112754 -0.248515
internal_weight=54921.7 34999.5 9419.53 25579.9 19922.2 19855.7 66.4756
internal_count=363921 210187 49778 160409 153734 153440 294
is_linear=0
shrinkage=0.1


Tree=13
num_leaves=8
num_cat=0
split_feature=48 62 7 32 38 26 41
split_gain=33753.8 4534.69 3697.29 2530.03 835.97 1417.21 88.9862
threshold=1.0000000180025095e-35 1.0000000180025095e-35 1.0000000180025095e-35 1.0000000180025095e-35 1.0000000180025095e-35 1.0000000180025095e-35 1.0000000180025095e-35
decision_type=2 2 2 2 2 2 2
left_child=1 3 -3 -1 5 -2 -6
right_child=4 2 -4 -5 6 -7 -8
leaf_value=-0.094761973299705801 0.099935916566542216 0.038086009140891136 -0.10478488378286527 -0.00053793198849182698 0.11521889021239469 -0.1316926951991983 -0.068984938796625886
leaf_weight=21035.067322582006 878.01974537968636 6819.8316589444876 2465.2596105709672 3296.2764499932528 17117.4056224823 376.66270157694817 25.656351648271084
leaf_count=142092 6010 33339 16439 18317 145772 1780 172
internal_value=0.000284409 -0.0593097 0.000145544 -0.0819976 0.109172 0.0303502 0.114939
internal_weight=52014.2 33616.4 9285.09 24331.3 18397.7 1254.68 17143.1
internal_count=363921 210187 49778 160409 153734 7790 145944
is_linear=0
shrinkage=0.1


Tree=14
num_leaves=8
num_cat=0
split_feature=37 13 63 8 39 29 47
split_gain=29625.9 4495.43 4539.55 1419.45 322.173 316.581 241.166
threshold=1.0000000180025095e-35 1.0000000180025095e-35 1.0000000180025095e-35 1.0000000180025095e-35 1.0000000180025095e-35 1.0000000180025095e-35 1.0000000180025095e-35
decision_type=2 2 2 2 2 2 2
left_child=1 2 -1 6 -3 -5 -2
right_child=3 4 -4 5 -6 -7 -8
leaf_value=-0.065298348358798247 -0.051839861317974592 -0.1077091711734911 0.031175254710541469 0.10345031701493686 -0.025708289705414635 -0.10339583317370671 0.11353948265387177
leaf_weight=12321.926115348935 88.124662354588509 11483.623391710222 8071.9209044873714 90.967104762792587 500.74896544963121 380.05120387673378 16316.532676391304
leaf_count=75316 471 91108 41571 433 3338 2767 148917
internal_value=0.00031041 -0.0556805 -0.0271143 0.107733 -0.104285 -0.0633134 0.112648
internal_weight=49253.9 32378.2 20393.8 16875.7 11984.4 471.018 16404.7
internal_count=363921 211333 116887 152588 94446 3200 149388
is_linear=0
shrinkage=0.1


Tree=15
num_leaves=8
num_cat=0
split_feature=37 25 63 41 9 29 47
split_gain=25914.2 4323.43 2314.65 2020.38 1284.29 313.881 192.892
threshold=1.0000000180025095e-35 1.0000000180025095e-35 1.0000000180025095e-35 1.0000000180025095e-35 1.0000000180025095e-35 1.0000000180025095e-35 1.0000000180025095e-35
decision_type=2 2 2 2 2 2 2
left_child=1 3 -3 -1 6 -6 -2
right_child=4 2 -4 -5 5 -7 -8
leaf_value=0.082273015730268337 -0.041890606896536911 -0.092332007407557148 -0.02852392514043996 -0.034501534949568716 0.09668621575113151 -0.096805487067112464 0.11181573914527504
leaf_weight=2995.4865209013224 81.620013333857059 16534.508538044989 8665.5399549379945 2929.9070830792189 106.71357950568199 378.8259759247303 14966.835869036615
leaf_count=16868 438 128441 51944 14080 494 2892 148764
internal_value=0.000327313 -0.0523205 -0.0703923 0.0245359 0.105814 -0.0541679 0.110979
internal_weight=46659.4 31125.4 25200 5925.39 15534 485.54 15048.5
internal_count=363921 211333 180385 30948 152588 3386 149202
is_linear=0
shrinkage=0.1


Tree=16
num_leaves=8
num_cat=0
split_feature=37 12 34 14 64 39 28
split_gain=22674.2 4178.14 3830.58 1181.93 332.02 318.13 126.004
threshold=1.0000000180025095e-35 1.0000000180025095e-35 1.0000000180025095e-35 1.0000000180025095e-35 1.0000000180025095e-35 1.0000000180025095e-35 1.0000000180025095e-35
decision_type=2 2 2 2 2 2 2
left_child=1 2 -1 6 -5 -3 -2
right_child=3 5 -4 4 -6 -7 -8
leaf_value=-0.10177418460207842 -0.023368373674082885 -0.10600868606389663 0.0014212299725526246 -0.066003188229644821 0.11466779658275639 -0.020237213492560163 0.11089936860926178
leaf_weight=4697.5672969594598 69.936215743422508 9477.4811094403267 15342.857852011919 504.86344716697931 126.3575763553381 453.66111993789673 13585.541668593884
leaf_count=30594 316 85882 91637 3564 1177 3220 147531
internal_value=0.000359435 -0.0490578 -0.0227721 0.104026 -0.0297124 -0.102093 0.11021
internal_weight=44258.3 29971.6 20040.4 14286.7 631.221 9931.14 13655.5
internal_count=363921 211333 122231 152588 4741 89102 147847
is_linear=0
shrinkage=0.1


Tree=17
num_leaves=8
num_cat=0
split_feature=37 12 46 14 39 64 28
split_gain=19843.7 3899.03 3623.93 1078.59 309.99 286.495 119.005
threshold=1.0000000180025095e-35 1.0000000180025095e-35 1.0000000180025095e-35 1.0000000180025095e-35 1.0000000180025095e-35 1.0000000180025095e-35 1.0000000180025095e-35
decision_type=2 2 2 2 2 2 2
left_child=1 2 -1 6 -3 -5 -2
right_child=3 4 -4 5 -6 -7 -8
leaf_value=-0.06148859356819384 -0.021051428415536991 -0.10369861548090231 0.024140012750764606 -0.06130863596243849 -0.018430747075468511 0.11269593891020974 0.1094457521149097
leaf_weight=10396.771480076015 69.977764301002026 8756.9027405455709 9419.4339560866356 490.04521763324738 448.68484981358051 116.24778797477484 12447.656999714673
leaf_count=71572 316 85882 50659 3564 3220 1177 147531
internal_value=0.000371586 -0.0457711 -0.0207867 0.102406 -0.0995451 -0.0278152 0.108715
internal_weight=42145.7 29021.8 19816.2 13123.9 9205.59 606.293 12517.6
internal_count=363921 211333 122231 152588 89102 4741 147847
is_linear=0
shrinkage=0.1


Tree=18
num_leaves=8
num_cat=0
split_feature=48 7 63 42 26 28 40
split_gain=17408.8 3567.83 3674.1 758.607 940.52 554.763 59.5488
threshold=1.0000000180025095e-35 1.0000000180025095e-35 1.0000000180025095e-35 1.0000000180025095e-35 1.0000000180025095e-35 1.0000000180025095e-35 1.0000000180025095e-35
decision_type=2 2 2 2 2 2 2
left_child=1 2 -1 4 -2 -3 -5
right_child=3 5 -4 6 -6 -7 -8
leaf_value=-0.05479215835958904 0.093197946002813989 0.030648849700478844 0.032865354944499679 -0.1292226494555859 -0.09110572258512345 -0.10650355537512537 0.10840270822937455
leaf_weight=12432.553869366646 732.95044396072626 306.74146979302168 7768.7041608989239 9.7637387588620168 443.66203428059816 7402.5345980301499 11011.9473336339
leaf_count=88830 6216 1801 40770 61 2247 78786 145210
internal_value=0.000382844 -0.0431713 -0.0210822 0.100033 0.0236847 -0.101043 0.108181
internal_weight=40108.9 27910.5 20201.3 12198.3 1176.61 7709.28 11021.7
internal_count=363921 210187 129600 153734 8463 80587 145271
is_linear=0
shrinkage=0.1


Tree=19
num_leaves=8
num_cat=0
split_feature=37 34 7 47 26 16 26
split_gain=15433.2 3413.28 3464.59 946.822 496.249 279.832 112.805
threshold=1.0000000180025095e-35 1.0000000180025095e-35 1.0000000180025095e-35 1.0000000180025095e-35 1.0000000180025095e-35 1.0000000180025095e-35 1.0000000180025095e-35
decision_type=2 2 2 2 2 2 2
left_child=1 4 -3 6 -1 -5 -2
right_child=3 2 -4 5 -6 -7 -8
leaf_value=-0.047933328728761 0.070254715567351134 0.0027995039243743024 -0.096129585934794884 0.10755552644466163 -0.11476821381092593 0.026747416034109312 -0.12195785555344832
leaf_weight=1396.595531269908 35.02838622033596 15643.936585828662 4574.3133634999394 10385.65366833657 5470.4698397666216 447.78705387562513 209.93895388394594
leaf_count=8255 156 99064 51193 146605 52821 3912 1915
internal_value=0.000392621 -0.0402774 -0.0195865 0.0998204 -0.101185 0.104218 -0.0942991
internal_weight=38163.7 27085.3 20218.2 11078.4 6867.07 10833.4 244.967
internal_count=363921 211333 150257 152588 61076 150517 2071
is_linear=0
shrinkage=0.1


Tree=20
num_leaves=8
num_cat=0
split_feature=25 41 63 68 5 1 40
split_gain=13601.8 3567.65 3184.51 2801.11 2191 1122.74 905.121
threshold=1.0000000180025095e-35 1.0000000180025095e-35 1.0000000180025095e-35 1.0000000180025095e-35 1.0000000180025095e-35 1.0000000180025095e-35 1.0000000180025095e-35
decision_type=2 2 2 2 2 2 2
left_child=1 6 3 -2 -4 -3 -1
right_child=2 5 4 -5 -6 -7 -8
leaf_value=-0.0085015496516143239 0.033427754500881167 -0.13614927550739073 0.022048078707667337 -0.098846748186510514 -0.10248610198482094 0.010867921414762555 0.10768588224685552
leaf_weight=714.40729466825724 1864.0984378233552 684.08562187105417 7116.2015578374267 11321.255321390927 1761.62879037112 2147.9815300777555 10869.446381181479
leaf_count=3710 14236 3498 46091 116637 19639 10774 149336
internal_value=0.000385037 0.0759242 -0.0489729 -0.0801451 -0.00267201 -0.0246796 0.10052
internal_weight=36479.1 14415.9 22063.2 13185.4 8877.83 2832.07 11583.9
internal_count=363921 167318 196603 130873 65730 14272 153046
is_linear=0
shrinkage=0.1


Tree=21
num_leaves=8
num_cat=0
split_feature=37 35 7 16 64 26 28
split_gain=12009.3 3134.85 2984.13 802.108 298.382 227.708 108.894
threshold=1.0000000180025095e-35 1.0000000180025095e-35 1.0000000180025095e-35 1.0000000180025095e-35 1.0000000180025095e-35 1.0000000180025095e-35 1.0000000180025095e-35
decision_type=2 2 2 2 2 2 2
left_child=1 5 -3 6 -5 -1 -2
right_child=3 2 -4 4 -6 -7 -8
leaf_value=-0.064373943615652449 -0.026887506314169331 0.0017057169944192227 -0.092896744716495894 -0.054518793971736174 0.10789359091548612 -0.1168489556357504 0.1057180364826556
leaf_weight=1048.2043977081776 62.004111535847187 16108.119913414121 4203.7218805849552 455.30666473507881 149.41756866872311 3995.1111101061106 8701.5937892533839
leaf_count=6547 285 105664 54485 3722 2005 44637 146576
internal_value=0.000347556 -0.0354001 -0.0178767 0.0970912 -0.0142774 -0.105957 0.104777
internal_weight=34723.5 25355.2 20311.8 9368.32 604.724 5043.32 8763.6
internal_count=363921 211333 160149 152588 5727 51184 146861
is_linear=0
shrinkage=0.1


Tree=22
num_leaves=8
num_cat=0
split_feature=57 42 66 27 36 46 40
split_gain=10634 3030.87 2758.66 1942.23 1721.35 1416.22 189.902
threshold=1.0000000180025095e-35 1.0000000180025095e-35 1.0000000180025095e-35 1.0000000180025095e-35 1.0000000180025095e-35 1.0000000180025095e-35 1.0000000180025095e-35
decision_type=2 2 2 2 2 2 2
left_child=2 4 3 -1 -2 -4 -3
right_child=1 6 5 -5 -6 -7 -8
leaf_value=0.031085724776240616 -0.11209631818268154 -0.14266601170081111 -0.07048217737595322 -0.072773130869725644 0.033388562545436339 0.1915615884394386 0.10442343780282781
leaf_weight=2042.586750049144 940.55328925698996 30.400104895234108 295.09175676107407 15165.190750103444 5968.458195105195 680.67864116281271 8163.8715839162469
leaf_count=15115 7054 250 2635 150041 36731 3588 148507
internal_value=0.000343689 0.0623592 -0.0511671 -0.0604439 0.0135697 0.112323 0.103489
internal_weight=33286.8 15103.3 18183.5 17207.8 6909.01 975.77 8194.27
internal_count=363921 192542 171379 165156 43785 6223 148757
is_linear=0
shrinkage=0.1


Tree=23
num_leaves=8
num_cat=0
split_feature=26 41 63 68 5 1 40
split_gain=9628.81 2752.7 2529.07 2519.3 1701.91 930.959 764.335
threshold=1.0000000180025095e-35 1.0000000180025095e-35 1.0000000180025095e-35 1.0000000180025095e-35 1.0000000180025095e-35 1.0000000180025095e-35 1.0000000180025095e-35
decision_type=2 2 2 2 2 2 2
left_child=1 6 3 -2 -4 -3 -1
right_child=2 5 4 -5 -6 -7 -8
leaf_value=-0.0051902342723506032 0.033896847146320616 -0.13063019176337992 0.019984892905452217 -0.092637484902558617 -0.098424917790860336 0.013246930256139631 0.10588318151106149
leaf_weight=668.00983795523643 1877.447776325047 580.27901259064674 7062.6743394955993 9703.3559144772589 1464.7139940075576 1986.485693436116 8519.9138201028109
leaf_count=3624 14454 3256 47922 117172 19639 10185 147669
internal_value=0.000336901 0.0722327 -0.0416929 -0.0721229 -0.000363023 -0.0193182 0.0978079
internal_weight=31862.9 11754.7 20108.2 11580.8 8527.39 2566.76 9187.92
internal_count=363921 164734 199187 131626 67561 13441 151293
is_linear=0
shrinkage=0.1


Tree=24
num_leaves=7
num_cat=0
split_feature=64 24 67 1 43 2
split_gain=8327.44 2789.34 2711.78 1254.11 65.4627 33.6625
threshold=1.0000000180025095e-35 1.0000000180025095e-35 1.0000000180025095e-35 1.0000000180025095e-35 1.0000000180025095e-35 1.0000000180025095e-35
decision_type=2 2 2 2 2 2
left_child=1 3 -3 -1 -2 -6
right_child=4 2 -4 -5 5 -7
leaf_value=-0.065657169121980344 -0.1464392836020271 -0.082624841765948823 -0.0056143936554102361 0.054001923044737554 0.10561148545160864 -0.085875126059941131
leaf_weight=1061.4079416319728 9.5191482044756395 9433.6250656396151 8872.9742004051805 4990.2148439884186 6068.7868741638958 8.4979395382106286
leaf_count=5930 74 105727 78595 41868 131630 97
internal_value=0.000299128 -0.0258455 -0.0453012 0.0330073 0.104912 0.10533
internal_weight=30445 24358.2 18306.6 6051.62 6086.8 6077.28
internal_count=363921 232120 184322 47798 131801 131727
is_linear=0
shrinkage=0.1


end of trees

feature_importances:
V10_lt=_0.567154198884964=12
V4_lt=_1.779853105545044=11
V12_lt=_-1.4592942595481873=9
V10_lt=_-1.7240893840789795=8
V4_lt=_-0.4713319092988968=6
V7_lt=_2.096619963645935=6
V10_lt=_-1.4274442195892334=6
V14_lt=_-0.4301060438156128=6
V4_lt=_0.7523619830608368=5
V7_lt=_2.1766912937164307=5
Amount_lt=_0.5276917517185211=5
V4_lt=_-0.24416956305503845=4
V11_lt=_0.28784188628196716=4
V12_lt=_-0.08555150032043457=4
V12_lt=_0.3119194656610489=4
V14_lt=_-1.812438189983368=4
V17_lt=_-1.7784389853477478=4
V3_lt=_1.2530920505523682=3
V4_lt=_-0.03460181504487991=3
V8_lt=_-0.4568992853164673=3
V8_lt=_0.20063983649015427=3
V14_lt=_-2.7358014583587646=3
V4_lt=_-0.45784682035446167=2
V4_lt=_-0.4560656398534775=2
V4_lt=_-0.18242227286100388=2
V4_lt=_-0.09988194331526756=2
V4_lt=_-0.07750282809138298=2
V4_lt=_0.05699341371655464=2
V4_lt=_0.3752809464931488=2
V4_lt=_0.38157644867897034=2
V4_lt=_0.6149967312812805=2
V4_lt=_0.7563583552837372=2
V4_lt=_1.6956751942634583=2
V8_lt=_0.2713486850261688=2
V10_lt=_-1.702573299407959=2
V12_lt=_-0.22093023359775543=2
V12_lt=_-0.07579305022954941=2
V14_lt=_-1.4205476641654968=2
V14_lt=_-0.663888156414032=2
V14_lt=_-0.6215752959251404=2
V20_lt=_-0.8322816491127014=2
V4_lt=_-0.26174306869506836=1
V4_lt=_1.5319359302520752=1
V4_lt=_1.574686348438263=1
V4_lt=_1.6730803847312927=1
V7_lt=_1.0921882390975952=1
V8_lt=_-0.6077740788459778=1
V8_lt=_0.27248212695121765=1
V12_lt=_-0.24677349627017975=1
V14_lt=_-1.8273465633392334=1
V14_lt=_-1.7704376578330994=1
V14_lt=_-1.7583861351013184=1
V14_lt=_-1.5734373927116394=1
V14_lt=_-1.4366859793663025=1
V14_lt=_-1.3845648169517517=1
V14_lt=_-0.8144704699516296=1
V14_lt=_-0.7145193219184875=1
V17_lt=_0.714995414018631=1
V26_lt=_-0.18282698839902878=1

parameters:
[boosting: gbdt]
[objective: binary]
[metric: binary_logloss]
[tree_learner: serial]
[device_type: cpu]
[data_sample_strategy: bagging]
[data: ]
[valid: ]
[num_iterations: 25]
[learning_rate: 0.1]
[num_leaves: 31]
[num_threads: 8]
[seed: 42]
[deterministic: 0]
[force_col_wise: 0]
[force_row_wise: 0]
[histogram_pool_size: -1]
[max_depth: 3]
[min_data_in_leaf: 20]
[min_sum_hessian_in_leaf: 0.001]
[bagging_fraction: 1]
[pos_bagging_fraction: 1]
[neg_bagging_fraction: 1]
[bagging_freq: 0]
[bagging_seed: 400]
[bagging_by_query: 0]
[feature_fraction: 1]
[feature_fraction_bynode: 1]
[feature_fraction_seed: 30056]
[extra_trees: 0]
[extra_seed: 12879]
[early_stopping_round: 0]
[early_stopping_min_delta: 0]
[first_metric_only: 0]
[max_delta_step: 0]
[lambda_l1: 0]
[lambda_l2: 1]
[linear_lambda: 0]
[min_gain_to_split: 0]
[drop_rate: 0.1]
[max_drop: 50]
[skip_drop: 0.5]
[xgboost_dart_mode: 0]
[uniform_drop: 0]
[drop_seed: 17869]
[top_rate: 0.2]
[other_rate: 0.1]
[min_data_per_group: 100]
[max_cat_threshold: 32]
[cat_l2: 10]
[cat_smooth: 10]
[max_cat_to_onehot: 4]
[top_k: 20]
[monotone_constraints: ]
[monotone_constraints_method: basic]
[monotone_penalty: 0]
[feature_contri: ]
[forcedsplits_filename: ]
[refit_decay_rate: 0.9]
[cegb_tradeoff: 1]
[cegb_penalty_split: 0]
[cegb_penalty_feature_lazy: ]
[cegb_penalty_feature_coupled: ]
[path_smooth: 0]
[interaction_constraints: ]
[verbosity: -1]
[saved_feature_importance_type: 0]
[use_quantized_grad: 0]
[num_grad_quant_bins: 4]
[quant_train_renew_leaf: 0]
[stochastic_rounding: 1]
[linear_tree: 0]
[max_bin: 255]
[max_bin_by_feature: ]
[min_data_in_bin: 3]
[bin_construct_sample_cnt: 200000]
[data_random_seed: 175]
[is_enable_sparse: 1]
[enable_bundle: 1]
[use_missing: 1]
[zero_as_missing: 0]
[feature_pre_filter: 1]
[pre_partition: 0]
[two_round: 0]
[header: 0]
[label_column: ]
[weight_column: ]
[group_column: ]
[ignore_column: ]
[categorical_feature: ]
[forcedbins_filename: ]
[precise_float_parser: 0]
[parser_config_file: ]
[objective_seed: 16083]
[num_class: 1]
[is_unbalance: 0]
[scale_pos_weight: 1]
[sigmoid: 1]
[boost_from_average: 1]
[reg_sqrt: 0]
[alpha: 0.9]
[fair_c: 1]
[poisson_max_delta_step: 0.7]
[tweedie_variance_power: 1.5]
[lambdarank_truncation_level: 30]
[lambdarank_norm: 1]
[label_gain: ]
[lambdarank_position_bias_regularization: 0]
[eval_at: ]
[multi_error_top_k: 1]
[auc_mu_weights: ]
[num_machines: 1]
[local_listen_port: 12400]
[time_out: 120]
[machine_list_filename: ]
[machines: ]
[gpu_platform_id: -1]
[gpu_device_id: -1]
[gpu_use_dp: 0]
[num_gpu: 1]

end of parameters

pandas_categorical:[]
