tree
version=v4
num_class=1
num_tree_per_iteration=1
label_index=0
max_feature_idx=3
objective=binary sigmoid:1
feature_names=number_inpatient_lt=_0.5 number_inpatient_lt=_1.5 number_diagnoses_lt=_5.5 discharge_disposition_id_lt=_10.5
feature_infos=[0:1] [0:1] [0:1] [0:1]
tree_sizes=830 918 921 917 922 919 923 919 922 914 920 927 925 922 919 926 926 1034 1031 926 1033 1037 1038 1042 816

Tree=0
num_leaves=7
num_cat=0
split_feature=0 2 1 3 3 3
split_gain=2703.35 449.525 436.493 249.83 161.593 158.546
threshold=1.0000000180025095e-35 1.0000000180025095e-35 1.0000000180025095e-35 1.0000000180025095e-35 1.0000000180025095e-35 1.0000000180025095e-35
decision_type=2 2 2 2 2 2
left_child=2 5 3 -1 -4 -2
right_child=1 -3 4 -5 -6 -7
leaf_value=-0.0067903208200472357 -0.058354997496303802 -0.063103661322229346 -0.038116972920918445 0.097475180455137256 0.038616431224966934 -0.012621457782172253
leaf_weight=255.75 835.75 2760 300.5 2253.5 3078.75 8072
leaf_count=1023 3343 11040 1202 9014 12315 32288
internal_value=2.84847e-05 -0.027848 0.0552595 0.0868497 0.0317836 -0.0169184
internal_weight=17556.2 11667.8 5888.5 2509.25 3379.25 8907.75
internal_count=70225 46671 23554 10037 13517 35631
is_linear=0
shrinkage=1


Tree=1
num_leaves=7
num_cat=0
split_feature=0 2 1 3 3 3
split_gain=2191.96 364.849 355.446 203.274 130.996 128.652
threshold=1.0000000180025095e-35 1.0000000180025095e-35 1.0000000180025095e-35 1.0000000180025095e-35 1.0000000180025095e-35 1.0000000180025095e-35
decision_type=2 2 2 2 2 2
left_child=2 5 3 -1 -4 -2
right_child=1 -3 4 -5 -6 -7
leaf_value=-0.0061396501316405751 -0.052598471287203644 -0.056879883343712662 -0.034356454811795119 0.087922486536759922 0.034743828480188324 -0.01138557092993635
leaf_weight=255.74705792963505 835.03889684379101 2757.2541832923889 300.39088499546051 2248.1555786430836 3077.6025257259607 8071.6786060333252
leaf_count=1023 3343 11040 1202 9014 12315 32288
internal_value=4.06387e-07 -0.0250987 0.0497685 0.0783164 0.0285907 -0.0152549
internal_weight=17545.9 11664 5881.9 2503.9 3377.99 8906.72
internal_count=70225 46671 23554 10037 13517 35631
is_linear=0
shrinkage=0.1


Tree=2
num_leaves=7
num_cat=0
split_feature=0 2 1 3 3 3
split_gain=1780.22 297.075 291.933 166.584 106.262 104.647
threshold=1.0000000180025095e-35 1.0000000180025095e-35 1.0000000180025095e-35 1.0000000180025095e-35 1.0000000180025095e-35 1.0000000180025095e-35
decision_type=2 2 2 2 2 2
left_child=2 5 3 -1 -4 -2
right_child=1 -3 4 -5 -6 -7
leaf_value=-0.0055282608932875725 -0.047455488233434914 -0.051333901342120326 -0.030962960177946898 0.079651147394152952 0.031302501539038345 -0.010248279856421384
leaf_weight=255.73931403458118 833.18310441076756 2750.0904822349548 300.10575667023659 2234.2458990216255 3074.6115320920944 8070.8371119499207
leaf_count=1023 3343 11040 1202 9014 12315 32288
internal_value=2.20141e-06 -0.022611 0.0449344 0.0709039 0.0257578 -0.0137348
internal_weight=17518.8 11654.1 5864.7 2489.99 3374.72 8904.02
internal_count=70225 46671 23554 10037 13517 35631
is_linear=0
shrinkage=0.1


Tree=3
num_leaves=7
num_cat=0
split_feature=0 2 1 3 3 3
split_gain=1447.48 242.435 241.212 137.214 86.2392 85.265
threshold=1.0000000180025095e-35 1.0000000180025095e-35 1.0000000180025095e-35 1.0000000180025095e-35 1.0000000180025095e-35 1.0000000180025095e-35
decision_type=2 2 2 2 2 2
left_child=2 5 3 -1 -4 -2
right_child=1 -3 4 -5 -6 -7
leaf_value=-0.0049778150202532834 -0.042859110841628731 -0.046384087267436702 -0.027916759883849104 0.072366089870763539 0.028214563043442401 -0.0092250322005545896
leaf_weight=255.72821648418903 830.52888385951519 2739.8473405838013 299.69766798615456 2214.3811835646629 3070.3339652717113 8069.6323657035828
leaf_count=1023 3343 11040 1202 9014 12315 32288
internal_value=4.58981e-06 -0.0203781 0.040626 0.06436 0.023216 -0.0123681
internal_weight=17480.1 11640 5840.14 2470.11 3370.03 8900.16
internal_count=70225 46671 23554 10037 13517 35631
is_linear=0
shrinkage=0.1


Tree=4
num_leaves=7
num_cat=0
split_feature=0 1 2 3 2 3
split_gain=1177.86 200.115 198.145 113.422 74.8835 69.552
threshold=1.0000000180025095e-35 1.0000000180025095e-35 1.0000000180025095e-35 1.0000000180025095e-35 1.0000000180025095e-35 1.0000000180025095e-35
decision_type=2 2 2 2 2 2
left_child=1 3 5 -1 -3 -2
right_child=2 4 -4 -5 -6 -7
leaf_value=-0.0044822156107957849 -0.03873465490600593 0.027364344903474214 -0.041945492520624406 0.065878619973577565 -0.013639477263850307 -0.0083042086837517778
leaf_weight=255.71487808227539 827.34299227595329 2836.7358659058809 2727.5547480583191 2190.5580852031708 527.67164766788483 8068.1860928535461
leaf_count=1023 3343 11397 11040 9014 2120 32288
internal_value=7.10023e-06 0.0367653 -0.0183709 0.0585248 0.0209312 -0.0111385
internal_weight=17433.8 5810.68 11623.1 2446.27 3364.41 8895.53
internal_count=70225 23554 46671 10037 13517 35631
is_linear=0
shrinkage=0.1


Tree=5
num_leaves=7
num_cat=0
split_feature=0 1 2 3 3 3
split_gain=958.746 166.582 162.099 93.9745 70.2814 56.7751
threshold=1.0000000180025095e-35 1.0000000180025095e-35 1.0000000180025095e-35 1.0000000180025095e-35 1.0000000180025095e-35 1.0000000180025095e-35
decision_type=2 2 2 2 2 2
left_child=1 3 5 -1 -3 -2
right_child=2 4 -4 -5 -6 -7
leaf_value=-0.0040359820385560538 -0.035022393135565183 -0.027294997358890929 -0.03795112933403115 0.060051742762894295 0.023390822023687086 -0.007475444711716123
leaf_weight=255.70016773045063 823.82952000200748 299.58118951320648 2714.0002083778381 2164.2973644137383 3060.4580497741699 8066.5906701087952
leaf_count=1023 3343 1202 11040 9014 12315 32288
internal_value=9.53929e-06 0.0332811 -0.0165641 0.0532813 0.0188649 -0.0100317
internal_weight=17384.5 5780.04 11604.4 2420 3360.04 8890.42
internal_count=70225 23554 46671 10037 13517 35631
is_linear=0
shrinkage=0.1


Tree=6
num_leaves=7
num_cat=0
split_feature=0 1 2 3 2 3
split_gain=780.766 138.766 132.68 77.9716 61.1012 46.3634
threshold=1.0000000180025095e-35 1.0000000180025095e-35 1.0000000180025095e-35 1.0000000180025095e-35 1.0000000180025095e-35 1.0000000180025095e-35
decision_type=2 2 2 2 2 2
left_child=1 3 5 -1 -3 -2
right_child=2 4 -4 -5 -6 -7
leaf_value=-0.0036341884532968996 -0.031673609015366352 0.022841245873996881 -0.034347021874446937 0.054783760095865622 -0.014219522820937476 -0.006729466864824534
leaf_weight=255.68472567200661 820.14334057271481 2826.4187967628241 2699.7812175750732 2136.7494640052319 527.21525877714157 8064.9173045158386
leaf_count=1023 3343 11397 11040 9014 2120 32288
internal_value=1.15523e-05 0.0301461 -0.0149365 0.0485416 0.0170125 -0.00903526
internal_weight=17330.9 5746.07 11584.8 2392.43 3353.63 8885.06
internal_count=70225 23554 46671 10037 13517 35631
is_linear=0
shrinkage=0.1


Tree=7
num_leaves=7
num_cat=0
split_feature=0 1 2 3 3 3
split_gain=635.799 115.739 108.621 64.739 57.2976 37.8665
threshold=1.0000000180025095e-35 1.0000000180025095e-35 1.0000000180025095e-35 1.0000000180025095e-35 1.0000000180025095e-35 1.0000000180025095e-35
decision_type=2 2 2 2 2 2
left_child=1 3 5 -1 -3 -2
right_child=2 4 -4 -5 -6 -7
leaf_value=-0.0032723915614095754 -0.028647775848407261 -0.026348865212425521 -0.031088787267789037 0.049997461764812602 0.019435774842133449 -0.0060579539207229194
leaf_weight=255.66903971135616 816.40052196383476 299.37551388144493 2685.3452396392822 2108.7760407924652 3049.323845654726 8063.2189202308655
leaf_count=1023 3343 1202 11040 9014 12315 32288
internal_value=1.32987e-05 0.0273032 -0.0134692 0.0442384 0.015336 -0.00813788
internal_weight=17278.1 5713.14 11565 2364.45 3348.7 8879.62
internal_count=70225 23554 46671 10037 13517 35631
is_linear=0
shrinkage=0.1


Tree=8
num_leaves=7
num_cat=0
split_feature=0 1 2 3 2 3
split_gain=517.838 96.4636 88.9201 53.7602 49.8659 30.9256
threshold=1.0000000180025095e-35 1.0000000180025095e-35 1.0000000180025095e-35 1.0000000180025095e-35 1.0000000180025095e-35 1.0000000180025095e-35
decision_type=2 2 2 2 2 2
left_child=1 3 5 -1 -3 -2
right_child=2 4 -4 -5 -6 -7
leaf_value=-0.0029466135993050828 -0.025910636162457448 0.019114176553845692 -0.028139263320276983 0.045633063931117435 -0.014384468993719538 -0.0054534333379339037
leaf_weight=255.65347570180893 812.68694451451302 2815.2996848076582 2671.0232663154602 2081.0134985148907 526.86792477965355 8061.5340075492859
leaf_count=1023 3343 11397 11040 9014 2120 32288
internal_value=1.45219e-05 0.024735 -0.012146 0.040319 0.0138306 -0.00732958
internal_weight=17224.1 5678.83 11545.2 2336.67 3342.17 8874.22
internal_count=70225 23554 46671 10037 13517 35631
is_linear=0
shrinkage=0.1


Tree=9
num_leaves=7
num_cat=0
split_feature=0 3 1 2 3 2
split_gain=421.665 85.3404 79.408 72.7761 25.2526 10.0476
threshold=1.0000000180025095e-35 1.0000000180025095e-35 1.0000000180025095e-35 1.0000000180025095e-35 1.0000000180025095e-35 1.0000000180025095e-35
decision_type=2 2 2 2 2 2
left_child=1 5 -3 4 -2 -1
right_child=3 2 -4 -5 -6 -7
leaf_value=-0.020111656069514837 -0.023432773645206899 0.041643197927464765 0.01618168765698956 -0.025466796772543283 -0.0049092047182311372 0.01923672875232417
leaf_weight=480.54119780659676 809.06457756459713 2053.9225515723228 3038.0791141837835 2657.0539999008179 8059.8914341926575 74.191943153738976
leaf_count=1926 3343 9014 12315 11040 32288 299
internal_value=1.54937e-05 0.0224006 0.0264581 -0.0109523 -0.00660146 -0.0148239
internal_weight=17172.7 5646.73 5092 11526 8868.96 554.733
internal_count=70225 23554 21329 46671 35631 2225
is_linear=0
shrinkage=0.1


Tree=10
num_leaves=7
num_cat=0
split_feature=0 3 1 2 3 2
split_gain=343.356 69.6846 66.4892 59.5421 20.6148 8.15755
threshold=1.0000000180025095e-35 1.0000000180025095e-35 1.0000000180025095e-35 1.0000000180025095e-35 1.0000000180025095e-35 1.0000000180025095e-35
decision_type=2 2 2 2 2 2
left_child=1 5 -3 4 -2 -1
right_child=3 2 -4 -5 -6 -7
leaf_value=-0.018122146627930002 -0.021188612312469948 0.037989546997520038 0.014593172734716968 -0.023044054224253221 -0.0044192662856800671 0.017314895656981098
leaf_weight=480.10026428103447 805.57705868780613 2027.827714830637 3032.3297088593245 2643.6055684089661 8058.3104453086853 74.289491042494774
leaf_count=1926 3343 9014 12315 11040 32288 299
internal_value=1.61355e-05 0.0202875 0.0239748 -0.00987522 -0.00594553 -0.0133509
internal_weight=17122 5614.55 5060.16 11507.5 8863.89 554.39
internal_count=70225 23554 21329 46671 35631 2225
is_linear=0
shrinkage=0.1


Tree=11
num_leaves=7
num_cat=0
split_feature=0 1 2 2 3 3
split_gain=279.536 58.1412 48.6932 42.4633 26.8454 16.8232
threshold=1.0000000180025095e-35 1.0000000180025095e-35 1.0000000180025095e-35 1.0000000180025095e-35 1.0000000180025095e-35 1.0000000180025095e-35
decision_type=2 2 2 2 2 2
left_child=1 4 5 -3 -1 -2
right_child=2 3 -4 -5 -6 -7
leaf_value=0.00021418790446748194 -0.019155637631282304 0.014855468819608336 -0.020847078266389697 -0.016081636987234183 0.034640418088449747 -0.0039781754897214782
leaf_weight=255.39218428730965 802.25362904369831 2799.0703131258488 2630.7908248901367 526.34334743022919 2002.9473910927773 8056.8045125007629
leaf_count=1023 3343 11397 11040 2120 9014 32288
internal_value=1.64548e-05 0.0183694 -0.00890338 0.00995541 0.030749 -0.00535461
internal_weight=17073.6 5583.75 11489.8 3325.41 2258.34 8859.06
internal_count=70225 23554 46671 13517 10037 35631
is_linear=0
shrinkage=0.1


Tree=12
num_leaves=7
num_cat=0
split_feature=0 3 2 2 3 1
split_gain=227.493 52.6258 47.557 39.8013 13.7238 7.73574
threshold=1.0000000180025095e-35 1.0000000180025095e-35 1.0000000180025095e-35 1.0000000180025095e-35 1.0000000180025095e-35 1.0000000180025095e-35
decision_type=2 2 2 2 2 2
left_child=1 5 -3 4 -2 -1
right_child=3 2 -4 -5 -6 -7
leaf_value=0.00019285027606019001 -0.017313875184326852 0.023913851714255911 -0.0036057600832877096 -0.018854688538821857 -0.0035810759793482002 -0.023490138964244296
leaf_weight=255.39411990344524 799.11267021298409 4265.4884552955627 736.05010005831718 2618.6803436279297 8055.3822960853577 298.80576846003532
leaf_count=1023 3343 18235 3094 11040 32288 1202
internal_value=1.64821e-05 0.0166244 0.019864 -0.00802644 -0.00482227 -0.0125955
internal_weight=17028.9 5555.74 5001.54 11473.2 8854.49 554.2
internal_count=70225 23554 21329 46671 35631 2225
is_linear=0
shrinkage=0.1


Tree=13
num_leaves=7
num_cat=0
split_feature=0 1 2 2 3 3
split_gain=184.992 47.5556 32.5159 28.6848 19.7728 11.191
threshold=1.0000000180025095e-35 1.0000000180025095e-35 1.0000000180025095e-35 1.0000000180025095e-35 1.0000000180025095e-35 1.0000000180025095e-35
decision_type=2 2 2 2 2 2
left_child=1 4 5 -3 -1 -2
right_child=2 3 -4 -5 -6 -7
leaf_value=0.00017364551374884519 -0.015645485374570549 0.01148365757281114 -0.017047982458337749 -0.013942228557042875 0.029750770584662484 -0.003223575325192143
leaf_weight=255.39584045112133 796.16404548287392 2784.4928598850965 2607.312126159668 526.90397575497627 1965.1672489345074 8054.0481262207031
leaf_count=1023 3343 11397 11040 2120 9014 32288
internal_value=1.5448e-05 0.0150312 -0.00723518 0.00743494 0.0263506 -0.00434269
internal_weight=16989.5 5531.96 11457.5 3311.4 2220.56 8850.21
internal_count=70225 23554 46671 13517 10037 35631
is_linear=0
shrinkage=0.1


Tree=14
num_leaves=7
num_cat=0
split_feature=0 3 1 2 3 2
split_gain=150.488 39.7116 36.3028 26.5496 9.12184 7.99718
threshold=1.0000000180025095e-35 1.0000000180025095e-35 1.0000000180025095e-35 1.0000000180025095e-35 1.0000000180025095e-35 1.0000000180025095e-35
decision_type=2 2 2 2 2 2
left_child=1 5 -3 4 -2 -1
right_child=3 2 -4 -5 -6 -7
leaf_value=-0.01650778935397219 -0.014134387496866983 0.027084838775782851 0.0095496417131474658 -0.01540998909223525 -0.002901738067157808 0.018607118852670804
leaf_weight=479.68128392100334 793.41149094700813 1943.9933591485023 3009.0103344619274 2596.7003202438354 8052.8024840354919 74.122446417808533
leaf_count=1926 3343 9014 12315 11040 32288 299
internal_value=1.52265e-05 0.0135965 0.0164361 -0.00652129 -0.00391067 -0.0117829
internal_weight=16949.7 5506.81 4953 11442.9 8846.21 553.804
internal_count=70225 23554 21329 46671 35631 2225
is_linear=0
shrinkage=0.1


Tree=15
num_leaves=7
num_cat=0
split_feature=0 1 2 2 3 3
split_gain=122.403 33.4943 23.9302 21.6663 12.2097 7.43226
threshold=1.0000000180025095e-35 1.0000000180025095e-35 1.0000000180025095e-35 1.0000000180025095e-35 1.0000000180025095e-35 1.0000000180025095e-35
decision_type=2 2 2 2 2 2
left_child=1 4 -3 5 -1 -2
right_child=3 2 -4 -5 -6 -7
leaf_value=0.0013593759702673898 -0.012766092448664985 0.0096540465837974196 -0.013571253743799309 -0.013925349772223847 0.024641224389492514 -0.0026119949894477042
leaf_weight=255.23461970686913 790.85396049916744 2775.8333732932806 527.07757011055946 2586.8408131599426 1924.2762475907803 8051.6463317871094
leaf_count=1023 3343 11397 2120 11040 9014 32288
internal_value=1.48731e-05 0.0122972 0.00594477 -0.00587725 0.0219166 -0.0035215
internal_weight=16911.8 5482.42 3302.91 11429.3 2179.51 8842.5
internal_count=70225 23554 13517 46671 10037 35631
is_linear=0
shrinkage=0.1


Tree=16
num_leaves=7
num_cat=0
split_feature=0 3 2 2 1 3
split_gain=99.5204 30.216 29.227 17.6716 7.09082 6.05319
threshold=1.0000000180025095e-35 1.0000000180025095e-35 1.0000000180025095e-35 1.0000000180025095e-35 1.0000000180025095e-35 1.0000000180025095e-35
decision_type=2 2 2 2 2 2
left_child=1 4 -3 5 -1 -2
right_child=3 2 -4 -5 -6 -7
leaf_value=0.0012238918767694153 -0.011527451334079954 0.016839905609970701 -0.0048447592213726395 -0.012580142514132076 -0.021458926822230898 -0.0023511548030777131
leaf_weight=255.24872602522373 788.48702064156532 4177.3689442873001 729.71490859985352 2577.7166604995728 298.29618510603905 8050.5767827033997
leaf_count=1023 3343 18235 3094 11040 1202 32288
internal_value=1.43584e-05 0.0111165 0.0136149 -0.00529629 -0.0110162 -0.00317094
internal_weight=16877.4 5460.63 4907.08 11416.8 553.545 8839.06
internal_count=70225 23554 21329 46671 2225 35631
is_linear=0
shrinkage=0.1


Tree=17
num_leaves=8
num_cat=0
split_feature=1 2 0 3 2 2 3
split_gain=86.5542 29.5424 22.1305 9.01149 5.48578 2.10456 0.129069
threshold=1.0000000180025095e-35 1.0000000180025095e-35 1.0000000180025095e-35 1.0000000180025095e-35 1.0000000180025095e-35 1.0000000180025095e-35 1.0000000180025095e-35
decision_type=2 2 2 2 2 2 2
left_child=3 2 -2 4 -1 -5 -3
right_child=1 6 -4 5 -6 -7 -8
leaf_value=-0.0045281167373179424 0.0073956500571167984 -0.0091911822397083565 -0.002855177226192304 0.022406817965737832 0.039002266951318795 0.012381236849811194 -0.011608439762325326
leaf_weight=223.01344048976898 2764.0712983310223 264.97117926180363 8835.8943654745817 1650.7377509772778 32.247800946235657 244.61418318748474 2831.8149593025446
leaf_count=894 11397 1129 35631 7870 129 1144 12031
internal_value=1.32371e-05 -0.00272903 -0.000412155 0.0187457 0.00110192 0.0211201 -0.0114046
internal_weight=16847.4 14696.8 11600 2150.61 255.261 1895.35 3096.79
internal_count=70225 60188 47028 10037 1023 9014 13160
is_linear=0
shrinkage=0.1


Tree=18
num_leaves=8
num_cat=0
split_feature=1 2 3 3 2 2 3
split_gain=70.6656 24.0115 19.6482 7.42023 4.47373 1.74704 0.104688
threshold=1.0000000180025095e-35 1.0000000180025095e-35 1.0000000180025095e-35 1.0000000180025095e-35 1.0000000180025095e-35 1.0000000180025095e-35 1.0000000180025095e-35
decision_type=2 2 2 2 2 2 2
left_child=3 2 -2 4 -1 -5 -3
right_child=1 6 -4 5 -6 -7 -8
leaf_value=-0.0040782515236785447 -0.013465419965724704 -0.0082950555502788789 0.00092291926736226917 0.020361864962151047 0.035244428542634924 0.011203862714244523 -0.010474906587142738
leaf_weight=222.96517619490623 1041.8581969588995 264.37764549255371 10553.145676091313 1635.7912996411324 32.225162610411644 243.45683312416077 2824.9203752875328
leaf_count=894 4375 1129 42653 7870 129 1144 12031
internal_value=1.30874e-05 -0.00245854 -0.000370981 0.0170104 0.00100556 0.019182 -0.0102911
internal_weight=16818.7 14684.3 11595 2134.44 255.19 1879.25 3089.3
internal_count=70225 60188 47028 10037 1023 9014 13160
is_linear=0
shrinkage=0.1


Tree=19
num_leaves=7
num_cat=0
split_feature=0 3 2 2 2 3
split_gain=58.1706 20.3297 17.5511 8.94522 5.86273 3.39328
threshold=1.0000000180025095e-35 1.0000000180025095e-35 1.0000000180025095e-35 1.0000000180025095e-35 1.0000000180025095e-35 1.0000000180025095e-35
decision_type=2 2 2 2 2 2
left_child=1 4 -3 5 -1 -2
right_child=3 2 -4 -5 -6 -7
leaf_value=-0.013657425750533782 -0.0088152391750843401 0.013146432445943485 -0.0036830958680633429 -0.0092540418664795159 0.016453473963489711 -0.0019233425674844247
leaf_weight=478.71429428458214 783.13967435061932 4126.3925331830978 728.69224709272385 2554.4188751429319 73.872347295284271 8048.7634086608887
leaf_count=1926 3343 18235 3094 11040 299 32288
internal_value=1.2529e-05 0.00855168 0.0106203 -0.00404334 -0.00960961 -0.00253539
internal_weight=16794 5407.67 4855.08 11386.3 552.587 8831.9
internal_count=70225 23554 21329 46671 2225 35631
is_linear=0
shrinkage=0.1


Tree=20
num_leaves=8
num_cat=0
split_feature=1 2 3 3 2 2 3
split_gain=51.7371 15.972 13.2589 4.70302 3.071 0.949426 0.0592773
threshold=1.0000000180025095e-35 1.0000000180025095e-35 1.0000000180025095e-35 1.0000000180025095e-35 1.0000000180025095e-35 1.0000000180025095e-35 1.0000000180025095e-35
decision_type=2 2 2 2 2 2 2
left_child=3 2 -2 4 -1 -5 -3
right_child=1 6 -4 5 -6 -7 -8
leaf_value=-0.0023155933746593347 -0.011179657747008468 -0.0069812331587011172 0.0006661811240237101 0.017276149151829772 0.030296645503997667 0.010486326721231806 -0.0086400955687448554
leaf_weight=222.75434795022011 1036.8551910668612 263.36555777490139 10546.159781843424 1613.0645455420017 32.157497495412827 242.74875485897064 2812.7194575369358
leaf_count=894 4375 1129 42653 7870 129 1144 12031
internal_value=1.15877e-05 -0.00209637 -0.000395074 0.0146455 0.0019008 0.0163941 -0.00850038
internal_weight=16769.8 14659.1 11583 2110.73 254.912 1855.81 3076.09
internal_count=70225 60188 47028 10037 1023 9014 13160
is_linear=0
shrinkage=0.1


Tree=21
num_leaves=8
num_cat=0
split_feature=1 2 0 3 2 2 3
split_gain=42.1828 12.9728 13.2532 3.86276 2.50809 0.785289 0.0480221
threshold=1.0000000180025095e-35 1.0000000180025095e-35 1.0000000180025095e-35 1.0000000180025095e-35 1.0000000180025095e-35 1.0000000180025095e-35 1.0000000180025095e-35
decision_type=2 2 2 2 2 2 2
left_child=3 2 -2 4 -1 -5 -3
right_child=1 6 -4 5 -6 -7 -8
leaf_value=-0.002085364327401063 0.0057005372943460478 -0.00629747399831299 -0.0022451672569222592 0.015671323892127956 0.027410129943458584 0.0094827855790452411 -0.0077922222019984515
leaf_weight=222.72426769137383 2753.0871241986752 262.89923983812332 8827.3652100563049 1601.1820633709431 32.098021164536476 241.75522577762604 2807.3034000396729
leaf_count=894 11397 1129 35631 7870 129 1144 12031
internal_value=1.10321e-05 -0.00188826 -0.00035586 0.0132702 0.00172258 0.0148651 -0.00766632
internal_weight=16748.4 14650.7 11580.5 2097.76 254.822 1842.94 3070.2
internal_count=70225 60188 47028 10037 1023 9014 13160
is_linear=0
shrinkage=0.1


Tree=22
num_leaves=8
num_cat=0
split_feature=1 2 3 3 2 2 3
split_gain=34.3756 10.5348 10.7897 3.16856 2.04886 0.648442 0.0388951
threshold=1.0000000180025095e-35 1.0000000180025095e-35 1.0000000180025095e-35 1.0000000180025095e-35 1.0000000180025095e-35 1.0000000180025095e-35 1.0000000180025095e-35
decision_type=2 2 2 2 2 2 2
left_child=3 2 -2 4 -1 -5 -3
right_child=1 6 -4 5 -6 -7 -8
leaf_value=-0.0018780050743634699 -0.010063400354545763 -0.0056797608398141929 0.00063617754697191278 0.014206864845257848 0.024804307577766992 0.0085721144256055617 -0.0070263663222453025
leaf_weight=222.6966652572155 1034.0109988898039 262.47422710061073 10542.424513220787 1590.3121088445187 32.031695857644081 240.8506475687027 2802.3467072993517
leaf_count=894 4375 1129 42653 7870 129 1144 12031
internal_value=1.06348e-05 -0.0017007 -0.000320299 0.0120179 0.00156113 0.0134708 -0.00691293
internal_weight=16727.1 14641.3 11576.4 2085.89 254.728 1831.16 3064.82
internal_count=70225 60188 47028 10037 1023 9014 13160
is_linear=0
shrinkage=0.1


Tree=23
num_leaves=8
num_cat=0
split_feature=0 3 2 1 2 3 3
split_gain=30.1288 12.4586 9.50307 4.2211 3.30989 1.14111 0.0130283
threshold=1.0000000180025095e-35 1.0000000180025095e-35 1.0000000180025095e-35 1.0000000180025095e-35 1.0000000180025095e-35 1.0000000180025095e-35 1.0000000180025095e-35
decision_type=2 2 2 2 2 2 2
left_child=1 3 -3 -1 5 -2 -6
right_child=4 2 -4 -5 6 -7 -8
leaf_value=0.0014148342623857553 -0.0056492208721475009 0.0097068394794954868 -0.0027015877822513129 -0.016117145836383347 -0.0069208167007682037 -0.0016370396376163298 -0.0060106508258072231
leaf_weight=254.63290670514107 776.62870924174786 4075.278095304966 726.88770806789398 296.72519010305405 220.41318319737911 8047.5095872879028 2310.9591289460659
leaf_count=1023 3343 18235 3094 1202 959 32288 10081
internal_value=9.99746e-06 0.00619374 0.00782845 -0.00803247 -0.0029056 -0.00199076 -0.0060926
internal_weight=16709 5353.52 4802.17 551.358 11355.5 8824.14 2531.37
internal_count=70225 23554 21329 2225 46671 35631 11040
is_linear=0
shrinkage=0.1


Tree=24
num_leaves=6
num_cat=0
split_feature=1 0 3 2 3
split_gain=24.4723 7.12566 9.68731 2.69203 2.30417
threshold=1.0000000180025095e-35 1.0000000180025095e-35 1.0000000180025095e-35 1.0000000180025095e-35 1.0000000180025095e-35
decision_type=2 2 2 2 2
left_child=4 2 -2 -3 -1
right_child=1 3 -4 -5 -6
leaf_value=0.0012738209350860539 -0.014539255778804959 -0.0017921990191694583 0.0043958086231352736 -0.0054940563880971523 0.011436985615939298
leaf_weight=254.6476909071207 296.17358753085136 8822.2351925075054 2977.0764776319265 2526.9185914695263 1813.8541261255741
leaf_count=1023 1202 35631 12315 11040 9014
internal_value=9.04394e-06 -0.00143135 0.00267859 -0.00261684 0.010187
internal_weight=16690.9 14622.4 3273.25 11349.2 2068.5
internal_count=70225 60188 13517 46671 10037
is_linear=0
shrinkage=0.1


end of trees

feature_importances:
discharge_disposition_id_lt=_10.5=60
number_diagnoses_lt=_5.5=49
number_inpatient_lt=_1.5=24
number_inpatient_lt=_0.5=22

parameters:
[boosting: gbdt]
[objective: binary]
[metric: binary_logloss]
[tree_learner: serial]
[device_type: cpu]
[data_sample_strategy: bagging]
[data: ]
[valid: ]
[num_iterations: 25]
[learning_rate: 0.1]
[num_leaves: 31]
[num_threads: 8]
[seed: 42]
[deterministic: 0]
[force_col_wise: 0]
[force_row_wise: 0]
[histogram_pool_size: -1]
[max_depth: 3]
[min_data_in_leaf: 20]
[min_sum_hessian_in_leaf: 0.001]
[bagging_fraction: 1]
[pos_bagging_fraction: 1]
[neg_bagging_fraction: 1]
[bagging_freq: 0]
[bagging_seed: 400]
[bagging_by_query: 0]
[feature_fraction: 1]
[feature_fraction_bynode: 1]
[feature_fraction_seed: 30056]
[extra_trees: 0]
[extra_seed: 12879]
[early_stopping_round: 0]
[early_stopping_min_delta: 0]
[first_metric_only: 0]
[max_delta_step: 0]
[lambda_l1: 0]
[lambda_l2: 1]
[linear_lambda: 0]
[min_gain_to_split: 0]
[drop_rate: 0.1]
[max_drop: 50]
[skip_drop: 0.5]
[xgboost_dart_mode: 0]
[uniform_drop: 0]
[drop_seed: 17869]
[top_rate: 0.2]
[other_rate: 0.1]
[min_data_per_group: 100]
[max_cat_threshold: 32]
[cat_l2: 10]
[cat_smooth: 10]
[max_cat_to_onehot: 4]
[top_k: 20]
[monotone_constraints: ]
[monotone_constraints_method: basic]
[monotone_penalty: 0]
[feature_contri: ]
[forcedsplits_filename: ]
[refit_decay_rate: 0.9]
[cegb_tradeoff: 1]
[cegb_penalty_split: 0]
[cegb_penalty_feature_lazy: ]
[cegb_penalty_feature_coupled: ]
[path_smooth: 0]
[interaction_constraints: ]
[verbosity: -1]
[saved_feature_importance_type: 0]
[use_quantized_grad: 0]
[num_grad_quant_bins: 4]
[quant_train_renew_leaf: 0]
[stochastic_rounding: 1]
[linear_tree: 0]
[max_bin: 255]
[max_bin_by_feature: ]
[min_data_in_bin: 3]
[bin_construct_sample_cnt: 200000]
[data_random_seed: 175]
[is_enable_sparse: 1]
[enable_bundle: 1]
[use_missing: 1]
[zero_as_missing: 0]
[feature_pre_filter: 1]
[pre_partition: 0]
[two_round: 0]
[header: 0]
[label_column: ]
[weight_column: ]
[group_column: ]
[ignore_column: ]
[categorical_feature: ]
[forcedbins_filename: ]
[precise_float_parser: 0]
[parser_config_file: ]
[objective_seed: 16083]
[num_class: 1]
[is_unbalance: 0]
[scale_pos_weight: 1]
[sigmoid: 1]
[boost_from_average: 1]
[reg_sqrt: 0]
[alpha: 0.9]
[fair_c: 1]
[poisson_max_delta_step: 0.7]
[tweedie_variance_power: 1.5]
[lambdarank_truncation_level: 30]
[lambdarank_norm: 1]
[label_gain: ]
[lambdarank_position_bias_regularization: 0]
[eval_at: ]
[multi_error_top_k: 1]
[auc_mu_weights: ]
[num_machines: 1]
[local_listen_port: 12400]
[time_out: 120]
[machine_list_filename: ]
[machines: ]
[gpu_platform_id: -1]
[gpu_device_id: -1]
[gpu_use_dp: 0]
[num_gpu: 1]

end of parameters

pandas_categorical:[]
