tree
version=v4
num_class=1
num_tree_per_iteration=1
label_index=0
max_feature_idx=39
objective=binary sigmoid:1
feature_names=season_lt=_1.5 season_lt=_2.5 yr_lt=_0.5 mnth_lt=_1.5 mnth_lt=_4.5 hr_lt=_5.5 hr_lt=_6.5 hr_lt=_7.5 hr_lt=_11.5 hr_lt=_15.5 hr_lt=_19.5 hr_lt=_20.5 hr_lt=_21.5 hr_lt=_22.5 weekday_lt=_1.5 weekday_lt=_3.5 workingday_lt=_0.5 weathersit_lt=_2.5 temp_lt=_0.26999999582767487 temp_lt=_0.3100000023841858 temp_lt=_0.3500000089406967 temp_lt=_0.3700000047683716 temp_lt=_0.39000000059604645 temp_lt=_0.4099999964237213 temp_lt=_0.45000000298023224 temp_lt=_0.4699999988079071 temp_lt=_0.5099999904632568 atemp_lt=_0.28030000627040863 atemp_lt=_0.31059999763965607 atemp_lt=_0.3257499933242798 atemp_lt=_0.3409000039100647 atemp_lt=_0.5227500200271606 atemp_lt=_0.5985000133514404 atemp_lt=_0.6136500239372253 hum_lt=_0.625 hum_lt=_0.7450000047683716 hum_lt=_0.7950000166893005 hum_lt=_0.8149999976158142 hum_lt=_0.8349999785423279 weathersit_lt=_1.5
feature_infos=[0:1] [0:1] [0:1] [0:1] [0:1] [0:1] [0:1] [0:1] [0:1] [0:1] [0:1] [0:1] [0:1] [0:1] [0:1] [0:1] [0:1] [0:1] [0:1] [0:1] [0:1] [0:1] [0:1] [0:1] [0:1] [0:1] [0:1] [0:1] [0:1] [0:1] [0:1] [0:1] [0:1] [0:1] [0:1] [0:1] [0:1] [0:1] [0:1] [0:1]
tree_sizes=895 903 902 906 897 905 906 907 1012 1017 1013 1018 1014 1021 1014 1018 1022 1020 1020 1020 1015 914 1024 1026 915

Tree=0
num_leaves=7
num_cat=0
split_feature=6 21 13 2 5 2
split_gain=4990.34 1452.91 515.783 265.684 29.252 40.8909
threshold=1.0000000180025095e-35 1.0000000180025095e-35 1.0000000180025095e-35 1.0000000180025095e-35 1.0000000180025095e-35 1.0000000180025095e-35
decision_type=2 2 2 2 2 2
left_child=1 2 -1 -3 5 -2
right_child=4 3 -4 -5 -6 -7
leaf_value=-0.10720773748454829 -0.094061561585856407 0.017288904963985791 0.1336016562898662 -0.1051940292676538 -0.19955032351452004 -0.2011031766378146
leaf_weight=93.249594256281853 73.74967910349369 329.24856738746166 1668.7427390366793 381.49834004044533 854.99627977609634 74.249676927924156
leaf_count=373 295 1317 6675 1526 3420 297
internal_value=-0.00417176 0.0721425 0.120806 -0.0485042 -0.192202 -0.148724
internal_weight=3475.73 2472.74 1761.99 710.747 1003 147.999
internal_count=13903 9891 7048 2843 4012 592
is_linear=0
shrinkage=1


Tree=1
num_leaves=7
num_cat=0
split_feature=6 24 11 13 5 2
split_gain=4077.47 1210.41 372.227 356.469 24.4072 34.1902
threshold=1.0000000180025095e-35 1.0000000180025095e-35 1.0000000180025095e-35 1.0000000180025095e-35 1.0000000180025095e-35 1.0000000180025095e-35
decision_type=2 2 2 2 2 2
left_child=1 3 -3 -1 5 -2
right_child=4 2 -4 -5 -6 -7
leaf_value=-0.081376071797302468 -0.081204475046348118 -0.14123920081519384 0.013765072253086217 0.13845006899385709 -0.17768367280609054 -0.17934290771899247
leaf_weight=77.277739495038986 73.587112054228783 190.5906798094511 808.81145843863487 1387.30013859272 846.54459357261658 73.504318669438362
leaf_count=310 295 764 3243 5574 3420 297
internal_value=-2.49091e-05 0.0689366 -0.0159066 0.126803 -0.17093 -0.131126
internal_weight=3457.62 2463.98 999.402 1464.58 993.636 147.091
internal_count=13903 9891 4007 5884 4012 592
is_linear=0
shrinkage=0.1


Tree=2
num_leaves=7
num_cat=0
split_feature=6 30 12 2 5 2
split_gain=3376.54 1027.44 436.079 196.552 21.6239 29.9192
threshold=1.0000000180025095e-35 1.0000000180025095e-35 1.0000000180025095e-35 1.0000000180025095e-35 1.0000000180025095e-35 1.0000000180025095e-35
decision_type=2 2 2 2 2 2
left_child=1 2 -1 -3 5 -2
right_child=4 3 -4 -5 -6 -7
leaf_value=-0.038351358503289891 -0.073607870636330772 0.012535454779331524 0.11754106981309656 -0.10054397311332275 -0.16425675712759077 -0.16603754109824279
leaf_weight=201.2382745295763 73.186518922448158 283.18782709538937 1623.8159206211567 334.68433614075184 825.28937458992004 71.626787513494492
leaf_count=815 295 1134 6597 1345 3420 297
internal_value=-6.01115e-05 0.0626197 0.10034 -0.04878 -0.157803 -0.12015
internal_weight=3413.03 2442.93 1825.05 617.872 970.103 144.813
internal_count=13903 9891 7412 2479 4012 592
is_linear=0
shrinkage=0.1


Tree=3
num_leaves=7
num_cat=0
split_feature=6 25 2 13 5 2
split_gain=2824.58 896.816 322.907 228.623 19.996 27.0402
threshold=1.0000000180025095e-35 1.0000000180025095e-35 1.0000000180025095e-35 1.0000000180025095e-35 1.0000000180025095e-35 1.0000000180025095e-35
decision_type=2 2 2 2 2 2
left_child=1 3 -3 -1 5 -2
right_child=4 2 -4 -5 -6 -7
leaf_value=-0.063654876120594672 -0.066883869763558534 0.045622099895786049 -0.06468590492240188 0.12076940025427177 -0.15371942308383846 -0.15564159835773117
leaf_weight=70.341745883226395 72.619701400399208 510.01511600613594 551.12949754297733 1280.9027007818222 795.26614844799042 68.971104070544243
leaf_count=285 295 2056 2237 5313 3420 297
internal_value=-0.000102679 0.0571279 -0.0116758 0.111129 -0.147374 -0.110907
internal_weight=3349.25 2412.39 1061.14 1351.24 936.857 141.591
internal_count=13903 9891 4293 5598 4012 592
is_linear=0
shrinkage=0.1


Tree=4
num_leaves=7
num_cat=0
split_feature=6 19 36 10 5 2
split_gain=2381.73 781.647 384.907 96.2768 19.0649 25
threshold=1.0000000180025095e-35 1.0000000180025095e-35 1.0000000180025095e-35 1.0000000180025095e-35 1.0000000180025095e-35 1.0000000180025095e-35
decision_type=2 2 2 2 2 2
left_child=1 2 -1 -3 5 -2
right_child=4 3 -4 -5 -6 -7
leaf_value=-0.019467537877227891 -0.060876488708894394 -0.1497431613147549 0.0991049846259906 -0.04173755296504493 -0.14522896752875236 -0.14731434607518878
leaf_weight=329.01807799935341 71.941849291324615 111.5631350427866 1620.7219033241272 314.3912493288517 759.4768300652504 65.801598832011223
leaf_count=1369 295 456 6796 1270 3420 297
internal_value=-0.00013674 0.0522898 0.0790962 -0.0703101 -0.138857 -0.102933
internal_weight=3272.91 2375.69 1949.74 425.954 897.22 137.743
internal_count=13903 9891 8165 1726 4012 592
is_linear=0
shrinkage=0.1


Tree=5
num_leaves=7
num_cat=0
split_feature=6 0 12 2 5 2
split_gain=2018.39 706.164 365.615 216.704 18.5766 23.4817
threshold=1.0000000180025095e-35 1.0000000180025095e-35 1.0000000180025095e-35 1.0000000180025095e-35 1.0000000180025095e-35 1.0000000180025095e-35
decision_type=2 2 2 2 2 2
left_child=1 2 -1 -3 5 -2
right_child=4 3 -4 -5 -6 -7
leaf_value=-0.044569794094577973 -0.055470431041288959 0.013802621974878644 0.096953324364480675 -0.10594091957205475 -0.13823900978739831 -0.14051066799378928
leaf_weight=206.62953573465347 71.195193454623222 305.44015112519264 1532.1671550124884 297.76756152510643 720.16593754291534 62.316531836986542
leaf_count=849 295 1248 6567 1227 3420 297
internal_value=-0.000195514 0.0477889 0.0801195 -0.0453851 -0.131739 -0.0959124
internal_weight=3195.68 2342 1738.8 603.208 853.678 133.512
internal_count=13903 9891 7416 2475 4012 592
is_linear=0
shrinkage=0.1


Tree=6
num_leaves=7
num_cat=0
split_feature=6 25 11 37 5 24
split_gain=1720.06 625.709 268.522 196.8 18.3796 22.869
threshold=1.0000000180025095e-35 1.0000000180025095e-35 1.0000000180025095e-35 1.0000000180025095e-35 1.0000000180025095e-35 1.0000000180025095e-35
decision_type=2 2 2 2 2 2
left_child=1 3 -3 -1 5 -2
right_child=4 2 -4 -5 -6 -7
leaf_value=-0.0042513454270453428 -0.04435874871398976 -0.11781370216875937 0.011189115234323234 0.10762841625677338 -0.13237850415608524 -0.12944003291619485
leaf_weight=184.06219218671322 61.390033394098282 198.39682452380657 845.03073289990425 1074.3369191884995 679.01006877422333 67.686178103089333
leaf_count=792 281 823 3470 4806 3420 311
internal_value=-0.000241825 0.0438264 -0.0134287 0.0912737 -0.125669 -0.0896266
internal_weight=3109.91 2301.83 1043.43 1258.4 808.086 129.076
internal_count=13903 9891 4293 5598 4012 592
is_linear=0
shrinkage=0.1


Tree=7
num_leaves=7
num_cat=0
split_feature=6 28 17 10 5 2
split_gain=1470.99 538.811 314.469 86.675 18.8607 24.1307
threshold=1.0000000180025095e-35 1.0000000180025095e-35 1.0000000180025095e-35 1.0000000180025095e-35 1.0000000180025095e-35 1.0000000180025095e-35
decision_type=2 2 2 2 2 2
left_child=1 2 -1 -3 5 -2
right_child=4 3 -4 -5 -6 -7
leaf_value=-0.071437842546302005 -0.042868102041098227 -0.13204636436985731 0.077875799314832128 -0.031162693816462 -0.12738579391140517 -0.13168221079040038
leaf_weight=153.52351787686348 68.950427621603012 111.64039854705334 1642.2127761691809 353.27308467030525 637.25396990776062 56.201514601707458
leaf_count=659 295 481 7313 1438 3420 297
internal_value=-0.000271731 0.0402422 0.0650778 -0.0556195 -0.120297 -0.0834792
internal_weight=3023.06 2260.65 1795.74 464.913 762.406 125.152
internal_count=13903 9891 7972 1919 4012 592
is_linear=0
shrinkage=0.1


Tree=8
num_leaves=8
num_cat=0
split_feature=6 32 2 13 5 2 33
split_gain=1261.94 495.329 317.014 72.3668 18.9688 22.917 0.163077
threshold=1.0000000180025095e-35 1.0000000180025095e-35 1.0000000180025095e-35 1.0000000180025095e-35 1.0000000180025095e-35 1.0000000180025095e-35 1.0000000180025095e-35
decision_type=2 2 2 2 2 2 2
left_child=1 3 -3 -1 5 -2 -6
right_child=4 2 -4 -5 6 -7 -8
leaf_value=-0.043046933528337022 -0.039099968586067846 0.050553555369507314 -0.04185106118146717 0.11031618501453694 -0.10989078591213704 -0.12740325599550034 -0.12502447318414681
leaf_weight=31.66390885412693 68.174238875508308 728.72648763656616 754.82253496348858 707.53712962567806 84.319520950317383 52.504049688577652 511.49197006225586
leaf_count=127 295 3121 3247 3396 484 297 2936
internal_value=-0.00032509 0.0368815 0.00354201 0.103698 -0.115641 -0.0782498 -0.12307
internal_weight=2939.24 2222.75 1483.55 739.201 716.49 120.678 595.811
internal_count=13903 9891 6368 3523 4012 592 3420
is_linear=0
shrinkage=0.1


Tree=9
num_leaves=8
num_cat=0
split_feature=6 0 35 2 5 24 33
split_gain=1086.54 464.681 298.748 146.44 19.1592 22.4179 0.258507
threshold=1.0000000180025095e-35 1.0000000180025095e-35 1.0000000180025095e-35 1.0000000180025095e-35 1.0000000180025095e-35 1.0000000180025095e-35 1.0000000180025095e-35
decision_type=2 2 2 2 2 2 2
left_child=1 2 -1 -3 5 -2 -6
right_child=4 3 -4 -5 6 -7 -8
leaf_value=-0.0111671455261245 -0.027428059232379967 0.0068337649049700763 0.087397438615898992 -0.093001665683539889 -0.10569479735366223 -0.11556207507226729 -0.12133252255461356
leaf_weight=415.13963840901852 56.414458855986595 298.93058732151985 1182.8446502834558 287.69049961864948 79.205665349960327 59.881749242544174 476.19843018054962
leaf_count=1806 281 1248 5610 1227 484 311 2936
internal_value=-0.000338971 0.0338665 0.0618004 -0.0422024 -0.111472 -0.0734072 -0.119296
internal_weight=2856.31 2184.61 1597.98 586.621 671.7 116.296 555.404
internal_count=13903 9891 7416 2475 4012 592 3420
is_linear=0
shrinkage=0.1


Tree=10
num_leaves=8
num_cat=0
split_feature=6 26 11 13 5 2 33
split_gain=936.726 394.388 243.086 143.115 19.8219 23.4263 0.365257
threshold=1.0000000180025095e-35 1.0000000180025095e-35 1.0000000180025095e-35 1.0000000180025095e-35 1.0000000180025095e-35 1.0000000180025095e-35 1.0000000180025095e-35
decision_type=2 2 2 2 2 2 2
left_child=1 3 -3 -1 5 -2 -6
right_child=4 2 -4 -5 6 -7 -8
leaf_value=-0.067915530612617417 -0.029313512146491125 -0.1071051780413786 0.012317792256837202 0.085217181382741647 -0.10180472570060815 -0.12192236108890531 -0.11809027519730264
leaf_weight=64.412236645817757 65.86160147190094 209.02077691257 903.7266484349966 967.62608872354031 74.302094757556915 46.752816125750542 442.12686622142792
leaf_count=260 295 905 3839 4887 484 297 2936
internal_value=-0.000369813 0.031108 -0.0101909 0.0756033 -0.107575 -0.0684956 -0.115948
internal_weight=2773.83 2144.79 1112.75 1032.04 629.043 112.614 516.429
internal_count=13903 9891 4744 5147 4012 592 3420
is_linear=0
shrinkage=0.1


Tree=11
num_leaves=8
num_cat=0
split_feature=6 0 35 2 5 2 33
split_gain=809.993 358.133 252.851 121.439 20.0475 22.2018 0.480867
threshold=1.0000000180025095e-35 1.0000000180025095e-35 1.0000000180025095e-35 1.0000000180025095e-35 1.0000000180025095e-35 1.0000000180025095e-35 1.0000000180025095e-35
decision_type=2 2 2 2 2 2 2
left_child=1 2 -1 -3 5 -2 -6
right_child=4 3 -4 -5 6 -7 -8
leaf_value=-0.01320906235016972 -0.026693092743748544 0.0063035635921892715 0.078663135641541954 -0.085277338498170416 -0.098152533901306849 -0.11897424361667581 -0.11521095814247771
leaf_weight=409.04869627952576 65.227237522602081 296.7915755212307 1115.6241026073694 281.48347374796867 69.639835894107819 43.321299031376839 409.55937695503235
leaf_count=1806 295 1248 5610 1227 484 297 2936
internal_value=-0.000396336 0.0286169 0.0540226 -0.038345 -0.104077 -0.064272 -0.112941
internal_weight=2690.7 2102.95 1524.67 578.275 587.748 108.549 479.199
internal_count=13903 9891 7416 2475 4012 592 3420
is_linear=0
shrinkage=0.1


Tree=12
num_leaves=8
num_cat=0
split_feature=6 32 12 2 5 4 33
split_gain=701.244 321.598 242.434 62.4745 20.2629 22.562 0.603588
threshold=1.0000000180025095e-35 1.0000000180025095e-35 1.0000000180025095e-35 1.0000000180025095e-35 1.0000000180025095e-35 1.0000000180025095e-35 1.0000000180025095e-35
decision_type=2 2 2 2 2 2 2
left_child=1 3 -3 -1 5 -2 -6
right_child=4 2 -4 -5 6 -7 -8
leaf_value=0.11571128593398239 -0.02834529159461105 -0.10294608239805186 0.016463665847497474 0.05251352305180447 -0.094684273741292319 -0.12819547418850141 -0.11262574968340913
leaf_weight=330.02337329089642 72.152783110737801 196.11781416833401 1236.073816716671 302.21810260415077 65.237387955188751 32.528453350067139 378.67559909820557
leaf_count=1843 403 857 5511 1680 484 189 2936
internal_value=-0.000422401 0.0262901 5.18167e-05 0.0856327 -0.10081 -0.060292 -0.110208
internal_weight=2613.03 2064.43 1432.19 632.241 548.594 104.681 443.913
internal_count=13903 9891 6368 3523 4012 592 3420
is_linear=0
shrinkage=0.1


Tree=13
num_leaves=8
num_cat=0
split_feature=6 19 2 16 5 2 33
split_gain=607.108 304.987 253.469 50.5242 20.8646 22.403 0.732017
threshold=1.0000000180025095e-35 1.0000000180025095e-35 1.0000000180025095e-35 1.0000000180025095e-35 1.0000000180025095e-35 1.0000000180025095e-35 1.0000000180025095e-35
decision_type=2 2 2 2 2 2 2
left_child=1 2 -1 -3 5 -2 -6
right_child=4 3 -4 -5 6 -7 -8
leaf_value=0.082459681670041973 -0.018904554315686953 -0.02654950512389645 0.0036447131768362431 -0.10013920893562354 -0.091356993770433367 -0.11531213988313214 -0.11027910129394286
leaf_weight=820.09017618000507 63.171145245432854 250.66766972839832 811.33825495839119 148.62474077939987 61.103730082511902 38.473277308046818 349.57733845710754
leaf_count=4195 295 1088 3970 638 484 297 2936
internal_value=-0.000431289 0.0241188 0.0432898 -0.0541228 -0.0975986 -0.0561635 -0.107693
internal_weight=2543.05 2030.72 1631.43 399.292 512.325 101.644 410.681
internal_count=13903 9891 8165 1726 4012 592 3420
is_linear=0
shrinkage=0.1


Tree=14
num_leaves=8
num_cat=0
split_feature=6 12 17 15 5 24 33
split_gain=526.431 278.699 270.572 64.4261 20.9804 22.137 0.8649
threshold=1.0000000180025095e-35 1.0000000180025095e-35 1.0000000180025095e-35 1.0000000180025095e-35 1.0000000180025095e-35 1.0000000180025095e-35 1.0000000180025095e-35
decision_type=2 2 2 2 2 2 2
left_child=1 3 -3 -1 5 -2 -6
right_child=4 2 -4 -5 6 -7 -8
leaf_value=-0.0178874595106433 -0.0053056597530842659 -0.08306569845243035 0.0492665720656906 -0.11967986706797738 -0.088136451524304882 -0.099902460340217214 -0.10812548287030313
leaf_weight=109.93574152886868 49.630253545939922 170.38276018202305 1575.9973610192537 143.3536259829998 57.240723013877869 48.558908179402351 322.30757921934128
leaf_count=494 281 752 8002 643 484 311 2936
internal_value=-0.000449466 0.0220909 0.0363156 -0.0757428 -0.094646 -0.0526235 -0.10535
internal_weight=2477.41 1999.67 1746.38 253.289 477.737 98.1892 379.548
internal_count=13903 9891 8754 1137 4012 592 3420
is_linear=0
shrinkage=0.1


Tree=15
num_leaves=8
num_cat=0
split_feature=6 23 17 1 5 2 31
split_gain=455.858 266.707 160.917 150.428 21.3743 22.2021 1.03732
threshold=1.0000000180025095e-35 1.0000000180025095e-35 1.0000000180025095e-35 1.0000000180025095e-35 1.0000000180025095e-35 1.0000000180025095e-35 1.0000000180025095e-35
decision_type=2 2 2 2 2 2 2
left_child=1 2 -1 -3 5 -2 -6
right_child=4 3 -4 -5 6 -7 -8
leaf_value=-0.063962864984610346 -0.012429933030010805 0.03962761737390192 0.062081386492877526 -0.054109351281379364 -0.092279102569855692 -0.11238300476414252 -0.10848121005425854
leaf_weight=111.0396494269371 61.307292029261589 248.66435158252716 1071.9319641888142 544.4531481564045 121.49127223342657 34.120747081935406 229.01918772608042
leaf_count=496 295 1076 5959 2360 1155 297 2265
internal_value=-0.000476833 0.0201418 0.0502062 -0.0247073 -0.0916851 -0.0489635 -0.103144
internal_weight=2422.03 1976.09 1182.97 793.117 445.938 95.428 350.51
internal_count=13903 9891 6455 3436 4012 592 3420
is_linear=0
shrinkage=0.1


Tree=16
num_leaves=8
num_cat=0
split_feature=6 2 4 12 5 4 25
split_gain=395.959 256.099 170.467 138.294 21.3385 21.8915 1.18867
threshold=1.0000000180025095e-35 1.0000000180025095e-35 1.0000000180025095e-35 1.0000000180025095e-35 1.0000000180025095e-35 1.0000000180025095e-35 1.0000000180025095e-35
decision_type=2 2 2 2 2 2 2
left_child=1 3 -3 -1 5 -2 -6
right_child=4 2 -4 -5 6 -7 -8
leaf_value=-0.038272184531443265 -0.013865465070365896 0.013717298975288103 -0.072839332123342079 0.070969285086271955 -0.092079551930380837 -0.11975716445256407 -0.10856487313396374
leaf_weight=134.35939510166645 65.355051927268505 638.90994223952293 352.16458062827587 817.12127539515495 153.74986813217402 27.035135552287102 169.79287204146385
leaf_count=585 403 3306 1621 4379 1592 189 1828
internal_value=-0.000480744 0.0184891 -0.0170818 0.0555192 -0.0889084 -0.0458019 -0.101039
internal_weight=2358.49 1942.56 991.075 951.481 415.933 92.3902 323.543
internal_count=13903 9891 4927 4964 4012 592 3420
is_linear=0
shrinkage=0.1


Tree=17
num_leaves=8
num_cat=0
split_feature=6 32 12 8 5 2 33
split_gain=343.451 232.719 158.407 59.8152 21.5306 21.7516 1.39101
threshold=1.0000000180025095e-35 1.0000000180025095e-35 1.0000000180025095e-35 1.0000000180025095e-35 1.0000000180025095e-35 1.0000000180025095e-35 1.0000000180025095e-35
decision_type=2 2 2 2 2 2 2
left_child=1 3 -3 -1 5 -2 -6
right_child=4 2 -4 -5 6 -7 -8
leaf_value=0.089806335976444246 -0.0069974802539566703 -0.090201468758765557 0.0084848143566796982 0.010324288857213822 -0.078213837040237211 -0.10997156971683866 -0.10252979319814837
leaf_weight=423.69894194602966 59.70539465546608 187.6472380310297 1179.5080086141825 122.21078822016716 46.583257108926773 30.369548685848713 251.98549807816744
leaf_count=2711 295 857 5511 812 484 297 2936
internal_value=-0.000487213 0.016934 -0.00511628 0.0720644 -0.0860652 -0.0425424 -0.0990097
internal_weight=2301.71 1913.06 1367.16 545.91 388.644 90.0749 298.569
internal_count=13903 9891 6368 3523 4012 592 3420
is_linear=0
shrinkage=0.1


Tree=18
num_leaves=8
num_cat=0
split_feature=7 2 19 4 16 5 6
split_gain=301.633 216.977 146.851 119.509 94.9513 203.371 106.947
threshold=1.0000000180025095e-35 1.0000000180025095e-35 1.0000000180025095e-35 1.0000000180025095e-35 1.0000000180025095e-35 1.0000000180025095e-35 1.0000000180025095e-35
decision_type=2 2 2 2 2 2 2
left_child=1 2 -1 -3 5 -2 -6
right_child=4 3 -4 -5 6 -7 -8
leaf_value=0.075078169829714533 0.049734125780253248 0.011922745271594173 -0.029781295246864993 -0.063478418196499381 -0.28075696220233376 -0.10810706681069111 -0.086424575479311219
leaf_weight=690.10082970559597 142.81093323230743 581.91648007929325 164.9680977165699 327.85946474969387 37.265066653490067 188.13451762497425 115.44769802689552
leaf_count=3989 802 3101 686 1534 177 2333 1281
internal_value=-0.000481558 0.0186983 0.0548365 -0.0152897 -0.0703621 -0.0400502 -0.135364
internal_weight=2248.5 1764.84 855.069 909.776 483.658 330.945 152.713
internal_count=13903 9310 4675 4635 4593 3135 1458
is_linear=0
shrinkage=0.1


Tree=19
num_leaves=8
num_cat=0
split_feature=6 17 12 31 5 4 25
split_gain=263.154 197.762 201.054 41.2945 19.0069 20.5569 1.85995
threshold=1.0000000180025095e-35 1.0000000180025095e-35 1.0000000180025095e-35 1.0000000180025095e-35 1.0000000180025095e-35 1.0000000180025095e-35 1.0000000180025095e-35
decision_type=2 2 2 2 2 2 2
left_child=1 3 -3 -1 5 -2 -6
right_child=4 2 -4 -5 6 -7 -8
leaf_value=-0.010159819860008227 -0.0095890385442234851 -0.063088233345789543 0.039012781981564486 -0.11201970206304664 -0.083821422256131067 -0.1161815656247204 -0.10462855617376217
leaf_weight=56.782023802399635 63.20952807366848 221.62216763943434 1445.3248351514339 133.77673410624266 121.74643008410931 24.46598856896162 131.52267840504646
leaf_count=272 403 1035 8002 582 1592 189 1828
internal_value=-0.000469759 0.014364 0.0254087 -0.0818793 -0.0810916 -0.0403086 -0.0949956
internal_weight=2198.45 1857.51 1666.95 190.559 340.945 87.6755 253.269
internal_count=13903 9891 9037 854 4012 592 3420
is_linear=0
shrinkage=0.1


Tree=20
num_leaves=8
num_cat=0
split_feature=7 0 13 16 5 6 10
split_gain=227.949 186.181 159.052 83.0053 172.894 76.618 74.0408
threshold=1.0000000180025095e-35 1.0000000180025095e-35 1.0000000180025095e-35 1.0000000180025095e-35 1.0000000180025095e-35 1.0000000180025095e-35 1.0000000180025095e-35
decision_type=2 2 2 2 2 2 2
left_child=1 2 -1 4 -2 -5 -3
right_child=3 6 -4 5 -6 -7 -8
leaf_value=-0.084429947520399312 0.045610752838027173 -0.10582552924248312 0.048114342971310585 -0.24610978193256405 -0.10604119834234771 -0.080752498235536527 -0.014253673835018611
leaf_weight=97.658874332904816 141.14973923563957 112.81137275695801 1110.3421050161123 38.762799993157387 158.79864083230495 101.0799757912755 395.74174927175045
leaf_count=421 802 582 6548 177 2333 1281 1759
internal_value=-0.000485947 0.0159777 0.037338 -0.0646358 -0.0347624 -0.12801 -0.0347347
internal_weight=2156.35 1716.55 1208 439.791 299.948 139.843 508.553
internal_count=13903 9310 6969 4593 3135 1458 2341
is_linear=0
shrinkage=0.1


Tree=21
num_leaves=7
num_cat=0
split_feature=6 2 17 4 2 25
split_gain=201.256 193.159 113.802 100.872 19.2865 23.9607
threshold=1.0000000180025095e-35 1.0000000180025095e-35 1.0000000180025095e-35 1.0000000180025095e-35 1.0000000180025095e-35 1.0000000180025095e-35
decision_type=2 2 2 2 2 2
left_child=1 2 -1 -3 5 -2
right_child=4 3 -4 -5 -6 -7
leaf_value=-0.062957897372270907 -0.014472913146157935 0.0053555787012839525 0.058181453480969626 -0.062735947133082351 -0.10451953941784137 -0.09011747326452911
leaf_weight=85.272984772920609 82.922634534537792 602.75333122909069 780.40984495729208 339.32245106250048 133.35882876068354 84.538428761065006
leaf_count=388 955 3306 4576 1621 1983 1074
internal_value=-0.000498319 0.012116 0.0461899 -0.0192105 -0.0760925 -0.0529684
internal_weight=2108.58 1807.76 865.683 942.076 300.82 167.461
internal_count=13903 9891 4964 4927 4012 2029
is_linear=0
shrinkage=0.1


Tree=22
num_leaves=8
num_cat=0
split_feature=32 8 17 5 13 2 31
split_gain=186.661 107.924 107.833 120.568 64.6915 61.873 9.19452
threshold=1.0000000180025095e-35 1.0000000180025095e-35 1.0000000180025095e-35 1.0000000180025095e-35 1.0000000180025095e-35 1.0000000180025095e-35 1.0000000180025095e-35
decision_type=2 2 2 2 2 2 2
left_child=1 4 6 -4 -1 -3 -2
right_child=2 5 3 -5 -6 -7 -8
leaf_value=-0.055229634466477273 -0.045445934811512913 0.047102725485821034 0.0021897802292129317 -0.093570453155567626 0.093377143625980388 -0.075224039643031232 -0.10085300616367487
leaf_weight=31.431855857372284 40.734373219311237 78.186224333941936 1204.1452200710773 146.59112950786948 336.23123802244663 85.61590389534831 146.33430469036102
leaf_count=127 223 745 6098 2569 2584 760 797
internal_value=-0.000489864 0.0505437 -0.0181485 -0.00826431 0.0805573 -0.0169034 -0.0890939
internal_weight=2069.27 531.465 1537.81 1350.74 367.663 163.802 187.069
internal_count=13903 4216 9687 8667 2711 1505 1020
is_linear=0
shrinkage=0.1


Tree=23
num_leaves=8
num_cat=0
split_feature=18 34 12 2 16 10 2
split_gain=160.387 178.936 81.2022 68.5393 34.7426 17.5234 2.12542
threshold=1.0000000180025095e-35 1.0000000180025095e-35 1.0000000180025095e-35 1.0000000180025095e-35 1.0000000180025095e-35 1.0000000180025095e-35 1.0000000180025095e-35
decision_type=2 2 2 2 2 2 2
left_child=1 3 -3 -1 5 -2 -6
right_child=4 2 -4 -5 6 -7 -8
leaf_value=0.0090512274182063847 -0.10713355024460786 -0.051741611393886271 0.052972150429342182 -0.047801993789086013 -0.093227049839557596 -0.026720271747628754 -0.12687920610944556
leaf_weight=398.55359345674515 31.815009124577045 80.877976380288601 793.27056953683496 451.46952315792441 62.718538608402014 163.21610933914781 53.208783999085426
leaf_count=2930 189 378 5424 3139 366 1081 396
internal_value=-0.000440306 0.0114917 0.0432358 -0.0211657 -0.0664247 -0.0403175 -0.109626
internal_weight=2035.13 1724.17 874.149 850.023 310.958 195.031 115.927
internal_count=13903 11871 5802 6069 2032 1270 762
is_linear=0
shrinkage=0.1


Tree=24
num_leaves=7
num_cat=0
split_feature=5 2 19 11 16 25
split_gain=156.3 153.335 108.815 76.8597 10.2345 14.1657
threshold=1.0000000180025095e-35 1.0000000180025095e-35 1.0000000180025095e-35 1.0000000180025095e-35 1.0000000180025095e-35 1.0000000180025095e-35
decision_type=2 2 2 2 2 2
left_child=1 2 -1 -3 -2 -6
right_child=4 3 -4 -5 5 -7
leaf_value=0.057197499543275077 -0.10380076156797068 -0.082970461503384274 -0.027367569461343222 -0.0066693117703719345 0.00031935219698237346 -0.096441040919717572
leaf_weight=686.15596240758896 125.99480523169041 157.64076895266771 194.78040684759617 788.02227159217 27.905927285552025 32.031236987560987
leaf_count=4407 2333 851 852 4373 456 631
internal_value=-0.000416014 0.00849247 0.0384898 -0.0194628 -0.0875104 -0.0521248
internal_weight=2012.53 1826.6 880.936 945.663 185.932 59.9372
internal_count=13903 10483 5259 5224 3420 1087
is_linear=0
shrinkage=0.1


end of trees

feature_importances:
yr_lt=_0.5=30
hr_lt=_5.5=23
hr_lt=_6.5=22
hr_lt=_21.5=8
atemp_lt=_0.6136500239372253=8
hr_lt=_22.5=7
mnth_lt=_4.5=6
weathersit_lt=_2.5=6
temp_lt=_0.4699999988079071=6
workingday_lt=_0.5=5
season_lt=_1.5=4
hr_lt=_19.5=4
hr_lt=_20.5=4
temp_lt=_0.3100000023841858=4
temp_lt=_0.45000000298023224=4
atemp_lt=_0.5985000133514404=4
atemp_lt=_0.5227500200271606=3
hr_lt=_7.5=2
hr_lt=_11.5=2
hum_lt=_0.7450000047683716=2
season_lt=_2.5=1
weekday_lt=_3.5=1
temp_lt=_0.26999999582767487=1
temp_lt=_0.3700000047683716=1
temp_lt=_0.4099999964237213=1
temp_lt=_0.5099999904632568=1
atemp_lt=_0.31059999763965607=1
atemp_lt=_0.3409000039100647=1
hum_lt=_0.625=1
hum_lt=_0.7950000166893005=1
hum_lt=_0.8149999976158142=1

parameters:
[boosting: gbdt]
[objective: binary]
[metric: binary_logloss]
[tree_learner: serial]
[device_type: cpu]
[data_sample_strategy: bagging]
[data: ]
[valid: ]
[num_iterations: 25]
[learning_rate: 0.1]
[num_leaves: 31]
[num_threads: 8]
[seed: 42]
[deterministic: 0]
[force_col_wise: 0]
[force_row_wise: 0]
[histogram_pool_size: -1]
[max_depth: 3]
[min_data_in_leaf: 20]
[min_sum_hessian_in_leaf: 0.001]
[bagging_fraction: 1]
[pos_bagging_fraction: 1]
[neg_bagging_fraction: 1]
[bagging_freq: 0]
[bagging_seed: 400]
[bagging_by_query: 0]
[feature_fraction: 1]
[feature_fraction_bynode: 1]
[feature_fraction_seed: 30056]
[extra_trees: 0]
[extra_seed: 12879]
[early_stopping_round: 0]
[early_stopping_min_delta: 0]
[first_metric_only: 0]
[max_delta_step: 0]
[lambda_l1: 0]
[lambda_l2: 1]
[linear_lambda: 0]
[min_gain_to_split: 0]
[drop_rate: 0.1]
[max_drop: 50]
[skip_drop: 0.5]
[xgboost_dart_mode: 0]
[uniform_drop: 0]
[drop_seed: 17869]
[top_rate: 0.2]
[other_rate: 0.1]
[min_data_per_group: 100]
[max_cat_threshold: 32]
[cat_l2: 10]
[cat_smooth: 10]
[max_cat_to_onehot: 4]
[top_k: 20]
[monotone_constraints: ]
[monotone_constraints_method: basic]
[monotone_penalty: 0]
[feature_contri: ]
[forcedsplits_filename: ]
[refit_decay_rate: 0.9]
[cegb_tradeoff: 1]
[cegb_penalty_split: 0]
[cegb_penalty_feature_lazy: ]
[cegb_penalty_feature_coupled: ]
[path_smooth: 0]
[interaction_constraints: ]
[verbosity: -1]
[saved_feature_importance_type: 0]
[use_quantized_grad: 0]
[num_grad_quant_bins: 4]
[quant_train_renew_leaf: 0]
[stochastic_rounding: 1]
[linear_tree: 0]
[max_bin: 255]
[max_bin_by_feature: ]
[min_data_in_bin: 3]
[bin_construct_sample_cnt: 200000]
[data_random_seed: 175]
[is_enable_sparse: 1]
[enable_bundle: 1]
[use_missing: 1]
[zero_as_missing: 0]
[feature_pre_filter: 1]
[pre_partition: 0]
[two_round: 0]
[header: 0]
[label_column: ]
[weight_column: ]
[group_column: ]
[ignore_column: ]
[categorical_feature: ]
[forcedbins_filename: ]
[precise_float_parser: 0]
[parser_config_file: ]
[objective_seed: 16083]
[num_class: 1]
[is_unbalance: 0]
[scale_pos_weight: 1]
[sigmoid: 1]
[boost_from_average: 1]
[reg_sqrt: 0]
[alpha: 0.9]
[fair_c: 1]
[poisson_max_delta_step: 0.7]
[tweedie_variance_power: 1.5]
[lambdarank_truncation_level: 30]
[lambdarank_norm: 1]
[label_gain: ]
[lambdarank_position_bias_regularization: 0]
[eval_at: ]
[multi_error_top_k: 1]
[auc_mu_weights: ]
[num_machines: 1]
[local_listen_port: 12400]
[time_out: 120]
[machine_list_filename: ]
[machines: ]
[gpu_platform_id: -1]
[gpu_device_id: -1]
[gpu_use_dp: 0]
[num_gpu: 1]

end of parameters

pandas_categorical:[]
