tree
version=v4
num_class=1
num_tree_per_iteration=1
label_index=0
max_feature_idx=6
objective=binary sigmoid:1
feature_names=V14_lt=_-2.7159359455108643 V14_lt=_-1.8273465633392334 V14_lt=_-1.812438189983368 V14_lt=_-1.7687879800796509 V14_lt=_-1.5627466440200806 V14_lt=_-1.4205476641654968 V4_lt=_1.5782626867294312
feature_infos=[0:1] [0:1] [0:1] [0:1] [0:1] [0:1] [0:1]
tree_sizes=926 1026 1024 1024 1025 1025 1026 1032 1031 1027 1030 1030 1033 820 821 819 820 821 819 819 819 815 823 821 824

Tree=0
num_leaves=8
num_cat=0
split_feature=2 6 0 6 5 5 6
split_gain=263206 9439.56 4121.27 1572.12 1402.53 1126.14 422.408
threshold=1.0000000180025095e-35 1.0000000180025095e-35 1.0000000180025095e-35 1.0000000180025095e-35 1.0000000180025095e-35 1.0000000180025095e-35 1.0000000180025095e-35
decision_type=2 2 2 2 2 2 2
left_child=1 4 3 -2 -1 -3 -4
right_child=2 5 6 -5 -6 -7 -8
leaf_value=-0.053178446500904093 0.16404989169150727 -0.17387762011186841 0.19872202658690535 0.0060229711927658018 0.1335312948708034 -0.078949553691895005 0.15990738653823003
leaf_weight=5912.5 1022.5 42227.5 35387 1635.75 430.75 1290.25 3074
leaf_count=23650 4090 168910 141548 6543 1723 5161 12296
internal_value=5.49691e-06 -0.154453 0.187301 0.0668471 -0.0404805 -0.171065 0.195624
internal_weight=90980.2 49861 41119.2 2658.25 6343.25 43517.8 38461
internal_count=363921 199444 164477 10633 25373 174071 153844
is_linear=0
shrinkage=1


Tree=1
num_leaves=8
num_cat=0
split_feature=2 6 0 6 5 5 6
split_gain=215039 7782.4 3419.62 1286.9 1139.69 934.412 357.227
threshold=1.0000000180025095e-35 1.0000000180025095e-35 1.0000000180025095e-35 1.0000000180025095e-35 1.0000000180025095e-35 1.0000000180025095e-35 1.0000000180025095e-35
decision_type=2 2 2 2 2 2 2
left_child=1 4 3 -2 -1 -3 -4
right_child=2 5 6 -5 -6 -7 -8
leaf_value=-0.047901546715849598 0.14868758073637631 -0.15772502909358371 0.18068266061515548 0.0054161475285739646 0.12075936999414467 -0.071180468796810212 0.14487275529826832
leaf_weight=5908.3217978477478 1015.6512823700905 41909.930736422539 35039.924165904522 1635.7351802587509 428.83556593954563 1288.2415518164635 3054.4327037334442
leaf_count=23650 4090 168910 141548 6543 1723 5161 12296
internal_value=7.02257e-06 -0.139965 0.170172 0.0603337 -0.036471 -0.155146 0.177815
internal_weight=90281.1 49535.3 40745.7 2651.39 6337.16 43198.2 38094.4
internal_count=363921 199444 164477 10633 25373 174071 153844
is_linear=0
shrinkage=0.1


Tree=2
num_leaves=8
num_cat=0
split_feature=2 6 0 6 5 5 6
split_gain=178257 6605.84 2952.81 1071.64 930.583 806.705 324.039
threshold=1.0000000180025095e-35 1.0000000180025095e-35 1.0000000180025095e-35 1.0000000180025095e-35 1.0000000180025095e-35 1.0000000180025095e-35 1.0000000180025095e-35
decision_type=2 2 2 2 2 2 2
left_child=1 4 3 -2 -1 -3 -4
right_child=2 5 6 -5 -6 -7 -8
leaf_value=-0.043195826732150951 0.13633057337938681 -0.14493594553013461 0.16709813670439633 0.0048749794741513551 0.11004796075880921 -0.064342153260380855 0.13270163482194025
leaf_weight=5897.423442453146 997.90065005421638 41087.611289620399 34143.469962477684 1635.6964734345675 423.86088727414608 1283.0069433748722 3003.704203248024
leaf_count=23650 4090 168910 141548 6543 1723 5161 12296
internal_value=2.8272e-05 -0.128271 0.157066 0.0547179 -0.0329046 -0.142497 0.16432
internal_weight=88472.7 48691.9 39780.8 2633.6 6321.28 42370.6 37147.2
internal_count=363921 199444 164477 10633 25373 174071 153844
is_linear=0
shrinkage=0.1


Tree=3
num_leaves=8
num_cat=0
split_feature=2 6 0 6 5 5 6
split_gain=149368 5726.78 2625.62 903.538 762.533 716.405 308.6
threshold=1.0000000180025095e-35 1.0000000180025095e-35 1.0000000180025095e-35 1.0000000180025095e-35 1.0000000180025095e-35 1.0000000180025095e-35 1.0000000180025095e-35
decision_type=2 2 2 2 2 2 2
left_child=1 4 3 -2 -1 -3 -4
right_child=2 5 6 -5 -6 -7 -8
leaf_value=-0.038985365473340985 0.1260629010246018 -0.13446542914706325 0.15651726829386436 0.004387932814920655 0.10083989013751463 -0.058270129123109318 0.12253184676073053
leaf_weight=5881.8383537232876 972.63449266552925 39918.050195127726 32870.948564589024 1635.6411918997765 416.76568372547626 1275.5257122963667 2931.4841809272766
leaf_count=23650 4090 168910 141548 6543 1723 5161 12296
internal_value=5.74859e-05 -0.118529 0.146681 0.0497918 -0.0297189 -0.132108 0.153738
internal_weight=85902.9 47492.2 38410.7 2608.28 6298.6 41193.6 35802.4
internal_count=363921 199444 164477 10633 25373 174071 153844
is_linear=0
shrinkage=0.1


Tree=4
num_leaves=8
num_cat=0
split_feature=2 6 0 6 5 5 6
split_gain=126191 5041.49 2386.65 768.7 649.056 626.45 303.973
threshold=1.0000000180025095e-35 1.0000000180025095e-35 1.0000000180025095e-35 1.0000000180025095e-35 1.0000000180025095e-35 1.0000000180025095e-35 1.0000000180025095e-35
decision_type=2 2 2 2 2 2 2
left_child=1 5 3 -2 -3 -1 -4
right_child=2 4 6 -5 -6 -7 -8
leaf_value=-0.035205380402475332 0.11730152573202351 -0.12565001895367664 0.14806232265120775 0.0039495763860868888 -0.052838934087232184 0.092767094605135492 0.11381194552539542
leaf_weight=5863.1340622901917 942.39753901958466 38519.202038496733 31351.084143340588 1635.5747955590487 1266.5494500994682 408.26273633539677 2845.0464732646942
leaf_count=23650 4090 168910 141548 6543 5161 1723 12296
internal_value=9.15006e-05 -0.110198 0.138221 0.0454157 -0.123334 -0.026861 0.145216
internal_weight=82831.3 46057.1 36774.1 2577.97 39785.8 6271.4 34196.1
internal_count=363921 199444 164477 10633 174071 25373 153844
is_linear=0
shrinkage=0.1


Tree=5
num_leaves=8
num_cat=0
split_feature=2 6 0 6 5 5 6
split_gain=107284 4487.6 2206.04 658.218 596.266 515.618 306.427
threshold=1.0000000180025095e-35 1.0000000180025095e-35 1.0000000180025095e-35 1.0000000180025095e-35 1.0000000180025095e-35 1.0000000180025095e-35 1.0000000180025095e-35
decision_type=2 2 2 2 2 2 2
left_child=1 5 3 -2 -3 -1 -4
right_child=2 4 6 -5 -6 -7 -8
leaf_value=-0.031803309200285471 0.1096557760265553 -0.11804900348916098 0.14116758729812082 0.0035550358393775863 -0.047953689526134546 0.085575955413726229 0.10617113095791875
leaf_weight=5842.5098277628422 909.10531401634216 36979.651055783033 29680.02592843771 1635.5014768391848 1256.6524825245142 398.89213810861111 2749.8709639310837
leaf_count=23650 4090 168910 141548 6543 5161 1723 12296
internal_value=0.000128606 -0.102914 0.131168 0.0414896 -0.115747 -0.024289 0.138203
internal_weight=79452.2 44477.7 34974.5 2544.61 38236.3 6241.4 32429.9
internal_count=363921 199444 164477 10633 174071 25373 153844
is_linear=0
shrinkage=0.1


Tree=6
num_leaves=8
num_cat=0
split_feature=2 6 0 6 5 5 6
split_gain=91657.2 4025.89 2065.35 566.15 552.907 424.954 313.776
threshold=1.0000000180025095e-35 1.0000000180025095e-35 1.0000000180025095e-35 1.0000000180025095e-35 1.0000000180025095e-35 1.0000000180025095e-35 1.0000000180025095e-35
decision_type=2 2 2 2 2 2 2
left_child=1 5 3 -2 -3 -1 -4
right_child=2 4 6 -5 -6 -7 -8
leaf_value=-0.028735667690990209 0.10285445845911496 -0.1113579480569029 0.13545094644487304 0.0031999087247945564 -0.043540964921847329 0.079087331662147264 0.099351710173904983
leaf_weight=5820.8755791187286 874.19595450162888 35365.779421776533 27929.544674277306 1635.424648180604 1246.2697067409754 389.06111547350883 2650.0726959705353
leaf_count=23650 4090 168910 141548 6543 5161 1723 12296
internal_value=0.000167768 -0.0964231 0.125169 0.0379405 -0.109051 -0.0219688 0.132326
internal_weight=75911.2 42822 33089.2 2509.62 36612 6209.94 30579.6
internal_count=363921 199444 164477 10633 174071 25373 153844
is_linear=0
shrinkage=0.1


Tree=7
num_leaves=8
num_cat=0
split_feature=1 6 0 5 6 5 6
split_gain=78607.4 3640.19 1890.79 556.527 485.171 357.427 324.637
threshold=1.0000000180025095e-35 1.0000000180025095e-35 1.0000000180025095e-35 1.0000000180025095e-35 1.0000000180025095e-35 1.0000000180025095e-35 1.0000000180025095e-35
decision_type=2 2 2 2 2 2 2
left_child=1 5 4 -3 -2 -1 -4
right_child=2 3 6 -5 -6 -7 -8
leaf_value=-0.025965875763419324 0.097351135112955844 -0.10535992704130025 0.13064438193541236 -0.038136243672006083 0.0029209929905097604 0.072585117858394554 0.09317001440296481
leaf_weight=5798.9132344722748 825.82170613110065 33727.002516686916 26152.904755055904 1279.7161985933781 1591.3575941324234 391.99370707571507 2548.7199498414993
leaf_count=23650 4027 168910 141548 5337 6367 1786 12296
internal_value=0.000208325 -0.0904034 0.120167 -0.102904 0.0352097 -0.0197151 0.12732
internal_weight=72316.4 41197.6 31118.8 35006.7 2417.18 6190.91 28701.6
internal_count=363921 199683 164238 174247 10394 25436 153844
is_linear=0
shrinkage=0.1


Tree=8
num_leaves=8
num_cat=0
split_feature=1 6 0 5 6 6 5
split_gain=67615.1 3292.44 1801.9 519.987 419.517 338.063 294.967
threshold=1.0000000180025095e-35 1.0000000180025095e-35 1.0000000180025095e-35 1.0000000180025095e-35 1.0000000180025095e-35 1.0000000180025095e-35 1.0000000180025095e-35
decision_type=2 2 2 2 2 2 2
left_child=1 6 4 -3 -2 -4 -1
right_child=2 3 5 -5 -6 -7 -8
leaf_value=-0.023462679110018037 0.091703081997088182 -0.099896662740944955 0.12655390850713863 -0.034612401530974668 0.0026292156015507748 0.087492765314193144 0.067189579251115822
leaf_weight=5777.1263912320137 790.91660822927952 32099.6777574718 24389.19863152504 1269.6511604636908 1591.2811243236065 2448.0731683969498 381.75282476842403
leaf_count=23650 4027 168910 141548 5337 6367 12296 1786
internal_value=0.000249817 -0.0850152 0.115596 -0.0974138 0.0322288 0.122994 -0.0178337
internal_weight=68747.7 39528.2 29219.5 33369.3 2382.2 26837.3 6158.88
internal_count=363921 199683 164238 174247 10394 153844 25436
is_linear=0
shrinkage=0.1


Tree=9
num_leaves=8
num_cat=0
split_feature=2 6 6 0 5 5 0
split_gain=58292.3 2978.87 1778.73 612.334 448.842 239.398 101.735
threshold=1.0000000180025095e-35 1.0000000180025095e-35 1.0000000180025095e-35 1.0000000180025095e-35 1.0000000180025095e-35 1.0000000180025095e-35 1.0000000180025095e-35
decision_type=2 2 2 2 2 2 2
left_child=1 5 6 -4 -3 -1 -2
right_child=2 4 3 -5 -6 -7 -8
leaf_value=-0.02119903152362497 0.085804169542860617 -0.094850595392819287 0.0025363627837328186 0.08222207291577352 -0.032858917210760522 0.06279407279554404 0.12303534965397314
leaf_weight=5755.8794438838959 768.93238034844398 30510.102291405201 1635.1878506988287 2349.7687312364578 1215.8509761095047 359.63603417575359 22666.639358341694
leaf_count=23650 4090 168910 6543 12296 5161 1723 141548
internal_value=0.000291809 -0.080158 0.111315 0.0495327 -0.092476 -0.0162502 0.121817
internal_weight=65262 37841.5 27420.5 3984.96 31726 6115.52 23435.6
internal_count=363921 199444 164477 18839 174071 25373 145638
is_linear=0
shrinkage=0.1


Tree=10
num_leaves=8
num_cat=0
split_feature=1 6 6 0 5 5 0
split_gain=50337.3 2702.92 1717.22 527.236 454.984 200.327 101.849
threshold=1.0000000180025095e-35 1.0000000180025095e-35 1.0000000180025095e-35 1.0000000180025095e-35 1.0000000180025095e-35 1.0000000180025095e-35 1.0000000180025095e-35
decision_type=2 2 2 2 2 2 2
left_child=1 5 6 -4 -3 -1 -2
right_child=2 4 3 -5 -6 -7 -8
leaf_value=-0.019151268275758752 0.081597747078296867 -0.090133298382635993 0.002113204400289836 0.077285551415330445 -0.02848550088548555 0.057463480530637781 0.119979102712511
leaf_weight=5735.4275390505791 724.14162528514862 28976.810976117849 1591.1295129656792 2254.9615035057068 1249.9725923240185 361.91363880038261 21005.057911872864
leaf_count=23650 4027 168910 6367 12296 5337 1786 141548
internal_value=0.00033392 -0.0753337 0.107802 0.0461954 -0.087585 -0.014595 0.118704
internal_weight=61899.4 36324.1 25575.3 3846.09 30226.8 6097.34 21729.2
internal_count=363921 199683 164238 18663 174247 25436 145575
is_linear=0
shrinkage=0.1


Tree=11
num_leaves=8
num_cat=0
split_feature=1 6 6 0 5 5 0
split_gain=43520.9 2448.29 1696.85 458.787 424.863 165.304 107.622
threshold=1.0000000180025095e-35 1.0000000180025095e-35 1.0000000180025095e-35 1.0000000180025095e-35 1.0000000180025095e-35 1.0000000180025095e-35 1.0000000180025095e-35
decision_type=2 2 2 2 2 2 2
left_child=1 5 6 -4 -3 -1 -2
right_child=2 4 3 -5 -6 -7 -8
leaf_value=-0.017298458093050521 0.076964749480745193 -0.085677902992742139 0.0019021089454967955 0.072629682398589399 -0.025835419010036734 0.053147167732623526 0.11730007849105795
leaf_weight=5715.9426540136337 692.68446822464466 27512.363417744637 1591.0612973421812 2164.4342210292816 1240.9658886641264 352.750100299716 19417.864773690701
leaf_count=23650 4027 168910 6367 12296 5337 1786 141548
internal_value=0.000375866 -0.0709148 0.104392 0.0426736 -0.0830961 -0.0131956 0.115915
internal_weight=58688.1 34822 23866 3755.5 28753.3 6068.69 20110.5
internal_count=363921 199683 164238 18663 174247 25436 145575
is_linear=0
shrinkage=0.1


Tree=12
num_leaves=8
num_cat=0
split_feature=1 6 6 0 5 5 0
split_gain=37658 2214.32 1678.87 398.646 395.748 136.352 113.623
threshold=1.0000000180025095e-35 1.0000000180025095e-35 1.0000000180025095e-35 1.0000000180025095e-35 1.0000000180025095e-35 1.0000000180025095e-35 1.0000000180025095e-35
decision_type=2 2 2 2 2 2 2
left_child=1 5 6 -4 -3 -1 -2
right_child=2 4 3 -5 -6 -7 -8
leaf_value=-0.015621993682683312 0.072563194075777812 -0.081433777259222698 0.0017120826217047619 0.068215032324657088 -0.023423316628283872 0.049115943612525699 0.1149311114919933
leaf_weight=5697.5312173366547 662.87264244258404 26124.745914936066 1590.9969716221094 2078.6843388080597 1232.4524018317461 344.0816316306591 17913.539046645164
leaf_count=23650 4027 168910 6367 12296 5337 1786 141548
internal_value=0.000417261 -0.0667214 0.101213 0.0393909 -0.0788213 -0.0119275 0.113423
internal_weight=55644.9 33398.8 22246.1 3669.68 27357.2 6041.61 18576.4
internal_count=363921 199683 164238 18663 174247 25436 145575
is_linear=0
shrinkage=0.1


Tree=13
num_leaves=6
num_cat=0
split_feature=0 6 5 5 6
split_gain=32655.4 2414.91 1203.65 461.269 423.538
threshold=1.0000000180025095e-35 1.0000000180025095e-35 1.0000000180025095e-35 1.0000000180025095e-35 1.0000000180025095e-35
decision_type=2 2 2 2 2
left_child=1 3 -3 -1 -2
right_child=4 2 -4 -5 -6
leaf_value=-0.014105192657798383 0.11281825195794148 -0.077362888996892212 -0.0083655811797050429 0.060451910303655515 0.064012868936939957
leaf_weight=5680.2510246634483 16496.825442641973 24818.448715656996 2815.3957604020834 970.74078607559204 1997.9923738241196
leaf_count=23650 141548 168910 11704 5813 12296
internal_value=0.000457752 -0.0573139 -0.0703339 -0.00321581 0.10755
internal_weight=52779.7 34284.8 27633.8 6650.99 18494.8
internal_count=363921 210077 180614 29463 153844
is_linear=0
shrinkage=0.1


Tree=14
num_leaves=6
num_cat=0
split_feature=0 6 5 6 5
split_gain=28438.9 2130.65 1091.34 441.414 385.386
threshold=1.0000000180025095e-35 1.0000000180025095e-35 1.0000000180025095e-35 1.0000000180025095e-35 1.0000000180025095e-35
decision_type=2 2 2 2 2
left_child=1 4 -3 -2 -1
right_child=3 2 -4 -5 -6
leaf_value=-0.012733058605749751 0.11091748077278799 -0.073437068754839033 -0.0075367861115471892 0.060002569463508126 0.056458515447296534
leaf_weight=5664.1232207417488 15169.649688273668 23595.336883664131 2812.7523062974215 1922.4743072986603 937.32248844206333
leaf_count=23650 141548 168910 11704 12296 5813
internal_value=0.000496843 -0.0537165 -0.0664185 0.105195 -0.00290166
internal_weight=50101.7 33009.5 26408.1 17092.1 6601.45
internal_count=363921 210077 180614 153844 29463
is_linear=0
shrinkage=0.1


Tree=15
num_leaves=6
num_cat=0
split_feature=0 6 5 6 5
split_gain=24781.6 1875.56 986.436 458.769 321.697
threshold=1.0000000180025095e-35 1.0000000180025095e-35 1.0000000180025095e-35 1.0000000180025095e-35 1.0000000180025095e-35
decision_type=2 2 2 2 2
left_child=1 4 -3 -2 -1
right_child=3 2 -4 -5 -6
leaf_value=-0.011492039307225289 0.10919243214260672 -0.069636042894623537 -0.0067896272453392102 0.056169714204989479 0.052659813820684721
leaf_weight=5649.1411097347736 13931.837772101164 22455.309740751982 2810.2957100123167 1852.1231766939163 906.18629716336727
leaf_count=23650 141548 168910 11704 12296 5813
internal_value=0.000534267 -0.0502803 -0.0626462 0.102975 -0.00261722
internal_weight=47604.9 31820.9 25265.6 15784 6555.33
internal_count=363921 210077 180614 153844 29463
is_linear=0
shrinkage=0.1


Tree=16
num_leaves=6
num_cat=0
split_feature=0 6 5 6 5
split_gain=21603.6 1646.65 888.486 475.312 268.254
threshold=1.0000000180025095e-35 1.0000000180025095e-35 1.0000000180025095e-35 1.0000000180025095e-35 1.0000000180025095e-35
decision_type=2 2 2 2 2
left_child=1 4 -3 -2 -1
right_child=3 2 -4 -5 -6
leaf_value=-0.010369888533777759 0.10761260905192382 -0.065945846059866961 -0.006116125948342533 0.052504477493572371 0.049045783856477163
leaf_weight=5635.2786131203175 12781.680163562298 21396.824393421412 2808.0220703482628 1786.8420561552048 877.29085645079613
leaf_count=23650 141548 168910 11704 12296 5813
internal_value=0.000569661 -0.0469962 -0.0590055 0.100858 -0.00235986
internal_weight=45285.9 30717.4 24204.8 14568.5 6512.57
internal_count=363921 210077 180614 153844 29463
is_linear=0
shrinkage=0.1


Tree=17
num_leaves=6
num_cat=0
split_feature=0 6 5 6 4
split_gain=18838.3 1441.45 797.189 490.771 223.597
threshold=1.0000000180025095e-35 1.0000000180025095e-35 1.0000000180025095e-35 1.0000000180025095e-35 1.0000000180025095e-35
decision_type=2 2 2 2 2
left_child=1 4 -3 -2 -1
right_child=3 2 -4 -5 -6
leaf_value=-0.0088140799951157214 0.10615209836616801 -0.062357623186255033 -0.0055090767427053954 0.049000449884046116 0.049511672868847452
leaf_weight=5731.66898265481 11716.372641950846 20417.308513522148 2805.9248842895031 1726.4697079658508 741.39231263101101
leaf_count=24300 141548 168910 11704 12296 5163
internal_value=0.000602655 -0.0438583 -0.0554895 0.0988163 -0.00212712
internal_weight=43139.1 29696.3 23223.2 13442.8 6473.06
internal_count=363921 210077 180614 153844 29463
is_linear=0
shrinkage=0.1


Tree=18
num_leaves=6
num_cat=0
split_feature=0 6 5 6 5
split_gain=16428.8 1258.24 712.346 504.896 188.719
threshold=1.0000000180025095e-35 1.0000000180025095e-35 1.0000000180025095e-35 1.0000000180025095e-35 1.0000000180025095e-35
decision_type=2 2 2 2 2
left_child=1 4 -3 -2 -1
right_child=3 2 -4 -5 -6
leaf_value=-0.0084918034827884178 0.10478864969304091 -0.058866534173948631 -0.0049619600228135744 0.045653598055575305 0.042637206977710326
leaf_weight=5611.4269852638245 10732.351663917303 19513.472440689802 2803.9961654692888 1670.80000436306 827.47117622196674
leaf_count=23650 141548 168910 11704 12296 5813
internal_value=0.000632974 -0.0408592 -0.0520944 0.096827 -0.00191555
internal_weight=41159.5 28756.4 22317.5 12403.2 6438.9
internal_count=363921 210077 180614 153844 29463
is_linear=0
shrinkage=0.1


Tree=19
num_leaves=6
num_cat=0
split_feature=0 6 5 6 3
split_gain=14328.1 1094.29 633.804 517.454 158.595
threshold=1.0000000180025095e-35 1.0000000180025095e-35 1.0000000180025095e-35 1.0000000180025095e-35 1.0000000180025095e-35
decision_type=2 2 2 2 2
left_child=1 4 -3 -2 -1
right_child=3 2 -4 -5 -6
leaf_value=-0.0065973888481353441 0.10350283832255483 -0.055470947697150157 -0.0044689210696798667 0.042461531919469525 0.049079839079213677
leaf_weight=5845.586889192462 9825.5632902383804 18681.560877859592 2802.2268955558538 1619.5969519615173 559.66611050069332
leaf_count=25167 141548 168910 11704 12296 4296
internal_value=0.000660189 -0.0380036 -0.048819 0.0948694 -0.00172563
internal_weight=39334.2 27889 21483.8 11445.2 6405.25
internal_count=363921 210077 180614 153844 29463
is_linear=0
shrinkage=0.1


Tree=20
num_leaves=6
num_cat=0
split_feature=0 6 5 6 5
split_gain=12494.3 949.036 561.428 528.24 134.962
threshold=1.0000000180025095e-35 1.0000000180025095e-35 1.0000000180025095e-35 1.0000000180025095e-35 1.0000000180025095e-35
decision_type=2 2 2 2 2
left_child=1 4 -3 -2 -1
right_child=3 2 -4 -5 -6
leaf_value=-0.007009946940576885 0.10227757826152416 -0.052171627189351547 -0.0040246407365475672 0.039422753054295517 0.037199276259906114
leaf_weight=5592.0506432652473 8991.6614533960819 17917.535370513797 2800.6073603332043 1572.6077007055283 786.80363100767136
leaf_count=23650 141548 168910 11704 12296 5813
internal_value=0.000684178 -0.0352799 -0.0456638 0.0929256 -0.00155196
internal_weight=37661.3 27097 20718.1 10564.3 6378.85
internal_count=363921 210077 180614 153844 29463
is_linear=0
shrinkage=0.1


Tree=21
num_leaves=6
num_cat=0
split_feature=0 6 6 5 3
split_gain=10893.7 819.607 537.07 495.075 114.784
threshold=1.0000000180025095e-35 1.0000000180025095e-35 1.0000000180025095e-35 1.0000000180025095e-35 1.0000000180025095e-35
decision_type=2 2 2 2 2
left_child=1 4 -2 -3 -1
right_child=2 3 -4 -5 -6
leaf_value=-0.0054436858036099444 0.10109762367049829 -0.048971097808522213 0.036536263569544362 -0.0036243355515979646 0.04325833588872853
leaf_weight=5823.4109989106655 8226.1614040285349 17217.220290079713 1529.5704225301743 2799.1279064714909 526.78696914762259
leaf_count=25167 141548 168910 12296 11704 4296
internal_value=0.000704503 -0.0327 0.09098 -0.0426302 -0.00139739
internal_weight=36122.3 26366.5 9755.73 20016.3 6350.2
internal_count=363921 210077 153844 180614 29463
is_linear=0
shrinkage=0.1


Tree=22
num_leaves=6
num_cat=0
split_feature=0 6 6 5 4
split_gain=9494.84 705.693 543.792 434.579 96.3561
threshold=1.0000000180025095e-35 1.0000000180025095e-35 1.0000000180025095e-35 1.0000000180025095e-35 1.0000000180025095e-35
decision_type=2 2 2 2 2
left_child=1 4 -2 -3 -1
right_child=2 3 -4 -5 -6
leaf_value=-0.0054211570260427732 0.099949232070576682 -0.045873026953600828 0.033801066910838527 -0.0032636963313757519 0.035292888998983411
leaf_weight=5681.1428353190422 7524.5567731708288 16576.413579955697 1490.2217319607735 2797.7784774750471 646.5310041308403
leaf_count=24300 141548 168910 12296 11704 5163
internal_value=0.000721174 -0.0302511 0.0890193 -0.0397204 -0.00125627
internal_weight=34716.6 25701.9 9014.78 19374.2 6327.67
internal_count=363921 210077 153844 180614 29463
is_linear=0
shrinkage=0.1


Tree=23
num_leaves=6
num_cat=0
split_feature=0 6 6 5 3
split_gain=8272.53 605.245 548.279 379.742 81.7002
threshold=1.0000000180025095e-35 1.0000000180025095e-35 1.0000000180025095e-35 1.0000000180025095e-35 1.0000000180025095e-35
decision_type=2 2 2 2 2
left_child=1 4 -2 -3 -1
right_child=2 3 -4 -5 -6
leaf_value=-0.0044651399048580807 0.098819879195959942 -0.042881761740514231 0.03121594664299638 -0.0029388015746836787 0.037710589227046121
leaf_weight=5807.1588560640812 6882.4023595154285 15990.962264165282 1454.3013583421707 2796.5495494902134 497.74236769229174
leaf_count=25167 141548 168910 12296 11704 4296
internal_value=0.000733897 -0.0279401 0.0870318 -0.0369367 -0.00113011
internal_weight=33429.1 25092.4 8336.7 18787.5 6304.9
internal_count=363921 210077 153844 180614 29463
is_linear=0
shrinkage=0.1


Tree=24
num_leaves=6
num_cat=0
split_feature=0 6 6 5 5
split_gain=7203.79 550.438 517.402 330.329 69.4331
threshold=1.0000000180025095e-35 1.0000000180025095e-35 1.0000000180025095e-35 1.0000000180025095e-35 1.0000000180025095e-35
decision_type=2 2 2 2 2
left_child=2 -2 4 -4 -1
right_child=1 -3 3 -5 -6
leaf_value=-0.0048077418867776391 0.097698055648548082 0.028779251145712632 -0.040001824476632933 -0.0026461418308201855 0.028103255386856762
leaf_weight=5562.3873814940453 6295.3774062991142 1421.5561767816544 15456.825371235609 2795.4318446666002 723.52326124161482
leaf_count=23650 141548 12296 168910 11704 5813
internal_value=0.000742715 0.0850077 -0.0257599 -0.0342811 -0.00101574
internal_weight=32255.1 7716.93 24538.2 18252.3 6285.91
internal_count=363921 153844 210077 180614 29463
is_linear=0
shrinkage=0.1


end of trees

feature_importances:
V4_lt=_1.5782626867294312=59
V14_lt=_-1.4205476641654968=45
V14_lt=_-2.7159359455108643=29
V14_lt=_-1.812438189983368=8
V14_lt=_-1.8273465633392334=5
V14_lt=_-1.7687879800796509=3
V14_lt=_-1.5627466440200806=2

parameters:
[boosting: gbdt]
[objective: binary]
[metric: binary_logloss]
[tree_learner: serial]
[device_type: cpu]
[data_sample_strategy: bagging]
[data: ]
[valid: ]
[num_iterations: 25]
[learning_rate: 0.1]
[num_leaves: 31]
[num_threads: 8]
[seed: 42]
[deterministic: 0]
[force_col_wise: 0]
[force_row_wise: 0]
[histogram_pool_size: -1]
[max_depth: 3]
[min_data_in_leaf: 20]
[min_sum_hessian_in_leaf: 0.001]
[bagging_fraction: 1]
[pos_bagging_fraction: 1]
[neg_bagging_fraction: 1]
[bagging_freq: 0]
[bagging_seed: 400]
[bagging_by_query: 0]
[feature_fraction: 1]
[feature_fraction_bynode: 1]
[feature_fraction_seed: 30056]
[extra_trees: 0]
[extra_seed: 12879]
[early_stopping_round: 0]
[early_stopping_min_delta: 0]
[first_metric_only: 0]
[max_delta_step: 0]
[lambda_l1: 0]
[lambda_l2: 1]
[linear_lambda: 0]
[min_gain_to_split: 0]
[drop_rate: 0.1]
[max_drop: 50]
[skip_drop: 0.5]
[xgboost_dart_mode: 0]
[uniform_drop: 0]
[drop_seed: 17869]
[top_rate: 0.2]
[other_rate: 0.1]
[min_data_per_group: 100]
[max_cat_threshold: 32]
[cat_l2: 10]
[cat_smooth: 10]
[max_cat_to_onehot: 4]
[top_k: 20]
[monotone_constraints: ]
[monotone_constraints_method: basic]
[monotone_penalty: 0]
[feature_contri: ]
[forcedsplits_filename: ]
[refit_decay_rate: 0.9]
[cegb_tradeoff: 1]
[cegb_penalty_split: 0]
[cegb_penalty_feature_lazy: ]
[cegb_penalty_feature_coupled: ]
[path_smooth: 0]
[interaction_constraints: ]
[verbosity: -1]
[saved_feature_importance_type: 0]
[use_quantized_grad: 0]
[num_grad_quant_bins: 4]
[quant_train_renew_leaf: 0]
[stochastic_rounding: 1]
[linear_tree: 0]
[max_bin: 255]
[max_bin_by_feature: ]
[min_data_in_bin: 3]
[bin_construct_sample_cnt: 200000]
[data_random_seed: 175]
[is_enable_sparse: 1]
[enable_bundle: 1]
[use_missing: 1]
[zero_as_missing: 0]
[feature_pre_filter: 1]
[pre_partition: 0]
[two_round: 0]
[header: 0]
[label_column: ]
[weight_column: ]
[group_column: ]
[ignore_column: ]
[categorical_feature: ]
[forcedbins_filename: ]
[precise_float_parser: 0]
[parser_config_file: ]
[objective_seed: 16083]
[num_class: 1]
[is_unbalance: 0]
[scale_pos_weight: 1]
[sigmoid: 1]
[boost_from_average: 1]
[reg_sqrt: 0]
[alpha: 0.9]
[fair_c: 1]
[poisson_max_delta_step: 0.7]
[tweedie_variance_power: 1.5]
[lambdarank_truncation_level: 30]
[lambdarank_norm: 1]
[label_gain: ]
[lambdarank_position_bias_regularization: 0]
[eval_at: ]
[multi_error_top_k: 1]
[auc_mu_weights: ]
[num_machines: 1]
[local_listen_port: 12400]
[time_out: 120]
[machine_list_filename: ]
[machines: ]
[gpu_platform_id: -1]
[gpu_device_id: -1]
[gpu_use_dp: 0]
[num_gpu: 1]

end of parameters

pandas_categorical:[]
