tree
version=v4
num_class=1
num_tree_per_iteration=1
label_index=0
max_feature_idx=7
objective=binary sigmoid:1
feature_names=discharge_disposition_id_lt=_10.5 number_outpatient_lt=_0.5 number_emergency_lt=_0.5 number_inpatient_lt=_0.5 number_inpatient_lt=_1.5 number_diagnoses_lt=_5.5 change_lt=_0.5 number_inpatient_lt=_2.5
feature_infos=[0:1] [0:1] [0:1] [0:1] [0:1] [0:1] [0:1] [0:1]
tree_sizes=926 1028 1023 1024 1026 1029 1028 1026 1023 1023 1028 1028 1024 1028 1029 1026 1023 1025 1022 1030 1025 1030 1033 1023 1030

Tree=0
num_leaves=8
num_cat=0
split_feature=3 5 4 0 6 0 6
split_gain=2703.35 449.525 436.493 249.83 206.386 161.593 89.1599
threshold=1.0000000180025095e-35 1.0000000180025095e-35 1.0000000180025095e-35 1.0000000180025095e-35 1.0000000180025095e-35 1.0000000180025095e-35 1.0000000180025095e-35
decision_type=2 2 2 2 2 2 2
left_child=2 4 3 -1 -2 -4 -3
right_child=1 6 5 -5 -6 -7 -8
leaf_value=-0.0067903208200472357 -0.031589779627434963 -0.078945420166812941 -0.038116972920918445 0.097475180455137256 -0.0011277382212417117 0.038616431224966934 -0.042642130962216244
leaf_weight=255.75 4617 1554 300.5 2253.5 4290.75 3078.75 1206
leaf_count=1023 18468 6216 1202 9014 17163 12315 4824
internal_value=2.84847e-05 -0.027848 0.0552595 0.0868497 -0.0169184 0.0317836 -0.0631037
internal_weight=17556.2 11667.8 5888.5 2509.25 8907.75 3379.25 2760
internal_count=70225 46671 23554 10037 35631 13517 11040
is_linear=0
shrinkage=1


Tree=1
num_leaves=8
num_cat=0
split_feature=3 5 4 0 6 0 6
split_gain=2192 364.955 355.446 203.274 167.25 130.996 72.5876
threshold=1.0000000180025095e-35 1.0000000180025095e-35 1.0000000180025095e-35 1.0000000180025095e-35 1.0000000180025095e-35 1.0000000180025095e-35 1.0000000180025095e-35
decision_type=2 2 2 2 2 2 2
left_child=2 4 3 -1 -2 -4 -3
right_child=1 6 5 -5 -6 -7 -8
leaf_value=-0.0061396501316405751 -0.028464488342076485 -0.071196439165208167 -0.034356454811795119 0.087922486536759922 -0.0010406302612110125 0.034743828480188324 -0.038425182705248077
leaf_weight=255.74705792963505 4615.8483104109764 1551.5812672376633 300.39088499546051 2248.1555786430836 4290.7487212568521 3077.6025257259607 1205.4519624710083
leaf_count=1023 18468 6216 1202 9014 17163 12315 4824
internal_value=2.27192e-07 -0.0250997 0.0497685 0.0783164 -0.0152547 0.0285907 -0.0568871
internal_weight=17545.5 11663.6 5881.9 2503.9 8906.6 3377.99 2757.03
internal_count=70225 46671 23554 10037 35631 13517 11040
is_linear=0
shrinkage=0.1


Tree=2
num_leaves=8
num_cat=0
split_feature=3 7 5 0 0 0 6
split_gain=1780.32 298.971 297.336 173.025 156.589 91.9499 59.583
threshold=1.0000000180025095e-35 1.0000000180025095e-35 1.0000000180025095e-35 1.0000000180025095e-35 1.0000000180025095e-35 1.0000000180025095e-35 1.0000000180025095e-35
decision_type=2 2 2 2 2 2 2
left_child=1 5 4 -3 -2 -1 -4
right_child=2 3 6 -5 -6 -7 -8
leaf_value=0.0066434099295217298 -0.054924328191637312 -0.026449667939476798 -0.064355746101262046 0.039687304921161598 -0.009463860607134212 0.09891806435008621 -0.034628970706957238
leaf_weight=120.2449756115675 835.32379579544067 435.60009509325027 1545.2750372886658 4237.0935896039009 8068.2606965899467 1071.763841509819 1204.0207679271698
leaf_count=481 3343 1744 6216 17005 32288 4324 4824
internal_value=1.74638e-06 0.0449344 -0.022614 0.0335175 -0.0137346 0.0896231 -0.0513546
internal_weight=17517.6 5864.7 11652.9 4672.69 8903.58 1192.01 2749.3
internal_count=70225 23554 46671 18749 35631 4805 11040
is_linear=0
shrinkage=0.1


Tree=3
num_leaves=8
num_cat=0
split_feature=3 4 5 1 0 0 6
split_gain=1447.34 263.129 242.877 148.467 139.109 85.0861 49.19
threshold=1.0000000180025095e-35 1.0000000180025095e-35 1.0000000180025095e-35 1.0000000180025095e-35 1.0000000180025095e-35 1.0000000180025095e-35 1.0000000180025095e-35
decision_type=2 2 2 2 2 2 2
left_child=1 4 3 -2 -1 -3 -4
right_child=2 5 6 -5 -6 -7 -8
leaf_value=-0.0044444677752930178 0.019351819989705824 -0.028360188266399002 -0.058281740981256318 -0.017623338276228306 0.073433007086456115 0.02738901638662454 -0.031224772572013029
leaf_weight=255.69628918170929 1265.1249606311321 299.76603502035141 1536.2616384029388 7635.6346675157547 2217.219034075737 3068.9345347881317 1201.9732468128204
leaf_count=1023 5064 1202 6216 30567 9014 12315 4824
internal_value=3.67799e-06 0.0406158 -0.0203813 -0.0123662 0.065382 0.0224212 -0.0464206
internal_weight=17480.6 5841.62 11639 8900.76 2472.92 3368.7 2738.23
internal_count=70225 23554 46671 35631 10037 13517 11040
is_linear=0
shrinkage=0.1


Tree=4
num_leaves=8
num_cat=0
split_feature=3 7 5 6 0 0 1
split_gain=1177.69 223.357 198.738 134.305 113.875 64.4887 44.7445
threshold=1.0000000180025095e-35 1.0000000180025095e-35 1.0000000180025095e-35 1.0000000180025095e-35 1.0000000180025095e-35 1.0000000180025095e-35 1.0000000180025095e-35
decision_type=2 2 2 2 2 2 2
left_child=1 5 3 -2 -3 -1 -4
right_child=2 4 6 -5 -6 -7 -8
leaf_value=0.0064252560820491971 -0.022986275707249086 -0.021772120928049078 0.0016220513624735208 0.001599948574777404 0.031946853488827719 0.083800702826479986 -0.045760091766095613
leaf_weight=120.24653811752796 4607.886080250144 434.7211366891861 216.42201407253742 4289.5654229223728 4210.3814686089754 1047.1369205713272 2508.5402284115553
leaf_count=481 18468 1744 876 17163 17005 4324 10164
internal_value=6.13106e-06 0.0367538 -0.0183733 -0.0111341 0.0269159 0.075843 -0.0419977
internal_weight=17434.9 5812.49 11622.4 8897.45 4645.1 1167.38 2724.96
internal_count=70225 23554 46671 35631 18749 4805 11040
is_linear=0
shrinkage=0.1


Tree=5
num_leaves=8
num_cat=0
split_feature=3 4 1 6 0 5 0
split_gain=958.661 197.502 180.001 143.307 96.6611 75.3076 28.6726
threshold=1.0000000180025095e-35 1.0000000180025095e-35 1.0000000180025095e-35 1.0000000180025095e-35 1.0000000180025095e-35 1.0000000180025095e-35 1.0000000180025095e-35
decision_type=2 2 2 2 2 2 2
left_child=1 4 6 -4 -1 -3 -2
right_child=2 5 3 -5 -6 -7 -8
leaf_value=-0.0031554966191533643 -0.041235585060538545 0.024006345134445523 -0.032471098340854779 -0.0086208212311884181 0.061845574005553877 -0.017168619099205192 0.019351368358146517
leaf_weight=255.6037825345993 81.801510751247406 2828.6668417006731 5393.5178527235985 4728.5848365426064 2171.0388726592064 526.16104125976562 1399.7255019396544
leaf_count=1023 328 11397 21772 18959 9014 2120 5612
internal_value=8.8215e-06 0.0332731 -0.0165664 -0.0213313 0.0550004 0.0175454 0.0159805
internal_weight=17385.1 5781.47 11603.6 10122.1 2426.64 3354.83 1481.53
internal_count=70225 23554 46671 40731 10037 13517 5940
is_linear=0
shrinkage=0.1


Tree=6
num_leaves=8
num_cat=0
split_feature=3 7 5 0 1 0 2
split_gain=780.442 169.327 159.813 120.164 87.7351 46.1048 37.2983
threshold=1.0000000180025095e-35 1.0000000180025095e-35 1.0000000180025095e-35 1.0000000180025095e-35 1.0000000180025095e-35 1.0000000180025095e-35 1.0000000180025095e-35
decision_type=2 2 2 2 2 2 2
left_child=1 5 3 -2 -3 -1 -4
right_child=2 4 6 -5 -6 -7 -8
leaf_value=0.0061008803062781308 -0.044632891712044653 0.048138645431742011 0.018156510058257705 -0.0047149722150237839 0.0144352733917544 0.071635462610525738 -0.038752273778008724
leaf_weight=120.24832998216152 831.08275108039379 980.46014797687531 119.98333024978638 8052.3269353657961 3633.5998396873474 1015.3086877465248 2583.1819360852242
leaf_count=481 3343 3991 488 32288 14758 4324 10552
internal_value=1.15535e-05 0.0301283 -0.0149346 -0.00845408 0.0216059 0.0647072 -0.0362205
internal_weight=17336.2 5749.62 11586.6 8883.41 4614.06 1135.56 2703.17
internal_count=70225 23554 46671 35631 18749 4805 11040
is_linear=0
shrinkage=0.1


Tree=7
num_leaves=8
num_cat=0
split_feature=3 2 4 6 0 5 0
split_gain=635.405 150.356 147.672 137.221 73.1681 60.2108 21.5548
threshold=1.0000000180025095e-35 1.0000000180025095e-35 1.0000000180025095e-35 1.0000000180025095e-35 1.0000000180025095e-35 1.0000000180025095e-35 1.0000000180025095e-35
decision_type=2 2 2 2 2 2 2
left_child=2 6 4 -3 -1 -4 -2
right_child=1 3 5 -5 -6 -7 -8
leaf_value=-0.0041830454389617999 -0.043614827589524736 -0.027100892511539326 0.019524886290451619 -0.00449475945021702 0.052430873420014693 -0.017304287936844926 0.032654772227828692
leaf_weight=255.66425031423569 38.155727609992027 5744.4713646173477 2817.7861910611391 5042.026160761714 2119.6376622915268 526.07443848252296 742.84626536071301
leaf_count=1023 154 23293 11397 20241 9014 2120 2983
internal_value=1.37004e-05 -0.0134669 0.027277 -0.0165353 0.0463381 0.0137273 0.0288776
internal_weight=17286.7 11567.5 5719.16 10786.5 2375.3 3343.86 781.002
internal_count=70225 46671 23554 43534 10037 13517 3137
is_linear=0
shrinkage=0.1


Tree=8
num_leaves=8
num_cat=0
split_feature=3 1 2 5 0 4 0
split_gain=517.389 137.825 134.76 107.318 80.7827 69.7183 19.7495
threshold=1.0000000180025095e-35 1.0000000180025095e-35 1.0000000180025095e-35 1.0000000180025095e-35 1.0000000180025095e-35 1.0000000180025095e-35 1.0000000180025095e-35
decision_type=2 2 2 2 2 2 2
left_child=2 6 4 -3 -1 -4 -2
right_child=1 3 5 -5 -6 -7 -8
leaf_value=-0.04648200126025645 -0.031329119058335457 -0.01044879559971695 0.032959895350454203 -0.034457600495783003 0.063364261874139238 0.0075559184261885411 0.019133678357129591
leaf_weight=70.927079051733017 81.221936330199242 7605.3053943663836 1738.4494025707245 2465.0093371272087 1024.1134785413742 2853.0105562061071 1398.8130489140749
leaf_count=284 328 30567 7412 10164 4311 11547 5612
internal_value=1.54963e-05 -0.0121407 0.0247049 -0.0163285 0.0562135 0.0171796 0.0163451
internal_weight=17236.9 11550.3 5686.5 10070.3 1095.04 4591.46 1480.03
internal_count=70225 46671 23554 40731 4595 18959 5940
is_linear=0
shrinkage=0.1


Tree=9
num_leaves=8
num_cat=0
split_feature=3 7 2 6 0 2 0
split_gain=421.189 118.934 117.797 110.886 75.7676 38.572 16.8422
threshold=1.0000000180025095e-35 1.0000000180025095e-35 1.0000000180025095e-35 1.0000000180025095e-35 1.0000000180025095e-35 1.0000000180025095e-35 1.0000000180025095e-35
decision_type=2 2 2 2 2 2 2
left_child=1 5 6 -4 -3 -1 -2
right_child=2 4 3 -5 -6 -7 -8
leaf_value=0.079329958785922194 -0.037785602332984281 -0.024368522958979177 -0.023205674412335568 -0.0028524993474953585 0.019459819974853753 0.038969949350563478 0.02985038052162356
leaf_weight=351.32028369605541 37.902652710676193 435.17971375584602 5714.4719858020544 5035.3632826954126 4133.4730478972197 736.83351212739944 743.22670915722847
leaf_count=1568 154 1744 23293 20241 17005 3237 2983
internal_value=1.61628e-05 0.0223638 -0.010948 -0.0136731 0.0152806 0.0520614 0.0265244
internal_weight=17187.8 5656.81 11531 10749.8 4568.65 1088.15 781.129
internal_count=70225 23554 46671 43534 18749 4805 3137
is_linear=0
shrinkage=0.1


Tree=10
num_leaves=8
num_cat=0
split_feature=3 1 2 5 0 6 0
split_gain=342.914 108.435 102.862 87.1588 63.6422 57.2098 15.4329
threshold=1.0000000180025095e-35 1.0000000180025095e-35 1.0000000180025095e-35 1.0000000180025095e-35 1.0000000180025095e-35 1.0000000180025095e-35 1.0000000180025095e-35
decision_type=2 2 2 2 2 2 2
left_child=2 6 4 -3 -1 -4 -2
right_child=1 3 5 -5 -6 -7 -8
leaf_value=-0.043037681838402481 -0.026864010239624599 -0.0083071437328249235 0.0028495296059546484 -0.030021650551780545 0.054646588415246646 0.02526915688808486 0.017856511483540279
leaf_weight=70.742715001106262 80.803016424179077 7591.3735742270947 2353.5801475793123 2443.0113169848919 998.53012633323669 2203.5930155664682 1398.5385995209217
leaf_count=284 328 30567 9784 10164 4311 9175 5612
internal_value=1.75047e-05 -0.00987005 0.0202491 -0.0135963 0.0481497 0.0136936 0.0153973
internal_weight=17140.2 11513.7 5626.45 10034.4 1069.27 4557.17 1479.34
internal_count=70225 46671 23554 40731 4595 18959 5940
is_linear=0
shrinkage=0.1


Tree=11
num_leaves=8
num_cat=0
split_feature=4 1 5 0 1 0 5
split_gain=303.593 145.841 118.065 48.1153 42.6416 33.6676 8.26517
threshold=1.0000000180025095e-35 1.0000000180025095e-35 1.0000000180025095e-35 1.0000000180025095e-35 1.0000000180025095e-35 1.0000000180025095e-35 1.0000000180025095e-35
decision_type=2 2 2 2 2 2 2
left_child=3 5 -3 6 -5 -2 -1
right_child=1 2 -4 4 -6 -7 -8
leaf_value=-0.013812820618234585 -0.032018873863159727 -0.0040463905927564789 -0.027048504815746124 0.062339926245337199 0.030013598985925916 0.022016182745486543 0.039653417438333595
leaf_weight=223.22554793953896 121.43498620390892 9783.1761076897383 2889.9861000776291 567.75557565689087 1461.6889663785696 2016.9022288769484 32.215195208787918
leaf_count=894 492 39518 12028 2546 6468 8150 129
internal_value=1.72818e-05 -0.00521729 -0.00929351 0.0339372 0.0390834 0.018934 -0.00694153
internal_weight=17096.4 14811.5 12673.2 2284.89 2029.44 2138.34 255.441
internal_count=70225 60188 51546 10037 9014 8642 1023
is_linear=0
shrinkage=0.1


Tree=12
num_leaves=8
num_cat=0
split_feature=4 2 6 0 2 0 5
split_gain=248.789 129.885 124.873 39.8002 39.7028 33.6033 6.73256
threshold=1.0000000180025095e-35 1.0000000180025095e-35 1.0000000180025095e-35 1.0000000180025095e-35 1.0000000180025095e-35 1.0000000180025095e-35 1.0000000180025095e-35
decision_type=2 2 2 2 2 2 2
left_child=3 5 -3 6 -5 -2 -1
right_child=1 2 -4 4 -6 -7 -8
leaf_value=-0.01243831565146745 -0.042579245014549016 -0.016649943479400582 0.0025853400089753385 0.059157041442094396 0.027194570580364875 0.029923388151972954 0.035828982236327092
leaf_weight=223.21481508016586 66.696392074227333 7138.2328464835882 6400.4642049968243 528.79726766049862 1475.2441849857569 1189.6161363571882 32.19606576859951
leaf_count=894 272 29233 25848 2459 6555 4835 129
internal_value=1.84421e-05 -0.00470215 -0.00755688 0.0309175 0.0356537 0.0260435 -0.00623793
internal_weight=17054.5 14795 13538.7 2259.45 2004.04 1256.31 255.411
internal_count=70225 60188 55081 10037 9014 5107 1023
is_linear=0
shrinkage=0.1


Tree=13
num_leaves=8
num_cat=0
split_feature=3 1 2 6 7 0 0
split_gain=214.959 77.2494 72.678 71.3775 43.3526 40.9454 9.67969
threshold=1.0000000180025095e-35 1.0000000180025095e-35 1.0000000180025095e-35 1.0000000180025095e-35 1.0000000180025095e-35 1.0000000180025095e-35 1.0000000180025095e-35
decision_type=2 2 2 2 2 2 2
left_child=1 5 6 -4 -3 -1 -2
right_child=2 4 3 -5 -6 -7 -8
leaf_value=-0.023893624775621902 -0.027541631571071104 0.032167035661441724 -0.017650611638030635 -0.0012759167322547336 0.0052563011475214878 0.043151876641607245 0.024147559642897137
leaf_weight=98.197569563984871 37.277738764882088 718.36822515726089 5661.1474687904119 5024.4361517876387 3570.6639405190945 1163.15604172647 742.93242098391056
leaf_count=394 154 3318 23293 20241 14758 5084 2983
internal_value=1.97759e-05 0.0161724 -0.00780013 -0.00995196 0.00977002 0.0379175 0.0216458
internal_weight=17016.2 5550.39 11465.8 10685.6 4289.03 1261.35 780.21
internal_count=70225 23554 46671 43534 18076 5478 3137
is_linear=0
shrinkage=0.1


Tree=14
num_leaves=8
num_cat=0
split_feature=3 5 0 7 6 2 6
split_gain=174.88 68.283 79.0805 63.9011 44.9416 25.6945 16.1784
threshold=1.0000000180025095e-35 1.0000000180025095e-35 1.0000000180025095e-35 1.0000000180025095e-35 1.0000000180025095e-35 1.0000000180025095e-35 1.0000000180025095e-35
decision_type=2 2 2 2 2 2 2
left_child=3 2 -2 5 -5 -1 -3
right_child=1 6 -4 4 -6 -7 -8
leaf_value=0.060763698744661643 -0.032397770808019401 -0.02829847878388202 0.00020389826585923685 -0.00032167948071294521 0.019654780294687098 0.026466503387780168 -0.012483084939556216
leaf_weight=318.21919071674347 819.20468385517597 1443.6463229656219 8010.9579256772995 2289.5136500298977 2215.369036719203 702.79655984044075 1176.0818479508162
leaf_count=1568 3343 6216 32288 9497 9252 3237 4824
internal_value=1.97518e-05 -0.00703125 -0.002824 0.0146284 0.00950434 0.0372049 -0.0212059
internal_weight=16975.8 11449.9 8830.16 5525.9 4504.88 1021.02 2619.73
internal_count=70225 46671 35631 23554 18749 4805 11040
is_linear=0
shrinkage=0.1


Tree=15
num_leaves=8
num_cat=0
split_feature=1 2 5 0 4 0 6
split_gain=158.748 103.657 79.8207 34.3164 37.9112 25.0163 23.4455
threshold=1.0000000180025095e-35 1.0000000180025095e-35 1.0000000180025095e-35 1.0000000180025095e-35 1.0000000180025095e-35 1.0000000180025095e-35 1.0000000180025095e-35
decision_type=2 2 2 2 2 2 2
left_child=3 5 -3 6 -5 -2 -1
right_child=1 2 -4 4 -6 -7 -8
leaf_value=-0.056980879925544507 -0.031991408175733031 -0.0025982049156065643 -0.021381422533144238 0.048819855678863683 0.018819425202906401 0.027653590547385844 0.01535619239721525
leaf_weight=87.111643776297569 74.195336386561394 10108.63186429441 2913.9313195049763 533.22979016602039 2006.0927012562752 1123.0232737213373 90.487731650471687
leaf_count=356 303 41350 12347 2546 8150 4807 366
internal_value=1.90686e-05 -0.00421317 -0.00680246 0.0221631 0.0251359 0.0239336 -0.0202452
internal_weight=16936.7 14219.8 13022.6 2716.92 2539.32 1197.22 177.599
internal_count=70225 58807 53697 11418 10696 5110 722
is_linear=0
shrinkage=0.1


Tree=16
num_leaves=8
num_cat=0
split_feature=4 1 6 0 2 0 5
split_gain=133.951 81.5106 67.5608 26.4841 24.7359 17.992 5.78682
threshold=1.0000000180025095e-35 1.0000000180025095e-35 1.0000000180025095e-35 1.0000000180025095e-35 1.0000000180025095e-35 1.0000000180025095e-35 1.0000000180025095e-35
decision_type=2 2 2 2 2 2 2
left_child=3 5 -3 6 -5 -2 -1
right_child=1 2 -4 4 -6 -7 -8
leaf_value=-0.012895499979008461 -0.022816572081735407 -0.013442004954021636 0.0012213944574897531 0.046397720331892378 0.020444637492659241 0.016958743307337164 0.03190720006095072
leaf_weight=223.007856965065 119.71637408435345 6605.6093333512545 5991.6409862041473 494.06626743078232 1437.7976965010166 2003.8110283464193 32.120821177959442
leaf_count=894 492 27290 24256 2459 6555 8150 129
internal_value=1.84394e-05 -0.00341276 -0.0064681 0.0231051 0.0271026 0.0147067 -0.00715227
internal_weight=16907.8 14720.8 12597.3 2186.99 1931.86 2123.53 255.129
internal_count=70225 60188 51546 10037 9014 8642 1023
is_linear=0
shrinkage=0.1


Tree=17
num_leaves=8
num_cat=0
split_feature=2 5 0 0 7 7 6
split_gain=119.667 78.0046 86.8677 33.3051 26.1389 23.6295 8.03015
threshold=1.0000000180025095e-35 1.0000000180025095e-35 1.0000000180025095e-35 1.0000000180025095e-35 1.0000000180025095e-35 1.0000000180025095e-35 1.0000000180025095e-35
decision_type=2 2 2 2 2 2 2
left_child=3 2 -2 6 -5 -3 -1
right_child=1 5 -4 4 -6 -7 -8
leaf_value=-0.058107941072116531 -0.024705897772179658 0.032338856104310837 0.0036870153644302443 0.056203372902000219 0.022467824791535147 -0.018322262317240892 -0.003360624837196893
leaf_weight=50.081959277391434 1196.7489351779222 94.024892389774323 10736.868763163686 275.09676110744476 1389.8070887774229 3075.0757417231798 56.616876006126404
leaf_count=207 4875 438 44147 1473 5821 13033 231
internal_value=1.87041e-05 -0.00286608 0.000837834 0.0245989 0.0280724 -0.0168095 -0.0293587
internal_weight=16874.3 15102.7 11933.6 1771.6 1664.9 3169.1 106.699
internal_count=70225 62493 49022 7732 7294 13471 438
is_linear=0
shrinkage=0.1


Tree=18
num_leaves=8
num_cat=0
split_feature=3 1 1 2 6 0 0
split_gain=108.92 41.696 39.257 37.3505 27.5013 21.9148 3.2442
threshold=1.0000000180025095e-35 1.0000000180025095e-35 1.0000000180025095e-35 1.0000000180025095e-35 1.0000000180025095e-35 1.0000000180025095e-35 1.0000000180025095e-35
decision_type=2 2 2 2 2 2 2
left_child=1 5 6 -4 -3 -1 -2
right_child=2 4 3 -5 -6 -7 -8
leaf_value=-0.01728743953287059 -0.010022197880682709 -0.00087837330822315696 0.017424645477590747 -0.0092988582309494021 0.015233790957393953 0.031960056253197491 0.010789318509975197
leaf_weight=97.6995799690485 78.388360053300858 2177.5870873779058 553.03309926390648 9366.6476972401142 2061.7771725654602 1115.2116801440716 1395.888911485672
leaf_count=394 328 9222 2225 38506 8854 5084 5612
internal_value=1.77753e-05 0.0116404 -0.00554445 -0.00780739 0.00695938 0.0279822 0.00967671
internal_weight=16846.2 5452.28 11394 9919.68 4239.36 1212.91 1474.28
internal_count=70225 23554 46671 40731 18076 5478 5940
is_linear=0
shrinkage=0.1


Tree=19
num_leaves=8
num_cat=0
split_feature=4 5 0 1 6 0 7
split_gain=89.614 61.65 76.5922 17.2227 13.7477 9.22003 7.76037
threshold=1.0000000180025095e-35 1.0000000180025095e-35 1.0000000180025095e-35 1.0000000180025095e-35 1.0000000180025095e-35 1.0000000180025095e-35 1.0000000180025095e-35
decision_type=2 2 2 2 2 2 2
left_child=3 2 -2 5 -3 -1 -5
right_child=1 4 -4 6 -6 -7 -8
leaf_value=-0.0038193191565649822 -0.024960210608074549 -0.021369404473246971 0.0031712698618682764 0.021772884394086631 -0.0079829995463621788 0.038453370738168152 0.0076281049219238551
leaf_weight=57.270405769348145 1064.9971555918455 1692.3634905666113 10508.850019082427 684.13383629918098 1406.0513011515141 504.42142550647259 898.01718464493752
leaf_count=230 4375 7358 42653 3318 5802 2546 3943
internal_value=1.73121e-05 -0.00277352 0.000580747 0.0191099 -0.0152992 0.0341441 0.0137543
internal_weight=16816.1 14672.3 11573.8 2143.84 3098.41 561.692 1582.15
internal_count=70225 60188 47028 10037 13160 2776 7261
is_linear=0
shrinkage=0.1


Tree=20
num_leaves=8
num_cat=0
split_feature=2 6 3 5 0 7 6
split_gain=80.159 66.3801 28.3992 24.8231 24.2468 20.3135 6.41286
threshold=1.0000000180025095e-35 1.0000000180025095e-35 1.0000000180025095e-35 1.0000000180025095e-35 1.0000000180025095e-35 1.0000000180025095e-35 1.0000000180025095e-35
decision_type=2 2 2 2 2 2 2
left_child=4 3 -3 -2 6 -6 -1
right_child=1 2 -4 -5 5 -7 -8
leaf_value=-0.051812705075984816 -0.0056725168159067821 0.01429817459479156 0.0005272627952943689 -0.019193577495074748 0.04884645488849463 0.018423614400383998 -0.0027112725716681458
leaf_weight=49.442754283547401 6155.526938945055 2135.7379763126373 5006.3924157321453 1741.6611802726984 260.79418890178204 1379.4575546532869 56.518529877066612
leaf_count=207 25433 9175 20241 7644 1473 5821 231
internal_value=1.62017e-05 -0.002339 0.00464666 -0.00865653 0.0202901 0.0232876 -0.0258928
internal_weight=16785.5 15039.3 7142.13 7897.19 1746.21 1640.25 105.961
internal_count=70225 62493 29416 33077 7732 7294 438
is_linear=0
shrinkage=0.1


Tree=21
num_leaves=8
num_cat=0
split_feature=1 6 2 3 7 0 0
split_gain=73.4494 43.3846 29.8927 22.7599 18.2078 9.72156 6.36861
threshold=1.0000000180025095e-35 1.0000000180025095e-35 1.0000000180025095e-35 1.0000000180025095e-35 1.0000000180025095e-35 1.0000000180025095e-35 1.0000000180025095e-35
decision_type=2 2 2 2 2 2 2
left_child=4 2 -2 -3 6 -6 -1
right_child=1 3 -4 -5 5 -7 -8
leaf_value=-0.0006356441749594549 0.015059711293698493 0.011753421449188157 -0.009905163631487246 -0.00089360978631253599 -0.013074971890181428 0.014005253512115831 0.044978053528626896
leaf_weight=34.916321456432343 514.82833778858185 2042.1224984377623 6855.4057752788067 4687.5325012952089 140.14452691376209 2238.2729026377201 245.56490957736969
leaf_count=140 2244 8854 28750 18959 582 9349 1347
internal_value=1.56129e-05 -0.00285951 -0.0081595 0.00294532 0.0152575 0.0124048 0.0393176
internal_weight=16758.8 14099.9 7370.23 6729.65 2658.9 2378.42 280.481
internal_count=70225 58807 30994 27813 11418 9931 1487
is_linear=0
shrinkage=0.1


Tree=22
num_leaves=8
num_cat=0
split_feature=3 0 5 6 2 1 5
split_gain=60.652 27.3084 31.1037 26.5568 25.9021 9.97185 6.44945
threshold=1.0000000180025095e-35 1.0000000180025095e-35 1.0000000180025095e-35 1.0000000180025095e-35 1.0000000180025095e-35 1.0000000180025095e-35 1.0000000180025095e-35
decision_type=2 2 2 2 2 2 2
left_child=1 6 -3 4 -2 -5 -1
right_child=3 2 -4 5 -6 -7 -8
leaf_value=-0.016559785716044401 0.017810517915852721 0.014512006490208241 -0.0079845107098749767 0.011604952155132226 -0.010421289654332361 -0.00080432224215964173 0.015087047932508126
leaf_weight=477.89400765299797 344.24248673021793 4115.3156407028437 721.78818370401859 750.35148769617081 5564.5280392318964 4687.2306495457888 73.603015452623367
leaf_count=1926 1391 18235 3094 3028 23293 18959 299
internal_value=1.53899e-05 0.00875019 0.0111541 -0.00413334 -0.00877378 0.000909897 -0.0123165
internal_weight=16735 5388.6 4837.1 11346.4 5908.77 5437.58 551.497
internal_count=70225 23554 21329 46671 24684 21987 2225
is_linear=0
shrinkage=0.1


Tree=23
num_leaves=8
num_cat=0
split_feature=1 5 0 7 7 0 0
split_gain=54.7222 35.3665 50.1361 15.1635 15.1208 7.20834 4.83058
threshold=1.0000000180025095e-35 1.0000000180025095e-35 1.0000000180025095e-35 1.0000000180025095e-35 1.0000000180025095e-35 1.0000000180025095e-35 1.0000000180025095e-35
decision_type=2 2 2 2 2 2 2
left_child=3 2 -2 6 -3 -5 -1
right_child=1 4 -4 5 -6 -7 -8
leaf_value=0.0007079276545503858 -0.019905201924960318 0.027326979016727423 0.0024172552277082282 -0.011340113952687273 -0.01332510926572586 0.012013003503930961 0.040552983672841339
leaf_weight=34.899391204118729 1118.6232066899538 93.544624894857407 9927.3583956360817 139.73108054697514 2925.3219546675682 2230.1637050807476 238.31338426470757
leaf_count=140 4602 456 41149 582 12600 9349 1347
internal_value=1.43915e-05 -0.00246675 0.00015507 0.0132133 -0.0120568 0.0106319 0.0354844
internal_weight=16708 14064.8 11046 2643.11 3018.87 2369.89 273.213
internal_count=70225 58807 45751 11418 13056 9931 1487
is_linear=0
shrinkage=0.1


Tree=24
num_leaves=8
num_cat=0
split_feature=4 5 0 7 2 6 6
split_gain=49.3172 32.6661 44.4532 9.14694 8.90278 5.35098 4.27362
threshold=1.0000000180025095e-35 1.0000000180025095e-35 1.0000000180025095e-35 1.0000000180025095e-35 1.0000000180025095e-35 1.0000000180025095e-35 1.0000000180025095e-35
decision_type=2 2 2 2 2 2 2
left_child=3 2 -2 4 -1 -3 -5
right_child=1 5 -4 6 -6 -7 -8
leaf_value=0.037037914822740187 -0.019171993110930569 -0.015061337180627583 0.0023635698389119393 0.00245573991216432 0.015475939225204977 -0.0066643738139281934 0.014625817050753803
leaf_weight=269.54140521585941 1053.9867426902056 1661.3461634218693 10478.921555191278 590.66178946197033 666.3823714107275 1401.4647550880909 564.02673974633217
leaf_count=1568 4375 7358 42653 2634 3237 5802 2598
internal_value=1.35268e-05 -0.00204429 0.000393954 0.0143744 0.0217186 -0.0112225 0.00840793
internal_weight=16686.3 14595.7 11532.9 2090.61 935.924 3062.81 1154.69
internal_count=70225 60188 47028 10037 4805 13160 5232
is_linear=0
shrinkage=0.1


end of trees

feature_importances:
discharge_disposition_id_lt=_10.5=48
change_lt=_0.5=26
number_diagnoses_lt=_5.5=23
number_emergency_lt=_0.5=18
number_outpatient_lt=_0.5=17
number_inpatient_lt=_0.5=17
number_inpatient_lt=_2.5=14
number_inpatient_lt=_1.5=12

parameters:
[boosting: gbdt]
[objective: binary]
[metric: binary_logloss]
[tree_learner: serial]
[device_type: cpu]
[data_sample_strategy: bagging]
[data: ]
[valid: ]
[num_iterations: 25]
[learning_rate: 0.1]
[num_leaves: 31]
[num_threads: 8]
[seed: 42]
[deterministic: 0]
[force_col_wise: 0]
[force_row_wise: 0]
[histogram_pool_size: -1]
[max_depth: 3]
[min_data_in_leaf: 20]
[min_sum_hessian_in_leaf: 0.001]
[bagging_fraction: 1]
[pos_bagging_fraction: 1]
[neg_bagging_fraction: 1]
[bagging_freq: 0]
[bagging_seed: 400]
[bagging_by_query: 0]
[feature_fraction: 1]
[feature_fraction_bynode: 1]
[feature_fraction_seed: 30056]
[extra_trees: 0]
[extra_seed: 12879]
[early_stopping_round: 0]
[early_stopping_min_delta: 0]
[first_metric_only: 0]
[max_delta_step: 0]
[lambda_l1: 0]
[lambda_l2: 1]
[linear_lambda: 0]
[min_gain_to_split: 0]
[drop_rate: 0.1]
[max_drop: 50]
[skip_drop: 0.5]
[xgboost_dart_mode: 0]
[uniform_drop: 0]
[drop_seed: 17869]
[top_rate: 0.2]
[other_rate: 0.1]
[min_data_per_group: 100]
[max_cat_threshold: 32]
[cat_l2: 10]
[cat_smooth: 10]
[max_cat_to_onehot: 4]
[top_k: 20]
[monotone_constraints: ]
[monotone_constraints_method: basic]
[monotone_penalty: 0]
[feature_contri: ]
[forcedsplits_filename: ]
[refit_decay_rate: 0.9]
[cegb_tradeoff: 1]
[cegb_penalty_split: 0]
[cegb_penalty_feature_lazy: ]
[cegb_penalty_feature_coupled: ]
[path_smooth: 0]
[interaction_constraints: ]
[verbosity: -1]
[saved_feature_importance_type: 0]
[use_quantized_grad: 0]
[num_grad_quant_bins: 4]
[quant_train_renew_leaf: 0]
[stochastic_rounding: 1]
[linear_tree: 0]
[max_bin: 255]
[max_bin_by_feature: ]
[min_data_in_bin: 3]
[bin_construct_sample_cnt: 200000]
[data_random_seed: 175]
[is_enable_sparse: 1]
[enable_bundle: 1]
[use_missing: 1]
[zero_as_missing: 0]
[feature_pre_filter: 1]
[pre_partition: 0]
[two_round: 0]
[header: 0]
[label_column: ]
[weight_column: ]
[group_column: ]
[ignore_column: ]
[categorical_feature: ]
[forcedbins_filename: ]
[precise_float_parser: 0]
[parser_config_file: ]
[objective_seed: 16083]
[num_class: 1]
[is_unbalance: 0]
[scale_pos_weight: 1]
[sigmoid: 1]
[boost_from_average: 1]
[reg_sqrt: 0]
[alpha: 0.9]
[fair_c: 1]
[poisson_max_delta_step: 0.7]
[tweedie_variance_power: 1.5]
[lambdarank_truncation_level: 30]
[lambdarank_norm: 1]
[label_gain: ]
[lambdarank_position_bias_regularization: 0]
[eval_at: ]
[multi_error_top_k: 1]
[auc_mu_weights: ]
[num_machines: 1]
[local_listen_port: 12400]
[time_out: 120]
[machine_list_filename: ]
[machines: ]
[gpu_platform_id: -1]
[gpu_device_id: -1]
[gpu_use_dp: 0]
[num_gpu: 1]

end of parameters

pandas_categorical:[]
