tree
version=v4
num_class=1
num_tree_per_iteration=1
label_index=0
max_feature_idx=21
objective=binary sigmoid:1
feature_names=season_lt=_1.5 yr_lt=_0.5 mnth_lt=_3.5 hr_lt=_5.5 hr_lt=_6.5 hr_lt=_7.5 hr_lt=_8.5 hr_lt=_11.5 hr_lt=_19.5 hr_lt=_21.5 hr_lt=_22.5 weathersit_lt=_2.5 temp_lt=_0.3100000023841858 temp_lt=_0.3700000047683716 temp_lt=_0.39000000059604645 temp_lt=_0.45000000298023224 temp_lt=_0.4699999988079071 temp_lt=_0.48999999463558197 atemp_lt=_0.3257499933242798 atemp_lt=_0.5985000133514404 hum_lt=_0.7950000166893005 weekday_lt=_3.5
feature_infos=[0:1] [0:1] [0:1] [0:1] [0:1] [0:1] [0:1] [0:1] [0:1] [0:1] [0:1] [0:1] [0:1] [0:1] [0:1] [0:1] [0:1] [0:1] [0:1] [0:1] [0:1] [0:1]
tree_sizes=895 905 899 900 899 906 907 905 904 1019 1012 1019 1022 1022 1021 1023 1016 1023 1021 1020 916 910 1021 1018 906

Tree=0
num_leaves=7
num_cat=0
split_feature=4 13 10 1 3 1
split_gain=4990.34 1452.91 515.783 265.684 29.252 40.8909
threshold=1.0000000180025095e-35 1.0000000180025095e-35 1.0000000180025095e-35 1.0000000180025095e-35 1.0000000180025095e-35 1.0000000180025095e-35
decision_type=2 2 2 2 2 2
left_child=1 2 -1 -3 5 -2
right_child=4 3 -4 -5 -6 -7
leaf_value=-0.10720773748454829 -0.094061561585856407 0.017288904963985791 0.1336016562898662 -0.1051940292676538 -0.19955032351452004 -0.2011031766378146
leaf_weight=93.249594256281853 73.74967910349369 329.24856738746166 1668.7427390366793 381.49834004044533 854.99627977609634 74.249676927924156
leaf_count=373 295 1317 6675 1526 3420 297
internal_value=-0.00417176 0.0721425 0.120806 -0.0485042 -0.192202 -0.148724
internal_weight=3475.73 2472.74 1761.99 710.747 1003 147.999
internal_count=13903 9891 7048 2843 4012 592
is_linear=0
shrinkage=1


Tree=1
num_leaves=7
num_cat=0
split_feature=4 15 10 1 3 1
split_gain=4077.47 1210.41 356.469 355.463 24.4072 34.1902
threshold=1.0000000180025095e-35 1.0000000180025095e-35 1.0000000180025095e-35 1.0000000180025095e-35 1.0000000180025095e-35 1.0000000180025095e-35
decision_type=2 2 2 2 2 2
left_child=1 2 -1 -3 5 -2
right_child=4 3 -4 -5 -6 -7
leaf_value=-0.081376071797302468 -0.081204475046348118 0.045766997219827354 0.13845006899385709 -0.073465120583501825 -0.17768367280609054 -0.17934290771899247
leaf_weight=77.277739495038986 73.587112054228783 482.55366522073746 1387.30013859272 516.84847302734852 846.54459357261658 73.504318669438362
leaf_count=310 295 1933 5574 2074 3420 297
internal_value=-2.49091e-05 0.0689366 0.126803 -0.0159066 -0.17093 -0.131126
internal_weight=3457.62 2463.98 1464.58 999.402 993.636 147.091
internal_count=13903 9891 5884 4007 4012 592
is_linear=0
shrinkage=0.1


Tree=2
num_leaves=7
num_cat=0
split_feature=4 14 9 8 3 1
split_gain=3377.11 1019.33 358.064 270.308 21.6239 29.9192
threshold=1.0000000180025095e-35 1.0000000180025095e-35 1.0000000180025095e-35 1.0000000180025095e-35 1.0000000180025095e-35 1.0000000180025095e-35
decision_type=2 2 2 2 2 2
left_child=1 2 -1 -3 5 -2
right_child=4 3 -4 -5 -6 -7
leaf_value=-0.026792983934956716 -0.073607870636330772 -0.13481816455409826 0.12215041651680286 0.0016260252260227378 -0.16425675712759077 -0.16603754109824279
leaf_weight=180.49730163812637 73.186518922448158 194.06472212076187 1499.5058564841747 567.82452850043774 825.28937458992004 71.626787513494492
leaf_count=731 295 780 6098 2282 3420 297
internal_value=-5.62209e-05 0.0626516 0.106142 -0.0332595 -0.157803 -0.12015
internal_weight=3412 2441.89 1680 761.889 970.103 144.813
internal_count=13903 9891 6829 3062 4012 592
is_linear=0
shrinkage=0.1


Tree=3
num_leaves=7
num_cat=0
split_feature=4 12 9 8 3 1
split_gain=2824.88 881.744 430.327 93.6151 19.996 27.0402
threshold=1.0000000180025095e-35 1.0000000180025095e-35 1.0000000180025095e-35 1.0000000180025095e-35 1.0000000180025095e-35 1.0000000180025095e-35
decision_type=2 2 2 2 2 2
left_child=1 2 -1 -3 5 -2
right_child=4 3 -4 -5 -6 -7
leaf_value=-0.046608199639942005 -0.066883869763558534 -0.15090047358943573 0.1016552948387727 -0.04471182717596104 -0.15371942308383846 -0.15564159835773117
leaf_weight=219.59728552401066 72.619701400399208 112.34302568435669 1764.307389780879 315.99883930385113 795.26614844799042 68.971104070544243
leaf_count=889 295 456 7276 1270 3420 297
internal_value=-9.60778e-05 0.0571405 0.0852289 -0.072849 -0.147374 -0.110907
internal_weight=3349.1 2412.25 1983.9 428.342 936.857 141.591
internal_count=13903 9891 8165 1726 4012 592
is_linear=0
shrinkage=0.1


Tree=4
num_leaves=7
num_cat=0
split_feature=4 16 1 20 3 1
split_gain=2380.5 808.767 295.343 224.176 19.0649 25
threshold=1.0000000180025095e-35 1.0000000180025095e-35 1.0000000180025095e-35 1.0000000180025095e-35 1.0000000180025095e-35 1.0000000180025095e-35
decision_type=2 2 2 2 2 2
left_child=1 3 -3 -1 5 -2
right_child=4 2 -4 -5 -6 -7
leaf_value=0.003299304381883709 -0.060876488708894394 0.041929181956025838 -0.063901441261092928 0.12100792177906916 -0.14522896752875236 -0.14731434607518878
leaf_weight=188.74087956547737 71.941849291324615 506.10347686707973 548.43984812498093 1134.8300746232271 759.4768300652504 65.801598832011223
leaf_count=795 295 2056 2237 4803 3420 297
internal_value=-0.000153115 0.0522139 -0.0131189 0.104238 -0.138857 -0.102933
internal_weight=3275.33 2378.11 1054.54 1323.57 897.22 137.743
internal_count=13903 9891 4293 5598 4012 592
is_linear=0
shrinkage=0.1


Tree=5
num_leaves=7
num_cat=0
split_feature=4 0 20 1 3 1
split_gain=2018.93 707.559 368.572 206.864 18.5766 23.4817
threshold=1.0000000180025095e-35 1.0000000180025095e-35 1.0000000180025095e-35 1.0000000180025095e-35 1.0000000180025095e-35 1.0000000180025095e-35
decision_type=2 2 2 2 2 2
left_child=1 2 -1 -3 5 -2
right_child=4 3 -4 -5 -6 -7
leaf_value=-0.018228534066023656 -0.055470431041288959 0.0124882464270023 0.10172416494591274 -0.10450127182280054 -0.13823900978739831 -0.14051066799378928
leaf_weight=311.85928964614868 71.195193454623222 304.98141960799694 1426.0046670585871 298.27178581058979 720.16593754291534 62.316531836986542
leaf_count=1299 295 1248 6117 1227 3420 297
internal_value=-0.000184565 0.047822 0.0802006 -0.0454331 -0.131739 -0.0959124
internal_weight=3194.79 2341.12 1737.86 603.253 853.678 133.512
internal_count=13903 9891 7416 2475 4012 592
is_linear=0
shrinkage=0.1


Tree=6
num_leaves=7
num_cat=0
split_feature=4 17 9 10 3 15
split_gain=1719.93 613.472 284.362 189.296 18.3796 22.869
threshold=1.0000000180025095e-35 1.0000000180025095e-35 1.0000000180025095e-35 1.0000000180025095e-35 1.0000000180025095e-35 1.0000000180025095e-35
decision_type=2 2 2 2 2 2
left_child=1 3 -3 -1 5 -2
right_child=4 2 -4 -5 -6 -7
leaf_value=-0.06946038932574311 -0.04435874871398976 -0.14377841318468759 0.0087487184712548988 0.10188993918045482 -0.13237850415608524 -0.12944003291619485
leaf_weight=67.610480546951294 61.390033394098282 139.41097941994667 943.27086919546127 1153.6628405153751 679.01006877422333 67.686178103089333
leaf_count=272 281 575 3886 5158 3420 311
internal_value=-0.000231636 0.0437995 -0.0110059 0.0923548 -0.125669 -0.0896266
internal_weight=3112.04 2303.96 1082.68 1221.27 808.086 129.076
internal_count=13903 9891 4461 5430 4012 592
is_linear=0
shrinkage=0.1


Tree=7
num_leaves=7
num_cat=0
split_feature=4 18 11 8 3 1
split_gain=1471.05 549.66 303.767 96.1256 18.8607 24.1307
threshold=1.0000000180025095e-35 1.0000000180025095e-35 1.0000000180025095e-35 1.0000000180025095e-35 1.0000000180025095e-35 1.0000000180025095e-35
decision_type=2 2 2 2 2 2
left_child=1 2 -1 -3 5 -2
right_child=4 3 -4 -5 -6 -7
leaf_value=-0.069041432081569529 -0.042868102041098227 -0.12507120920532674 0.079945698971619752 -0.025289023187985732 -0.12738579391140517 -0.13168221079040038
leaf_weight=148.95011253654957 68.950427621603012 127.3999008834362 1592.3936347067356 392.25853753089905 637.25396990776062 56.201514601707458
leaf_count=640 295 542 7113 1596 3420 297
internal_value=-0.000267031 0.0402422 0.0671694 -0.0499449 -0.120297 -0.0834792
internal_weight=3023.41 2261 1741.34 519.658 762.406 125.152
internal_count=13903 9891 7753 2138 4012 592
is_linear=0
shrinkage=0.1


Tree=8
num_leaves=7
num_cat=0
split_feature=4 0 9 1 3 1
split_gain=1262.14 492.238 305.357 166.407 18.9688 22.917
threshold=1.0000000180025095e-35 1.0000000180025095e-35 1.0000000180025095e-35 1.0000000180025095e-35 1.0000000180025095e-35 1.0000000180025095e-35
decision_type=2 2 2 2 2 2
left_child=1 2 -1 -3 5 -2
right_child=4 3 -4 -5 -6 -7
leaf_value=-0.049040565892362178 -0.039099968586067846 0.010935348414582866 0.081555709215022351 -0.09509143341598765 -0.12307046510515177 -0.12740325599550034
leaf_weight=204.0167461335659 68.174238875508308 300.41405856609344 1427.6184825897217 290.46606729924679 595.81149101257324 52.504049688577652
leaf_count=849 295 1248 6567 1227 3420 297
internal_value=-0.000317404 0.0368956 0.0652061 -0.0412581 -0.115641 -0.0782498
internal_weight=2939.01 2222.52 1631.64 590.88 716.49 120.678
internal_count=13903 9891 7416 2475 4012 592
is_linear=0
shrinkage=0.1


Tree=9
num_leaves=8
num_cat=0
split_feature=4 19 1 10 3 15 17
split_gain=1086.59 457.756 277.369 65.7529 19.1533 22.4179 0.173906
threshold=1.0000000180025095e-35 1.0000000180025095e-35 1.0000000180025095e-35 1.0000000180025095e-35 1.0000000180025095e-35 1.0000000180025095e-35 1.0000000180025095e-35
decision_type=2 2 2 2 2 2 2
left_child=1 3 -3 -1 5 -2 -6
right_child=4 2 -4 -5 6 -7 -8
leaf_value=-0.040394511513206131 -0.027428059232379967 0.046169338976136502 -0.040807983840223487 0.10601258342500577 -0.11316174959783086 -0.11556207507226729 -0.12391290962755241
leaf_weight=31.621872708201408 56.414458855986595 719.34295281767845 745.71172605454922 682.83882890641689 249.7416011095047 59.881749242544174 305.60058081150055
leaf_count=127 281 3121 3247 3396 1538 311 1882
internal_value=-0.000355094 0.0339203 0.00190031 0.0994852 -0.111466 -0.0734072 -0.11929
internal_weight=2851.15 2179.52 1465.05 714.461 671.638 116.296 555.342
internal_count=13903 9891 6368 3523 4012 592 3420
is_linear=0
shrinkage=0.1


Tree=10
num_leaves=8
num_cat=0
split_feature=4 19 9 1 3 1 17
split_gain=937.002 396.576 249.622 58.6112 19.8162 23.4263 0.285368
threshold=1.0000000180025095e-35 1.0000000180025095e-35 1.0000000180025095e-35 1.0000000180025095e-35 1.0000000180025095e-35 1.0000000180025095e-35 1.0000000180025095e-35
decision_type=2 2 2 2 2 2 2
left_child=1 3 -3 -1 5 -2 -6
right_child=4 2 -4 -5 6 -7 -8
leaf_value=0.12210268668473337 -0.029313512146491125 -0.10148109779299785 0.018278757533710166 0.063054956321182715 -0.10954446835762695 -0.12192236108890531 -0.12080221211398
leaf_weight=356.5121728181839 65.86160147190094 200.95484720170498 1258.3666917532682 325.44372624158859 233.08444225788116 46.752816125750542 283.29501181840897
leaf_count=1843 295 857 5511 1680 1538 297 1882
internal_value=-0.000363031 0.0311641 0.00172911 0.0940575 -0.10757 -0.0684956 -0.115942
internal_weight=2770.27 2141.28 1459.32 681.956 628.994 112.614 516.379
internal_count=13903 9891 6368 3523 4012 592 3420
is_linear=0
shrinkage=0.1


Tree=11
num_leaves=8
num_cat=0
split_feature=4 12 11 8 3 1 17
split_gain=809.859 374.969 269.721 54.2835 20.0419 22.2018 0.409103
threshold=1.0000000180025095e-35 1.0000000180025095e-35 1.0000000180025095e-35 1.0000000180025095e-35 1.0000000180025095e-35 1.0000000180025095e-35 1.0000000180025095e-35
decision_type=2 2 2 2 2 2 2
left_child=1 2 -1 -3 5 -2 -6
right_child=4 3 -4 -5 6 -7 -8
leaf_value=-0.075102479900190477 -0.026693092743748544 -0.12133774965895393 0.062003429119534041 -0.036489630259843496 -0.10621053271766639 -0.11897424361667581 -0.1180864834814303
leaf_weight=157.36323721706867 65.227237522602081 99.584581553936005 1540.8153086751699 307.61474302411079 217.21350783109665 43.321299031376839 261.94846299290657
leaf_count=688 295 456 7477 1270 1538 297 1882
internal_value=-0.000382213 0.0285981 0.0492617 -0.0574865 -0.104072 -0.064272 -0.112935
internal_weight=2693.09 2105.38 1698.18 407.199 587.711 108.549 479.162
internal_count=13903 9891 8165 1726 4012 592 3420
is_linear=0
shrinkage=0.1


Tree=12
num_leaves=8
num_cat=0
split_feature=4 0 20 1 3 15 17
split_gain=700.656 337.359 251.679 114.247 20.2575 22.0875 0.543652
threshold=1.0000000180025095e-35 1.0000000180025095e-35 1.0000000180025095e-35 1.0000000180025095e-35 1.0000000180025095e-35 1.0000000180025095e-35 1.0000000180025095e-35
decision_type=2 2 2 2 2 2 2
left_child=1 2 -1 -3 5 -2 -6
right_child=4 3 -4 -5 6 -7 -8
leaf_value=-0.031286943453021757 -0.013636529314419174 0.0046558739302319024 0.071571449466427794 -0.084486141015698124 -0.10309751139650905 -0.10538014529442959 -0.11569577151486071
leaf_weight=296.03355629742146 52.086541250348091 294.06563261151314 1199.9069008380175 280.12559379637241 202.20213538408279 52.594695210456848 241.68578615784645
leaf_count=1299 281 1248 6117 1227 1538 311 1882
internal_value=-0.000427201 0.0262079 0.0512094 -0.0389043 -0.100805 -0.060292 -0.110202
internal_weight=2618.7 2070.13 1495.94 574.191 548.569 104.681 443.888
internal_count=13903 9891 7416 2475 4012 592 3420
is_linear=0
shrinkage=0.1


Tree=13
num_leaves=8
num_cat=0
split_feature=4 16 8 10 3 1 17
split_gain=606.706 295.222 185.067 144.059 20.819 22.3492 0.688025
threshold=1.0000000180025095e-35 1.0000000180025095e-35 1.0000000180025095e-35 1.0000000180025095e-35 1.0000000180025095e-35 1.0000000180025095e-35 1.0000000180025095e-35
decision_type=2 2 2 2 2 2 2
left_child=1 3 -3 -1 5 -2 -6
right_child=4 2 -4 -5 6 -7 -8
leaf_value=-0.076306838461265653 -0.018975394134941231 -0.091533597825739596 0.0093727942722499763 0.071406710541046706 -0.10015483700583001 -0.11533234977864476 -0.11357420525304421
leaf_weight=70.052730470895767 63.133765563368797 238.11119781434536 757.12989446520805 967.43484410643578 188.08881567418575 38.404317274689674 222.57915250957012
leaf_count=285 295 1065 3228 5313 1538 297 1882
internal_value=-0.000448761 0.0240691 -0.0148367 0.061369 -0.0976071 -0.0561894 -0.107686
internal_weight=2544.93 2032.73 995.241 1037.49 512.206 101.538 410.668
internal_count=13903 9891 4293 5598 4012 592 3420
is_linear=0
shrinkage=0.1


Tree=14
num_leaves=8
num_cat=0
split_feature=4 1 2 12 3 1 17
split_gain=526.511 285.047 177.806 156.212 20.9381 21.0351 0.841453
threshold=1.0000000180025095e-35 1.0000000180025095e-35 1.0000000180025095e-35 1.0000000180025095e-35 1.0000000180025095e-35 1.0000000180025095e-35 1.0000000180025095e-35
decision_type=2 2 2 2 2 2 2
left_child=1 3 -3 -1 5 -2 -6
right_child=4 2 -4 -5 6 -7 -8
leaf_value=0.079388827737908466 -0.017234804142311651 0.010297405398594925 -0.084206866332313071 -0.021835576531849837 -0.097341028844854877 -0.11315035766443518 -0.11167638418039248
leaf_weight=802.07722617685795 62.68453261256218 731.59158273041248 272.4297853410244 187.71812778711319 174.88594733178616 35.403660111129284 204.66105100512505
leaf_count=4195 295 3705 1222 769 1538 297 1882
internal_value=-0.000465676 0.0221342 -0.0154035 0.0601886 -0.0946547 -0.0526468 -0.105344
internal_weight=2471.45 1993.82 1004.02 989.795 477.635 98.0882 379.547
internal_count=13903 9891 4927 4964 4012 592 3420
is_linear=0
shrinkage=0.1


Tree=15
num_leaves=8
num_cat=0
split_feature=4 19 11 10 3 15 17
split_gain=457.02 253.435 195.179 57.6533 21.0012 21.5108 1.00324
threshold=1.0000000180025095e-35 1.0000000180025095e-35 1.0000000180025095e-35 1.0000000180025095e-35 1.0000000180025095e-35 1.0000000180025095e-35 1.0000000180025095e-35
decision_type=2 2 2 2 2 2 2
left_child=1 3 -3 -1 5 -2 -6
right_child=4 2 -4 -5 6 -7 -8
leaf_value=-0.053807387511931017 -0.0024690706732756287 -0.10263616788723534 0.011248011895178272 0.083780181898527983 -0.094621879820301152 -0.097271711790789986 -0.10996498876659917
leaf_weight=31.607081562280655 48.545456975698471 170.74252115190029 1215.1261632591486 542.35978510975838 162.58654037117958 46.31217173486948 187.93425799906254
leaf_count=127 281 739 5629 3396 1538 311 1882
internal_value=-0.000481753 0.0203078 -0.0028467 0.0761231 -0.0918044 -0.0492863 -0.103138
internal_weight=2405.21 1959.84 1385.87 573.967 445.378 94.8576 350.521
internal_count=13903 9891 6368 3523 4012 592 3420
is_linear=0
shrinkage=0.1


Tree=16
num_leaves=8
num_cat=0
split_feature=4 9 1 21 3 1 17
split_gain=396.396 243.2 227.056 64.991 21.3065 20.8038 1.17264
threshold=1.0000000180025095e-35 1.0000000180025095e-35 1.0000000180025095e-35 1.0000000180025095e-35 1.0000000180025095e-35 1.0000000180025095e-35 1.0000000180025095e-35
decision_type=2 2 2 2 2 2 2
left_child=1 3 -3 -1 5 -2 -6
right_child=4 2 -4 -5 6 -7 -8
leaf_value=-0.014748470525278399 -0.011181035107145439 0.070218314215677466 -0.0032936131013027213 -0.11749640184232656 -0.091969049905567271 -0.11058403100172194 -0.1084088916887047
leaf_weight=108.79597669839859 60.899520307779312 813.67670322954655 867.46257643401623 141.77205835282803 151.16952170431614 31.392702162265778 172.37974564731121
leaf_count=494 295 4379 4375 643 1538 297 1882
internal_value=-0.000474629 0.018601 0.032307 -0.0731195 -0.0889187 -0.0458154 -0.101035
internal_weight=2347.55 1931.71 1681.14 250.568 415.841 92.2922 323.549
internal_count=13903 9891 8754 1137 4012 592 3420
is_linear=0
shrinkage=0.1


Tree=17
num_leaves=8
num_cat=0
split_feature=5 0 20 8 3 1 17
split_gain=347.756 223.354 188.027 79.3047 47.6092 16.8515 1.34881
threshold=1.0000000180025095e-35 1.0000000180025095e-35 1.0000000180025095e-35 1.0000000180025095e-35 1.0000000180025095e-35 1.0000000180025095e-35 1.0000000180025095e-35
decision_type=2 2 2 2 2 2 2
left_child=1 2 -1 -3 5 -2 -6
right_child=4 3 -4 -5 6 -7 -8
leaf_value=-0.035680154661141113 -0.011634296960341621 -0.10669378529616375 0.061749541291919577 -0.01363521243834385 -0.089359076839775245 -0.068795402386298082 -0.10698180820620251
leaf_weight=244.90936070680618 118.78407022356987 117.71842241287231 1022.5073717534542 402.25819085538387 140.60382600128651 90.838419325649738 157.96285158395767
leaf_count=1103 584 582 5866 1759 1538 589 1882
internal_value=-0.00048306 0.0202763 0.0429094 -0.0348673 -0.0733939 -0.0366137 -0.0990087
internal_weight=2295.58 1787.39 1267.42 519.977 508.189 209.622 298.567
internal_count=13903 9310 6969 2341 4593 1173 3420
is_linear=0
shrinkage=0.1


Tree=18
num_leaves=8
num_cat=0
split_feature=4 1 11 2 3 15 17
split_gain=300.245 206.446 126.305 125.488 20.6015 20.3582 1.53075
threshold=1.0000000180025095e-35 1.0000000180025095e-35 1.0000000180025095e-35 1.0000000180025095e-35 1.0000000180025095e-35 1.0000000180025095e-35 1.0000000180025095e-35
decision_type=2 2 2 2 2 2 2
left_child=1 2 -1 -3 5 -2 -6
right_child=4 3 -4 -5 6 -7 -8
leaf_value=-0.065019147832671473 0.0051509231280984493 0.0054725099759007712 0.061802767667608109 -0.075384684445861688 -0.086772670723824274 -0.090660444970376508 -0.10566127390862212
leaf_weight=85.971342965960503 46.169775143265724 704.90987907350063 824.6491020321846 262.6968972235918 130.85161566734314 41.496272772550583 144.63796226680279
leaf_count=388 281 3705 4576 1222 1538 311 1882
internal_value=-0.000482605 0.0156218 0.0497714 -0.0165347 -0.0835884 -0.0407119 -0.0970359
internal_weight=2241.38 1878.23 910.62 967.607 363.156 87.666 275.49
internal_count=13903 9891 4964 4927 4012 592 3420
is_linear=0
shrinkage=0.1


Tree=19
num_leaves=8
num_cat=0
split_feature=5 9 11 21 3 0 17
split_gain=261.763 218.697 184.294 53.8001 43.4068 15.9375 1.71727
threshold=1.0000000180025095e-35 1.0000000180025095e-35 1.0000000180025095e-35 1.0000000180025095e-35 1.0000000180025095e-35 1.0000000180025095e-35 1.0000000180025095e-35
decision_type=2 2 2 2 2 2 2
left_child=1 3 -3 -1 5 -2 -6
right_child=4 2 -4 -5 6 -7 -8
leaf_value=-0.016547555353654611 -0.017249760270428269 -0.070831494470064746 0.043759959733759735 -0.11108223015493304 -0.084194161102435494 -0.082423505547910753 -0.10442785870333693
leaf_weight=106.85087037086487 156.2700936794281 155.95199838280678 1332.5197469890118 138.09326282888651 121.87069869041443 48.72040830552578 132.3522989153862
leaf_count=494 896 693 7480 643 1538 277 1882
internal_value=-0.000492118 0.0172981 0.0317143 -0.0700788 -0.0675375 -0.0330646 -0.095096
internal_weight=2192.63 1733.42 1488.47 244.944 459.213 204.991 254.223
internal_count=13903 9310 8173 1137 4593 1173 3420
is_linear=0
shrinkage=0.1


Tree=20
num_leaves=7
num_cat=0
split_feature=3 19 9 7 17 1
split_gain=227.272 203.252 123.426 68.2466 1.90698 3.97303
threshold=1.0000000180025095e-35 1.0000000180025095e-35 1.0000000180025095e-35 1.0000000180025095e-35 1.0000000180025095e-35 1.0000000180025095e-35
decision_type=2 2 2 2 2 2
left_child=1 3 -3 -1 5 -2
right_child=4 2 -4 -5 -6 -7
leaf_value=0.085289398985505763 -0.061416769516898978 -0.085394646053650991 0.002681472923692016 -5.7398063198571053e-05 -0.10326458374470207 -0.10146857565833672
leaf_weight=388.60438141226768 58.359562754631042 181.91091358661652 1222.2181293219328 123.35651496052742 121.04867984354496 55.256902456283569
leaf_count=2711 790 857 6026 889 1882 748
internal_value=-0.00049954 0.0108928 -0.00878182 0.0647651 -0.0931715 -0.0816111
internal_weight=2150.76 1916.09 1404.13 511.961 234.665 113.616
internal_count=13903 10483 6883 3600 3420 1538
is_linear=0
shrinkage=0.1


Tree=21
num_leaves=7
num_cat=0
split_feature=3 12 1 8 17 1
split_gain=200.118 190.874 186.79 26.6607 2.09131 4.04298
threshold=1.0000000180025095e-35 1.0000000180025095e-35 1.0000000180025095e-35 1.0000000180025095e-35 1.0000000180025095e-35 1.0000000180025095e-35
decision_type=2 2 2 2 2 2
left_child=1 2 -1 -3 5 -2
right_child=4 3 -4 -5 -6 -7
leaf_value=0.062566562702581777 -0.058433499057829276 -0.10197272274431031 -0.008131884931341227 -0.03804733641564341 -0.10215640515779285 -0.10000296549880223
leaf_weight=728.68349041044712 55.412168949842453 82.148858174681664 765.62192311137915 316.39029415696859 110.6677008792758 50.708130568265915
leaf_count=4407 790 456 4180 1440 1882 748
internal_value=-0.000478511 0.00996118 0.0263623 -0.0514462 -0.091258 -0.079045
internal_weight=2109.63 1892.84 1494.31 398.539 216.788 106.12
internal_count=13903 10483 8587 1896 3420 1538
is_linear=0
shrinkage=0.1


Tree=22
num_leaves=8
num_cat=0
split_feature=5 15 8 1 3 0 17
split_gain=180.174 160.668 114.138 112.574 33.6004 12.1022 2.27383
threshold=1.0000000180025095e-35 1.0000000180025095e-35 1.0000000180025095e-35 1.0000000180025095e-35 1.0000000180025095e-35 1.0000000180025095e-35 1.0000000180025095e-35
decision_type=2 2 2 2 2 2 2
left_child=1 3 -3 -1 5 -2 -6
right_child=4 2 -4 -5 6 -7 -8
leaf_value=0.082506355099728243 -0.017783686232393948 -0.083755163143478292 0.003483232636419583 0.010137918702771856 -0.076465216474701669 -0.075316435821554381 -0.10108990337169209
leaf_weight=402.98983913660049 155.92102644592524 198.2911107391119 605.74695871770382 460.05730578303337 99.248250603675842 47.17617292702198 101.14937593787909
leaf_count=2890 896 993 2715 2712 1538 277 1882
internal_value=-0.000474611 0.0140446 -0.0181087 0.0439859 -0.060349 -0.0314512 -0.0893346
internal_weight=2070.58 1667.09 804.038 863.047 403.495 203.097 200.398
internal_count=13903 9310 3708 5602 4593 1173 3420
is_linear=0
shrinkage=0.1


Tree=23
num_leaves=8
num_cat=0
split_feature=19 11 3 7 10 1 6
split_gain=159.516 104.589 110.466 102.06 64.4799 59.2625 4.55025
threshold=1.0000000180025095e-35 1.0000000180025095e-35 1.0000000180025095e-35 1.0000000180025095e-35 1.0000000180025095e-35 1.0000000180025095e-35 1.0000000180025095e-35
decision_type=2 2 2 2 2 2 2
left_child=3 6 -3 4 -1 -5 -2
right_child=1 2 -4 5 -6 -7 -8
leaf_value=-0.057893947357068425 -0.095807180245224291 0.0028379146473270916 -0.092055346646543912 0.046328909911196578 0.091127294385826604 -0.076438226068232085 -0.05648696574810378
leaf_weight=31.243364319205284 141.37631922215223 1200.3066685497761 135.63463911414146 72.816788703203201 320.81687155365944 83.250277705490589 44.148316845297813
leaf_count=127 632 6098 2569 745 2584 760 388
internal_value=-0.000453165 -0.016657 -0.006858 0.0480028 0.077776 -0.019228 -0.0868034
internal_weight=2029.59 1521.47 1335.94 508.127 352.06 156.067 185.525
internal_count=13903 9687 8667 4216 2711 1505 1020
is_linear=0
shrinkage=0.1


Tree=24
num_leaves=7
num_cat=0
split_feature=4 9 0 21 1 15
split_gain=141.362 141.091 138.192 49.6034 19.6418 19.9679
threshold=1.0000000180025095e-35 1.0000000180025095e-35 1.0000000180025095e-35 1.0000000180025095e-35 1.0000000180025095e-35 1.0000000180025095e-35
decision_type=2 2 2 2 2 2
left_child=1 3 -3 -1 5 -2
right_child=4 2 -4 -5 -6 -7
leaf_value=-0.010258627851461671 -0.013270477385843988 0.041454180257231479 -0.023589166925627528 -0.10364396555978915 -0.10205616137181384 -0.087047912274031469
leaf_weight=101.31543077528477 84.545739911496639 1034.6434167027473 476.358656860888 129.39382807165384 107.637680567801 64.396648988127708
leaf_count=494 1037 6567 2187 643 1983 992
internal_value=-0.0004041 0.00981637 0.0209466 -0.0628553 -0.0695513 -0.0455367
internal_weight=1998.29 1741.71 1511 230.709 256.58 148.942
internal_count=13903 9891 8754 1137 4012 2029
is_linear=0
shrinkage=0.1


end of trees

feature_importances:
yr_lt=_0.5=31
hr_lt=_5.5=24
hr_lt=_6.5=19
temp_lt=_0.48999999463558197=15
hr_lt=_21.5=9
hr_lt=_19.5=8
temp_lt=_0.45000000298023224=8
season_lt=_1.5=7
hr_lt=_22.5=7
weathersit_lt=_2.5=6
atemp_lt=_0.5985000133514404=5
temp_lt=_0.3100000023841858=4
hum_lt=_0.7950000166893005=4
hr_lt=_7.5=3
weekday_lt=_3.5=3
mnth_lt=_3.5=2
hr_lt=_11.5=2
temp_lt=_0.4699999988079071=2
hr_lt=_8.5=1
temp_lt=_0.3700000047683716=1
temp_lt=_0.39000000059604645=1
atemp_lt=_0.3257499933242798=1

parameters:
[boosting: gbdt]
[objective: binary]
[metric: binary_logloss]
[tree_learner: serial]
[device_type: cpu]
[data_sample_strategy: bagging]
[data: ]
[valid: ]
[num_iterations: 25]
[learning_rate: 0.1]
[num_leaves: 31]
[num_threads: 8]
[seed: 42]
[deterministic: 0]
[force_col_wise: 0]
[force_row_wise: 0]
[histogram_pool_size: -1]
[max_depth: 3]
[min_data_in_leaf: 20]
[min_sum_hessian_in_leaf: 0.001]
[bagging_fraction: 1]
[pos_bagging_fraction: 1]
[neg_bagging_fraction: 1]
[bagging_freq: 0]
[bagging_seed: 400]
[bagging_by_query: 0]
[feature_fraction: 1]
[feature_fraction_bynode: 1]
[feature_fraction_seed: 30056]
[extra_trees: 0]
[extra_seed: 12879]
[early_stopping_round: 0]
[early_stopping_min_delta: 0]
[first_metric_only: 0]
[max_delta_step: 0]
[lambda_l1: 0]
[lambda_l2: 1]
[linear_lambda: 0]
[min_gain_to_split: 0]
[drop_rate: 0.1]
[max_drop: 50]
[skip_drop: 0.5]
[xgboost_dart_mode: 0]
[uniform_drop: 0]
[drop_seed: 17869]
[top_rate: 0.2]
[other_rate: 0.1]
[min_data_per_group: 100]
[max_cat_threshold: 32]
[cat_l2: 10]
[cat_smooth: 10]
[max_cat_to_onehot: 4]
[top_k: 20]
[monotone_constraints: ]
[monotone_constraints_method: basic]
[monotone_penalty: 0]
[feature_contri: ]
[forcedsplits_filename: ]
[refit_decay_rate: 0.9]
[cegb_tradeoff: 1]
[cegb_penalty_split: 0]
[cegb_penalty_feature_lazy: ]
[cegb_penalty_feature_coupled: ]
[path_smooth: 0]
[interaction_constraints: ]
[verbosity: -1]
[saved_feature_importance_type: 0]
[use_quantized_grad: 0]
[num_grad_quant_bins: 4]
[quant_train_renew_leaf: 0]
[stochastic_rounding: 1]
[linear_tree: 0]
[max_bin: 255]
[max_bin_by_feature: ]
[min_data_in_bin: 3]
[bin_construct_sample_cnt: 200000]
[data_random_seed: 175]
[is_enable_sparse: 1]
[enable_bundle: 1]
[use_missing: 1]
[zero_as_missing: 0]
[feature_pre_filter: 1]
[pre_partition: 0]
[two_round: 0]
[header: 0]
[label_column: ]
[weight_column: ]
[group_column: ]
[ignore_column: ]
[categorical_feature: ]
[forcedbins_filename: ]
[precise_float_parser: 0]
[parser_config_file: ]
[objective_seed: 16083]
[num_class: 1]
[is_unbalance: 0]
[scale_pos_weight: 1]
[sigmoid: 1]
[boost_from_average: 1]
[reg_sqrt: 0]
[alpha: 0.9]
[fair_c: 1]
[poisson_max_delta_step: 0.7]
[tweedie_variance_power: 1.5]
[lambdarank_truncation_level: 30]
[lambdarank_norm: 1]
[label_gain: ]
[lambdarank_position_bias_regularization: 0]
[eval_at: ]
[multi_error_top_k: 1]
[auc_mu_weights: ]
[num_machines: 1]
[local_listen_port: 12400]
[time_out: 120]
[machine_list_filename: ]
[machines: ]
[gpu_platform_id: -1]
[gpu_device_id: -1]
[gpu_use_dp: 0]
[num_gpu: 1]

end of parameters

pandas_categorical:[]
