tree
version=v4
num_class=1
num_tree_per_iteration=1
label_index=0
max_feature_idx=26
objective=binary sigmoid:1
feature_names=race_lt=_0.5 gender_lt=_0.5 discharge_disposition_id_lt=_10.5 discharge_disposition_id_lt=_14.5 discharge_disposition_id_lt=_18.5 admission_source_id_lt=_4.5 num_procedures_lt=_0.5 num_procedures_lt=_1.5 num_medications_lt=_6.5 num_medications_lt=_8.5 num_medications_lt=_11.5 number_outpatient_lt=_0.5 number_emergency_lt=_0.5 number_emergency_lt=_1.5 number_inpatient_lt=_0.5 number_inpatient_lt=_1.5 number_inpatient_lt=_2.5 number_inpatient_lt=_3.5 diag_1_lt=_96.5 diag_1_lt=_98.5 diag_1_lt=_338.5 number_diagnoses_lt=_5.5 number_diagnoses_lt=_6.5 metformin_lt=_1.5 insulin_lt=_1.5 change_lt=_0.5 age_lt=_8.5
feature_infos=[0:1] [0:1] [0:1] [0:1] [0:1] [0:1] [0:1] [0:1] [0:1] [0:1] [0:1] [0:1] [0:1] [0:1] [0:1] [0:1] [0:1] [0:1] [0:1] [0:1] [0:1] [0:1] [0:1] [0:1] [0:1] [0:1] [0:1]
tree_sizes=931 1033 1027 1030 1030 1033 1024 1033 1032 1029 1033 1035 1031 1024 1027 1033 1032 1028 1023 1035 1037 1024 1034 1025 1028

Tree=0
num_leaves=8
num_cat=0
split_feature=14 21 15 2 25 2 25
split_gain=2703.35 449.525 436.493 249.83 206.386 161.593 89.1599
threshold=1.0000000180025095e-35 1.0000000180025095e-35 1.0000000180025095e-35 1.0000000180025095e-35 1.0000000180025095e-35 1.0000000180025095e-35 1.0000000180025095e-35
decision_type=2 2 2 2 2 2 2
left_child=2 4 3 -1 -2 -4 -3
right_child=1 6 5 -5 -6 -7 -8
leaf_value=-0.0067903208200472357 -0.031589779627434963 -0.078945420166812941 -0.038116972920918445 0.097475180455137256 -0.0011277382212417117 0.038616431224966934 -0.042642130962216244
leaf_weight=255.75 4617 1554 300.5 2253.5 4290.75 3078.75 1206
leaf_count=1023 18468 6216 1202 9014 17163 12315 4824
internal_value=2.84847e-05 -0.027848 0.0552595 0.0868497 -0.0169184 0.0317836 -0.0631037
internal_weight=17556.2 11667.8 5888.5 2509.25 8907.75 3379.25 2760
internal_count=70225 46671 23554 10037 35631 13517 11040
is_linear=0
shrinkage=1


Tree=1
num_leaves=8
num_cat=0
split_feature=14 21 15 2 25 2 25
split_gain=2192 364.955 355.446 203.274 167.25 130.996 72.5876
threshold=1.0000000180025095e-35 1.0000000180025095e-35 1.0000000180025095e-35 1.0000000180025095e-35 1.0000000180025095e-35 1.0000000180025095e-35 1.0000000180025095e-35
decision_type=2 2 2 2 2 2 2
left_child=2 4 3 -1 -2 -4 -3
right_child=1 6 5 -5 -6 -7 -8
leaf_value=-0.0061396501316405751 -0.028464488342076485 -0.071196439165208167 -0.034356454811795119 0.087922486536759922 -0.0010406302612110125 0.034743828480188324 -0.038425182705248077
leaf_weight=255.74705792963505 4615.8483104109764 1551.5812672376633 300.39088499546051 2248.1555786430836 4290.7487212568521 3077.6025257259607 1205.4519624710083
leaf_count=1023 18468 6216 1202 9014 17163 12315 4824
internal_value=2.27192e-07 -0.0250997 0.0497685 0.0783164 -0.0152547 0.0285907 -0.0568871
internal_weight=17545.5 11663.6 5881.9 2503.9 8906.6 3377.99 2757.03
internal_count=70225 46671 23554 10037 35631 13517 11040
is_linear=0
shrinkage=0.1


Tree=2
num_leaves=8
num_cat=0
split_feature=14 16 21 2 2 2 25
split_gain=1780.32 298.971 297.336 173.025 156.589 91.9499 59.583
threshold=1.0000000180025095e-35 1.0000000180025095e-35 1.0000000180025095e-35 1.0000000180025095e-35 1.0000000180025095e-35 1.0000000180025095e-35 1.0000000180025095e-35
decision_type=2 2 2 2 2 2 2
left_child=1 5 4 -3 -2 -1 -4
right_child=2 3 6 -5 -6 -7 -8
leaf_value=0.0066434099295217298 -0.054924328191637312 -0.026449667939476798 -0.064355746101262046 0.039687304921161598 -0.009463860607134212 0.09891806435008621 -0.034628970706957238
leaf_weight=120.2449756115675 835.32379579544067 435.60009509325027 1545.2750372886658 4237.0935896039009 8068.2606965899467 1071.763841509819 1204.0207679271698
leaf_count=481 3343 1744 6216 17005 32288 4324 4824
internal_value=1.74638e-06 0.0449344 -0.022614 0.0335175 -0.0137346 0.0896231 -0.0513546
internal_weight=17517.6 5864.7 11652.9 4672.69 8903.58 1192.01 2749.3
internal_count=70225 23554 46671 18749 35631 4805 11040
is_linear=0
shrinkage=0.1


Tree=3
num_leaves=8
num_cat=0
split_feature=14 15 22 11 2 25 2
split_gain=1447.34 263.129 247.44 140.347 139.109 85.6838 85.0861
threshold=1.0000000180025095e-35 1.0000000180025095e-35 1.0000000180025095e-35 1.0000000180025095e-35 1.0000000180025095e-35 1.0000000180025095e-35 1.0000000180025095e-35
decision_type=2 2 2 2 2 2 2
left_child=1 4 3 -2 -1 -4 -3
right_child=2 6 5 -5 -6 -7 -8
leaf_value=-0.0044444677752930178 0.022938450470131683 -0.028360188266399002 -0.053636246425223667 -0.015458975102758574 0.073433007086456115 -0.024022785781749493 0.02738901638662454
leaf_weight=255.69628918170929 1112.7303248047829 299.76603502035141 2227.0223599523306 6554.0769786089659 2217.219034075737 1745.1648499965668 3068.9345347881317
leaf_count=1023 4454 1202 8983 26237 9014 6997 12315
internal_value=3.67799e-06 0.0406158 -0.0203813 -0.00988386 0.065382 -0.040635 0.0224212
internal_weight=17480.6 5841.62 11639 7666.81 2472.92 3972.19 3368.7
internal_count=70225 23554 46671 30691 10037 15980 13517
is_linear=0
shrinkage=0.1


Tree=4
num_leaves=8
num_cat=0
split_feature=14 16 21 25 2 2 1
split_gain=1177.66 223.357 208.318 129.369 113.875 64.4887 52.107
threshold=1.0000000180025095e-35 1.0000000180025095e-35 1.0000000180025095e-35 1.0000000180025095e-35 1.0000000180025095e-35 1.0000000180025095e-35 1.0000000180025095e-35
decision_type=2 2 2 2 2 2 2
left_child=1 5 3 -2 -3 -1 -4
right_child=2 4 6 -5 -6 -7 -8
leaf_value=0.0064252560820491971 -0.022592605019067399 -0.021772120928049078 -0.05793341916584184 0.0015389974125750452 0.031946853488827719 0.083800702826479986 -0.030089878237362689
leaf_weight=120.24653811752796 4606.8044581264257 434.7211366891861 1218.5238392651081 4289.5859393924475 4210.3814686089754 1047.1369205713272 1508.0093458592892
leaf_count=481 18468 1744 4934 17163 17005 4324 6106
internal_value=6.38121e-06 0.0367538 -0.0183721 -0.0109582 0.0269159 0.075843 -0.0425502
internal_weight=17435.4 5812.49 11622.9 8896.39 4645.1 1167.38 2726.53
internal_count=70225 23554 46671 35631 18749 4805 11040
is_linear=0
shrinkage=0.1


Tree=5
num_leaves=8
num_cat=0
split_feature=14 15 11 21 2 21 6
split_gain=958.649 197.502 189.489 143.691 96.6611 75.3076 31.907
threshold=1.0000000180025095e-35 1.0000000180025095e-35 1.0000000180025095e-35 1.0000000180025095e-35 1.0000000180025095e-35 1.0000000180025095e-35 1.0000000180025095e-35
decision_type=2 2 2 2 2 2 2
left_child=1 4 6 -4 -1 -3 -2
right_child=2 5 3 -5 -6 -7 -8
leaf_value=-0.0031554966191533643 0.0033950988929145019 0.024006345134445523 -0.014631036303843853 -0.042267153476479268 0.061845574005553877 -0.017168619099205192 0.032865139597273343
leaf_weight=255.6037825345993 805.49664551019669 2828.6668417006731 7626.3640304207802 2497.4565211385489 2171.0388726592064 526.16104125976562 674.86938753724098
leaf_count=1023 3233 11397 30567 10164 9014 2120 2707
internal_value=8.76549e-06 0.0332731 -0.0165657 -0.0214521 0.0550004 0.0175454 0.016843
internal_weight=17385.7 5781.47 11604.2 10123.8 2426.64 3354.83 1480.37
internal_count=70225 23554 46671 40731 10037 13517 5940
is_linear=0
shrinkage=0.1


Tree=6
num_leaves=8
num_cat=0
split_feature=14 17 12 25 11 2 2
split_gain=780.472 179.622 158.965 159.385 102.755 24.3398 21.4069
threshold=1.0000000180025095e-35 1.0000000180025095e-35 1.0000000180025095e-35 1.0000000180025095e-35 1.0000000180025095e-35 1.0000000180025095e-35 1.0000000180025095e-35
decision_type=2 2 2 2 2 2 2
left_child=1 6 5 -4 -3 -2 -1
right_child=2 4 3 -5 -6 -7 -8
leaf_value=0.021293217188041072 -0.048274954623493349 0.050718072768234472 -0.02944999456023244 -0.0051053253887224162 0.016679329356050147 0.0326330697578711 0.088703894566686273
leaf_weight=52.499270886182785 38.277557387948036 1136.9053346216679 5760.3121543377638 5044.5086959600449 4029.3120892941952 742.6074632704258 530.90031059086323
leaf_count=210 154 4653 23293 20241 16430 2983 2261
internal_value=1.13384e-05 0.0301283 -0.014936 -0.0180856 0.0241784 0.0286104 0.0826845
internal_weight=17335.3 5749.62 11585.7 10804.8 5166.22 780.885 583.4
internal_count=70225 23554 46671 43534 21083 3137 2471
is_linear=0
shrinkage=0.1


Tree=7
num_leaves=8
num_cat=0
split_feature=14 15 11 1 2 21 2
split_gain=635.206 152.322 149.132 128.126 76.6868 60.213 27.8172
threshold=1.0000000180025095e-35 1.0000000180025095e-35 1.0000000180025095e-35 1.0000000180025095e-35 1.0000000180025095e-35 1.0000000180025095e-35 1.0000000180025095e-35
decision_type=2 2 2 2 2 2 2
left_child=1 4 6 -4 -1 -3 -2
right_child=2 5 3 -5 -6 -7 -8
leaf_value=-0.005113224074724484 -0.040216870952188254 0.019297658827131258 -0.030244981506606414 -0.0075969385564162205 0.052839449118400432 -0.017535268976911187 0.019492926552492598
leaf_weight=255.66029006242752 81.712708592414856 2817.1660402268171 4550.0827506780624 5538.8599321693182 2122.3733500540257 525.98461726307869 1398.2458736747503
leaf_count=1023 328 11397 18381 22350 9014 2120 5612
internal_value=1.41268e-05 0.0272673 -0.0134646 -0.0178131 0.0466095 0.0134991 0.0161712
internal_weight=17290.1 5721.18 11568.9 10088.9 2378.03 3343.15 1479.96
internal_count=70225 23554 46671 40731 10037 13517 5940
is_linear=0
shrinkage=0.1


Tree=8
num_leaves=8
num_cat=0
split_feature=14 22 17 2 2 6 12
split_gain=517.188 144.224 142.825 104.929 93.9229 78.4647 20.2701
threshold=1.0000000180025095e-35 1.0000000180025095e-35 1.0000000180025095e-35 1.0000000180025095e-35 1.0000000180025095e-35 1.0000000180025095e-35 1.0000000180025095e-35
decision_type=2 2 2 2 2 2 2
left_child=2 3 6 -2 -4 -3 -1
right_child=1 5 4 -5 -6 -7 -8
leaf_value=0.096412763185270089 -0.040859326046853224 -0.041260025446106775 -0.021572449531454353 -0.00040355944551165611 0.023901723745215514 -0.012894200202582667 0.057048449953596939
leaf_weight=218.49544535577297 705.39905366301537 2047.6373961120844 502.89430038630962 6937.4508155882359 4622.8126032203436 1863.5563436895609 344.3222868591547
leaf_count=963 2843 8370 2015 27848 19068 7610 1508
internal_value=1.60791e-05 -0.012136 0.0246961 -0.00414229 0.0194368 -0.0277514 0.0724742
internal_weight=17242.6 11554 5688.52 7642.85 5125.71 3911.19 562.818
internal_count=70225 46671 23554 30691 21083 15980 2471
is_linear=0
shrinkage=0.1


Tree=9
num_leaves=8
num_cat=0
split_feature=15 12 25 2 3 12 2
split_gain=424.638 197.241 173.075 55.4998 333.268 56.0079 48.7953
threshold=1.0000000180025095e-35 1.0000000180025095e-35 1.0000000180025095e-35 1.0000000180025095e-35 1.0000000180025095e-35 1.0000000180025095e-35 1.0000000180025095e-35
decision_type=2 2 2 2 2 2 2
left_child=3 6 -3 4 -1 -5 -2
right_child=1 2 -4 5 -6 -7 -8
leaf_value=0.076278608181738317 -0.050763439558260182 -0.020375142363452486 0.0022218650108623418 0.072182811730616955 -0.16500073145670516 0.035104614420815347 0.036213918319602183
leaf_weight=170.56761184334755 67.31566259264946 7185.2734740674496 6415.0071722567081 559.03119800984859 84.914608031511307 1513.8378030657768 1197.7706291675568
leaf_count=683 272 29233 25848 2459 340 6555 4835
internal_value=1.69697e-05 -0.00620337 -0.00971716 0.0397164 -0.00424604 0.0451342 0.0315494
internal_weight=17193.7 14865.4 13600.3 2328.35 255.482 2072.87 1265.09
internal_count=70225 60188 55081 10037 1023 9014 5107
is_linear=0
shrinkage=0.1


Tree=10
num_leaves=8
num_cat=0
split_feature=14 8 6 17 11 19 13
split_gain=370.843 126.046 143.519 107.089 77.9287 26.4072 16.5469
threshold=1.0000000180025095e-35 1.0000000180025095e-35 1.0000000180025095e-35 1.0000000180025095e-35 1.0000000180025095e-35 1.0000000180025095e-35 1.0000000180025095e-35
decision_type=2 2 2 2 2 2 2
left_child=3 2 -2 6 -5 -3 -1
right_child=1 5 -4 4 -6 -7 -8
leaf_value=0.09550599312646256 -0.017152456691432054 -0.039399085502857693 0.0064311597553275372 0.039944632388259682 0.0099976702555010927 -0.098026882306466126 0.053530377878397276
leaf_weight=123.86076152324677 6030.066747456789 899.59049980342388 4509.3172001540661 1111.3060106486082 3976.9615995287895 83.680246114730835 417.74304307997227
leaf_count=577 24423 3684 18220 4653 16430 344 1894
internal_value=1.84804e-05 -0.0102593 -0.00706246 0.0210521 0.0165448 -0.0444831 0.0632882
internal_weight=17152.5 11522.7 10539.4 5629.87 5088.27 983.271 541.604
internal_count=70225 46671 42643 23554 21083 4028 2471
is_linear=0
shrinkage=0.1


Tree=11
num_leaves=8
num_cat=0
split_feature=14 1 25 13 18 22 2
split_gain=301.833 116.818 117.43 98.3883 64.7694 61.073 36.2869
threshold=1.0000000180025095e-35 1.0000000180025095e-35 1.0000000180025095e-35 1.0000000180025095e-35 1.0000000180025095e-35 1.0000000180025095e-35 1.0000000180025095e-35
decision_type=2 2 2 2 2 2 2
left_child=3 5 -3 6 -5 -2 -1
right_child=1 2 -4 4 -6 -7 -8
leaf_value=-0.054565511045798702 -0.012705004291251445 -0.013150116390360705 0.014040742213210189 0.017271233456368575 -0.048368242567946161 -0.035785155500461588 0.073323305961049703
leaf_weight=22.828078985214233 3417.9685326516628 3331.4832235872746 3033.6363985985518 5038.6413021534681 154.00774367153645 1725.6943752020597 388.02702039480209
leaf_count=92 13762 13581 12189 21098 639 7139 1725
internal_value=1.90433e-05 -0.00924796 -0.000190696 0.0190504 0.0153155 -0.0204538 0.0661023
internal_weight=17112.3 11508.8 6365.12 5603.5 5192.65 5143.66 410.855
internal_count=70225 46671 25770 23554 21737 20901 1817
is_linear=0
shrinkage=0.1


Tree=12
num_leaves=8
num_cat=0
split_feature=15 23 25 2 3 12 10
split_gain=263.679 162.385 281.755 43.8036 270.118 39.4011 37.2623
threshold=1.0000000180025095e-35 1.0000000180025095e-35 1.0000000180025095e-35 1.0000000180025095e-35 1.0000000180025095e-35 1.0000000180025095e-35 1.0000000180025095e-35
decision_type=2 2 2 2 2 2 2
left_child=3 6 -3 4 -1 -5 -2
right_child=1 2 -4 5 -6 -7 -8
leaf_value=0.065204677580747009 -0.019413885856899724 -0.012445077334854393 0.01878139367624795 0.060129772262817273 -0.15260756988247312 0.02832431476566824 -0.045319021241988125
leaf_weight=170.17264576256275 2073.4676676690578 7105.8783002495766 4868.2691659778357 529.88938271999359 84.316401764750481 1480.4376015365124 759.14011050760746
leaf_count=683 8386 29061 19654 2459 340 6555 3087
internal_value=1.80417e-05 -0.00484316 0.000251021 0.0317874 -0.00727496 0.0367334 -0.02637
internal_weight=17071.6 14806.8 11974.1 2264.82 254.489 2010.33 2832.61
internal_count=70225 60188 48715 10037 1023 9014 11473
is_linear=0
shrinkage=0.1


Tree=13
num_leaves=8
num_cat=0
split_feature=11 12 21 2 3 15 2
split_gain=240.591 155.679 132.913 62.4104 151.43 40.4822 35.2222
threshold=1.0000000180025095e-35 1.0000000180025095e-35 1.0000000180025095e-35 1.0000000180025095e-35 1.0000000180025095e-35 1.0000000180025095e-35 1.0000000180025095e-35
decision_type=2 2 2 2 2 2 2
left_child=3 6 -3 4 -1 -5 -2
right_child=1 2 -4 5 -6 -7 -8
leaf_value=0.036566298271009906 -0.037140810102078696 -0.0029131083916150388 -0.027014203859488481 0.055190500846810001 -0.156332102060315 0.024555286760710556 0.033512257930090404
leaf_weight=117.52604246139526 74.427699074149132 10130.706900388002 2954.939453125 549.78360937535763 61.031255900859833 2010.2344938963652 1134.4817547947168
leaf_count=475 303 41350 12347 2546 247 8150 4807
internal_value=1.79079e-05 -0.00518455 -0.00835715 0.0271652 -0.0298702 0.0311534 0.0291353
internal_weight=17033.1 14294.6 13085.6 2738.58 178.557 2560.02 1208.91
internal_count=70225 58807 53697 11418 722 10696 5110
is_linear=0
shrinkage=0.1


Tree=14
num_leaves=8
num_cat=0
split_feature=12 11 5 2 3 13 2
split_gain=201.339 134.753 119.335 53.134 91.2285 38.6864 29.1011
threshold=1.0000000180025095e-35 1.0000000180025095e-35 1.0000000180025095e-35 1.0000000180025095e-35 1.0000000180025095e-35 1.0000000180025095e-35 1.0000000180025095e-35
decision_type=2 2 2 2 2 2 2
left_child=3 6 -3 4 -1 -5 -2
right_child=1 2 -4 5 -6 -7 -8
leaf_value=0.040004338012859117 -0.023584430988435413 -0.00061365139707268289 -0.020726589457301676 0.058031944480484259 -0.14608759490254494 0.025568742596487594 0.022797933266261915
leaf_weight=63.472303718328476 144.40260674059391 8579.7137067317963 4494.7897539883852 538.38671708106995 43.653759181499481 1160.2772357463837 1977.7678155750036
leaf_count=258 587 35227 18470 2407 180 4887 8209
internal_value=1.67315e-05 -0.00373514 -0.00752919 0.0315753 -0.0364777 0.035886 0.0196322
internal_weight=17002.5 15196.7 13074.5 1805.79 107.126 1698.66 2122.17
internal_count=70225 62493 53697 7732 438 7294 8796
is_linear=0
shrinkage=0.1


Tree=15
num_leaves=8
num_cat=0
split_feature=14 1 25 17 2 8 2
split_gain=189.55 93.0181 78.8639 71.6187 47.2156 45.4759 9.87365
threshold=1.0000000180025095e-35 1.0000000180025095e-35 1.0000000180025095e-35 1.0000000180025095e-35 1.0000000180025095e-35 1.0000000180025095e-35 1.0000000180025095e-35
decision_type=2 2 2 2 2 2 2
left_child=3 5 -3 6 -5 -2 -1
right_child=1 2 -4 4 -6 -7 -8
leaf_value=0.0093031199202888628 -0.014311758824485852 -0.0098958825917079222 0.012422475459285771 -0.017582371538350367 0.014829670448314109 -0.046608485388300543 0.05573597247637372
leaf_weight=51.407355472445488 4631.8238296657801 3312.2785149365664 3031.2342226803303 498.22325827181339 4518.9840572029352 480.61952820420265 454.72309282422066
leaf_count=210 18889 13581 12189 2015 19068 2012 2261
internal_value=1.58238e-05 -0.00732056 0.000769175 0.0152308 0.0116082 -0.0173565 0.0510475
internal_weight=16979.3 11456 6343.51 5523.34 5017.21 5112.44 506.13
internal_count=70225 46671 25770 23554 21083 20901 2471
is_linear=0
shrinkage=0.1


Tree=16
num_leaves=8
num_cat=0
split_feature=15 23 25 17 21 3 13
split_gain=162.223 135.271 203.482 30.0927 28.254 23.6342 9.47211
threshold=1.0000000180025095e-35 1.0000000180025095e-35 1.0000000180025095e-35 1.0000000180025095e-35 1.0000000180025095e-35 1.0000000180025095e-35 1.0000000180025095e-35
decision_type=2 2 2 2 2 2 2
left_child=3 4 -3 6 -2 -5 -1
right_child=1 2 -4 5 -6 -7 -8
leaf_value=0.073841903201731771 -0.017555335148178405 -0.0099312742600918685 0.016654950651554767 0.059344666379795352 -0.040479023849168114 0.015574491611929919 0.039706218160859189
leaf_weight=104.64674215018749 2096.7114127874374 7066.4187210798264 4856.4075132012367 133.11786974966526 723.85891009867191 1567.2585664391518 390.25830279290676
leaf_count=577 8471 29061 19654 534 3002 7032 1894
internal_value=1.56057e-05 -0.00376117 0.00089832 0.0253704 -0.0234506 0.019034 0.0470585
internal_weight=16938.7 14743.4 11922.8 2195.28 2820.57 1700.38 494.905
internal_count=70225 60188 48715 10037 11473 7566 2471
is_linear=0
shrinkage=0.1


Tree=17
num_leaves=8
num_cat=0
split_feature=11 19 0 2 3 23 2
split_gain=151.208 110.383 101.041 41.6078 120.233 30.396 19.5308
threshold=1.0000000180025095e-35 1.0000000180025095e-35 1.0000000180025095e-35 1.0000000180025095e-35 1.0000000180025095e-35 1.0000000180025095e-35 1.0000000180025095e-35
decision_type=2 2 2 2 2 2 2
left_child=3 2 -2 4 -1 -5 -3
right_child=1 6 -4 5 -6 -7 -8
leaf_value=0.033566532384297791 -0.00083064542536938335 -0.090601618667431008 -0.058536021699733702 0.0019661245261109422 -0.14016355326336377 0.030224885482709647 -0.037496286818330525
leaf_weight=117.22265607118607 13235.586694195867 78.412458792328835 309.55484907329082 467.27225224673748 59.12742106616497 2055.422866538167 585.06398378312588
leaf_count=475 54779 324 1280 1942 247 8754 2424
internal_value=1.61339e-05 -0.00410593 -0.00215364 0.0217094 -0.0251443 0.0249934 -0.0438994
internal_weight=16907.7 14208.6 13545.1 2699.05 176.35 2522.7 663.476
internal_count=70225 58807 56059 11418 722 10696 2748
is_linear=0
shrinkage=0.1


Tree=18
num_leaves=8
num_cat=0
split_feature=12 7 10 5 2 3 13
split_gain=140.935 116.646 146.857 62.0761 40.0864 71.6489 28.7792
threshold=1.0000000180025095e-35 1.0000000180025095e-35 1.0000000180025095e-35 1.0000000180025095e-35 1.0000000180025095e-35 1.0000000180025095e-35 1.0000000180025095e-35
decision_type=2 2 2 2 2 2 2
left_child=4 3 -3 -2 5 -1 -6
right_child=1 2 -4 -5 6 -7 -8
leaf_value=0.034086080482340658 -0.0046835277510688935 0.012600069013479966 -0.012358595944825509 -0.026756609221099556 0.04996245480941295 -0.13298388217947374 0.021582173848900699
leaf_weight=63.343172013759613 2618.707266241312 6225.796923071146 3792.9441315829754 2481.2913592904806 520.09755007922649 41.813695594668388 1147.5317642092705
leaf_count=258 10788 25718 15728 10259 2407 180 4887
internal_value=1.21875e-05 -0.00311625 0.0031508 -0.0154258 0.026679 -0.0329731 0.030458
internal_weight=16891.5 15118.7 10018.7 5100 1772.79 105.157 1667.63
internal_count=70225 62493 41446 21047 7732 438 7294
is_linear=0
shrinkage=0.1


Tree=19
num_leaves=8
num_cat=0
split_feature=14 1 6 16 20 2 26
split_gain=122.951 72.5398 58.8765 47.012 40.0585 35.9534 12.9342
threshold=1.0000000180025095e-35 1.0000000180025095e-35 1.0000000180025095e-35 1.0000000180025095e-35 1.0000000180025095e-35 1.0000000180025095e-35 1.0000000180025095e-35
decision_type=2 2 2 2 2 2 2
left_child=3 5 -3 6 -5 -2 -1
right_child=1 2 -4 4 -6 -7 -8
leaf_value=-0.050945505450578646 -0.041627406997702898 -0.0078476720691785361 0.011476946416750174 -0.0032544188649798254 0.015951057695769617 -0.012147582830532166 0.033690677552020432
leaf_weight=17.549112260341644 453.57272517681122 3345.9380013048649 2979.6595612615347 1853.4051986187696 2621.0887592434883 4631.8947265148163 966.54688338935375
leaf_count=84 1889 13655 12115 7764 10985 19012 4721
internal_value=1.09324e-05 -0.00589358 0.00125552 0.012353 0.0079969 -0.0147846 0.0321312
internal_weight=16869.7 11411.1 6325.6 5458.59 4474.49 5085.47 984.096
internal_count=70225 46671 25770 23554 18749 20901 4805
is_linear=0
shrinkage=0.1


Tree=20
num_leaves=8
num_cat=0
split_feature=23 25 24 12 10 6 24
split_gain=117.694 185.178 143.519 68.7654 28.4242 28.3052 12.6858
threshold=1.0000000180025095e-35 1.0000000180025095e-35 1.0000000180025095e-35 1.0000000180025095e-35 1.0000000180025095e-35 1.0000000180025095e-35 1.0000000180025095e-35
decision_type=2 2 2 2 2 2 2
left_child=4 3 -3 -2 5 -1 -6
right_child=1 2 -4 -5 6 -7 -8
leaf_value=-0.021250895939683451 0.023482088182982589 0.0027164403092741667 0.03446531431486069 -0.008716623125904344 -0.053316217327223039 0.0014582352622732793 -0.025651326824109602
leaf_weight=1341.4914147853851 728.28776861727238 3010.9067708402872 2700.4744530171156 7330.5442169606686 236.58069428801537 928.2509648501873 563.98415821790695
leaf_count=5528 3212 12509 11227 30589 976 3835 2349
internal_value=1.03403e-05 0.00395809 0.0177315 -0.00580423 -0.0176907 -0.011967 -0.0338831
internal_weight=16840.5 13770.2 5711.38 8058.83 3070.31 2269.74 800.565
internal_count=70225 57537 23736 33801 12688 9363 3325
is_linear=0
shrinkage=0.1


Tree=21
num_leaves=8
num_cat=0
split_feature=11 21 2 19 2 3 20
split_gain=110.459 90.9551 89.2105 38.0358 32.178 98.1494 23.2724
threshold=1.0000000180025095e-35 1.0000000180025095e-35 1.0000000180025095e-35 1.0000000180025095e-35 1.0000000180025095e-35 1.0000000180025095e-35 1.0000000180025095e-35
decision_type=2 2 2 2 2 2 2
left_child=4 2 -2 -3 5 -1 -6
right_child=1 3 -4 -5 6 -7 -8
leaf_value=0.029629182607869203 -0.025976815670187114 -0.015675594611318334 0.0037270790268371205 -0.05929829367487998 0.01050403760201693 -0.12950402430038116 0.029990316075290947
leaf_weight=116.82023626565933 1124.3934117406607 2857.7322946488857 9953.7548564523458 214.11793698370457 1083.482243090868 56.804551035165787 1414.8992643803358
leaf_count=475 4602 12133 41149 923 4619 247 6077
internal_value=9.46738e-06 -0.00351215 0.000710165 -0.0187345 0.018653 -0.0228776 0.0215472
internal_weight=16822 14150 11078.1 3071.85 2672.01 173.625 2498.38
internal_count=70225 58807 45751 13056 11418 722 10696
is_linear=0
shrinkage=0.1


Tree=22
num_leaves=8
num_cat=0
split_feature=23 25 24 9 15 4 17
split_gain=95.439 147.591 117.096 59.7808 26.086 21.6298 6.32791
threshold=1.0000000180025095e-35 1.0000000180025095e-35 1.0000000180025095e-35 1.0000000180025095e-35 1.0000000180025095e-35 1.0000000180025095e-35 1.0000000180025095e-35
decision_type=2 2 2 2 2 2 2
left_child=4 3 -3 -2 6 -6 -1
right_child=1 2 -4 -5 5 -7 -8
leaf_value=0.048669331501705257 -0.00069783775941014759 0.002314495641844942 0.031032561207695555 -0.02182465882483195 0.026970067782368726 -0.020456178658312212 0.0071760459163119116
leaf_weight=43.327937379479408 6342.5889142453671 3006.1134332716465 2689.9198725521564 1696.9116472303867 98.879826173186302 2702.3299486488104 218.17431819438934
leaf_count=231 26633 12509 11227 7168 407 11066 984
internal_value=6.37705e-06 0.00356589 0.0158795 -0.00515927 -0.0159531 -0.0187731 0.0142102
internal_weight=16798.2 13735.5 5696.03 8039.5 3062.71 2801.21 261.502
internal_count=70225 57537 23736 33801 12688 11473 1215
is_linear=0
shrinkage=0.1


Tree=23
num_leaves=8
num_cat=0
split_feature=19 20 0 12 2 3 8
split_gain=91.4162 104.362 67.1742 38.17 21.1114 41.0812 16.9855
threshold=1.0000000180025095e-35 1.0000000180025095e-35 1.0000000180025095e-35 1.0000000180025095e-35 1.0000000180025095e-35 1.0000000180025095e-35 1.0000000180025095e-35
decision_type=2 2 2 2 2 2 2
left_child=1 3 -3 -1 5 -2 -6
right_child=4 2 -4 -5 6 -7 -8
leaf_value=0.013936764458992352 -0.0070413955304513684 0.0099464992455162576 -0.048688790175773385 -0.01019367910536732 -0.021664238258107676 -0.14367963783274421 -0.069673716782961845
leaf_weight=732.37989644706249 41.533079653978348 8899.4140171408653 198.7900113016367 6183.1727495640516 595.61042015254498 46.05632521212101 83.509831473231316
leaf_count=3235 177 37251 832 25679 2487 198 366
internal_value=6.44433e-06 0.00162237 0.00866015 -0.00763654 -0.0337025 -0.0796995 -0.0276616
internal_weight=16780.5 16013.8 9098.2 6915.55 766.71 87.5894 679.12
internal_count=70225 66997 38083 28914 3228 375 2853
is_linear=0
shrinkage=0.1


Tree=24
num_leaves=8
num_cat=0
split_feature=15 7 9 22 26 3 10
split_gain=87.4716 77.9791 90.46 57.2622 21.731 21.9948 3.08558
threshold=1.0000000180025095e-35 1.0000000180025095e-35 1.0000000180025095e-35 1.0000000180025095e-35 1.0000000180025095e-35 1.0000000180025095e-35 1.0000000180025095e-35
decision_type=2 2 2 2 2 2 2
left_child=4 3 -3 -2 6 -6 -1
right_child=1 2 -4 -5 5 -7 -8
leaf_value=-0.067518840585934922 -0.0062098871091779487 0.0072231101327630727 -0.017123965227538181 -0.030102829429370717 0.055365267107589725 0.017433844308338303 -0.014830368882656634
leaf_weight=28.600471422076225 3547.7288797646761 7800.7348313033581 1896.123151794076 1397.8739529848099 165.46624651551247 1915.2866794914007 18.911672204732895
leaf_count=131 14452 31908 7924 5904 673 9148 85
internal_value=2.98444e-06 -0.00275077 0.00246101 -0.0129679 0.0189412 0.0204754 -0.0472848
internal_weight=16770.7 14642.5 9696.86 4945.6 2128.27 2080.75 47.5121
internal_count=70225 60188 39832 20356 10037 9821 216
is_linear=0
shrinkage=0.1


end of trees

feature_importances:
discharge_disposition_id_lt=_10.5=35
change_lt=_0.5=15
number_inpatient_lt=_0.5=13
number_inpatient_lt=_1.5=11
discharge_disposition_id_lt=_14.5=10
number_emergency_lt=_0.5=10
number_diagnoses_lt=_5.5=10
number_outpatient_lt=_0.5=9
number_inpatient_lt=_3.5=6
gender_lt=_0.5=5
num_procedures_lt=_0.5=5
number_emergency_lt=_1.5=5
metformin_lt=_1.5=5
num_medications_lt=_11.5=4
diag_1_lt=_98.5=4
number_diagnoses_lt=_6.5=4
num_medications_lt=_6.5=3
number_inpatient_lt=_2.5=3
diag_1_lt=_338.5=3
insulin_lt=_1.5=3
race_lt=_0.5=2
admission_source_id_lt=_4.5=2
num_procedures_lt=_1.5=2
num_medications_lt=_8.5=2
age_lt=_8.5=2
discharge_disposition_id_lt=_18.5=1
diag_1_lt=_96.5=1

parameters:
[boosting: gbdt]
[objective: binary]
[metric: binary_logloss]
[tree_learner: serial]
[device_type: cpu]
[data_sample_strategy: bagging]
[data: ]
[valid: ]
[num_iterations: 25]
[learning_rate: 0.1]
[num_leaves: 31]
[num_threads: 8]
[seed: 42]
[deterministic: 0]
[force_col_wise: 0]
[force_row_wise: 0]
[histogram_pool_size: -1]
[max_depth: 3]
[min_data_in_leaf: 20]
[min_sum_hessian_in_leaf: 0.001]
[bagging_fraction: 1]
[pos_bagging_fraction: 1]
[neg_bagging_fraction: 1]
[bagging_freq: 0]
[bagging_seed: 400]
[bagging_by_query: 0]
[feature_fraction: 1]
[feature_fraction_bynode: 1]
[feature_fraction_seed: 30056]
[extra_trees: 0]
[extra_seed: 12879]
[early_stopping_round: 0]
[early_stopping_min_delta: 0]
[first_metric_only: 0]
[max_delta_step: 0]
[lambda_l1: 0]
[lambda_l2: 1]
[linear_lambda: 0]
[min_gain_to_split: 0]
[drop_rate: 0.1]
[max_drop: 50]
[skip_drop: 0.5]
[xgboost_dart_mode: 0]
[uniform_drop: 0]
[drop_seed: 17869]
[top_rate: 0.2]
[other_rate: 0.1]
[min_data_per_group: 100]
[max_cat_threshold: 32]
[cat_l2: 10]
[cat_smooth: 10]
[max_cat_to_onehot: 4]
[top_k: 20]
[monotone_constraints: ]
[monotone_constraints_method: basic]
[monotone_penalty: 0]
[feature_contri: ]
[forcedsplits_filename: ]
[refit_decay_rate: 0.9]
[cegb_tradeoff: 1]
[cegb_penalty_split: 0]
[cegb_penalty_feature_lazy: ]
[cegb_penalty_feature_coupled: ]
[path_smooth: 0]
[interaction_constraints: ]
[verbosity: -1]
[saved_feature_importance_type: 0]
[use_quantized_grad: 0]
[num_grad_quant_bins: 4]
[quant_train_renew_leaf: 0]
[stochastic_rounding: 1]
[linear_tree: 0]
[max_bin: 255]
[max_bin_by_feature: ]
[min_data_in_bin: 3]
[bin_construct_sample_cnt: 200000]
[data_random_seed: 175]
[is_enable_sparse: 1]
[enable_bundle: 1]
[use_missing: 1]
[zero_as_missing: 0]
[feature_pre_filter: 1]
[pre_partition: 0]
[two_round: 0]
[header: 0]
[label_column: ]
[weight_column: ]
[group_column: ]
[ignore_column: ]
[categorical_feature: ]
[forcedbins_filename: ]
[precise_float_parser: 0]
[parser_config_file: ]
[objective_seed: 16083]
[num_class: 1]
[is_unbalance: 0]
[scale_pos_weight: 1]
[sigmoid: 1]
[boost_from_average: 1]
[reg_sqrt: 0]
[alpha: 0.9]
[fair_c: 1]
[poisson_max_delta_step: 0.7]
[tweedie_variance_power: 1.5]
[lambdarank_truncation_level: 30]
[lambdarank_norm: 1]
[label_gain: ]
[lambdarank_position_bias_regularization: 0]
[eval_at: ]
[multi_error_top_k: 1]
[auc_mu_weights: ]
[num_machines: 1]
[local_listen_port: 12400]
[time_out: 120]
[machine_list_filename: ]
[machines: ]
[gpu_platform_id: -1]
[gpu_device_id: -1]
[gpu_use_dp: 0]
[num_gpu: 1]

end of parameters

pandas_categorical:[]
