tree
version=v4
num_class=1
num_tree_per_iteration=1
label_index=0
max_feature_idx=30
objective=binary sigmoid:1
feature_names=ExternalRiskEstimate_lt=_63.5 ExternalRiskEstimate_lt=_65.5 ExternalRiskEstimate_lt=_67.5 ExternalRiskEstimate_lt=_70.5 ExternalRiskEstimate_lt=_73.5 ExternalRiskEstimate_lt=_74.5 ExternalRiskEstimate_lt=_75.5 ExternalRiskEstimate_lt=_78.5 ExternalRiskEstimate_lt=_80.5 ExternalRiskEstimate_lt=_81.5 AverageMInFile_lt=_49.5 AverageMInFile_lt=_59.5 AverageMInFile_lt=_63.5 AverageMInFile_lt=_74.5 AverageMInFile_lt=_75.5 NumSatisfactoryTrades_lt=_9.5 NumSatisfactoryTrades_lt=_20.5 PercentTradesNeverDelq_lt=_92.5 PercentTradesNeverDelq_lt=_95.5 MSinceMostRecentInqexcl7days_lt=_-7.5 MSinceMostRecentInqexcl7days_lt=_0.5 MSinceMostRecentInqexcl7days_lt=_1.5 NetFractionRevolvingBurden_lt=_37.5 NetFractionRevolvingBurden_lt=_47.5 NetFractionRevolvingBurden_lt=_57.5 PercentTradesWBalance_lt=_43.5 PercentTradesWBalance_lt=_47.5 PercentTradesWBalance_lt=_66.5 PercentTradesWBalance_lt=_73.5 PercentTradesWBalance_lt=_80.5 PercentTradesNeverDelq_lt=_76.5
feature_infos=[0:1] [0:1] [0:1] [0:1] [0:1] [0:1] [0:1] [0:1] [0:1] [0:1] [0:1] [0:1] [0:1] [0:1] [0:1] [0:1] [0:1] [0:1] [0:1] [0:1] [0:1] [0:1] [0:1] [0:1] [0:1] [0:1] [0:1] [0:1] [0:1] [0:1] [0:1]
tree_sizes=1011 1013 1020 1012 1017 1014 1010 1013 1019 1017 1018 1020 1017 1020 1021 1024 1018 1018 1023 914 1014 1022 1015 1026 1023

Tree=0
num_leaves=8
num_cat=0
split_feature=5 2 26 9 20 20 15
split_gain=1324.43 138.635 106.371 86.442 70.4804 46.3829 15.076
threshold=1.0000000180025095e-35 1.0000000180025095e-35 1.0000000180025095e-35 1.0000000180025095e-35 1.0000000180025095e-35 1.0000000180025095e-35 1.0000000180025095e-35
decision_type=2 2 2 2 2 2 2
left_child=3 4 -3 6 -2 -5 -1
right_child=1 2 -4 5 -6 -7 -8
leaf_value=0.053133772902442311 -0.046806475511535738 -0.19338017742234548 -0.10412911302370191 0.02689593302238491 -0.13167318015720481 -0.046157934878959556 -0.0073248841494521072
leaf_weight=358.05979415774345 136.98594215512276 651.24464303255081 168.42533871531487 133.49267587065697 336.10212036967278 251.51517248153687 51.899956226348877
leaf_count=1435 549 2610 675 535 1347 1008 208
internal_value=-0.0877819 -0.150226 -0.175083 0.0137139 -0.107065 -0.0205967 0.0456942
internal_weight=2087.73 1292.76 819.67 794.968 473.088 385.008 409.96
internal_count=8367 5181 3285 3186 1896 1543 1643
is_linear=0
shrinkage=1


Tree=1
num_leaves=8
num_cat=0
split_feature=4 7 28 0 20 10 3
split_gain=1075.54 97.5396 97.2529 46.2107 39.2749 35.7172 34.9852
threshold=1.0000000180025095e-35 1.0000000180025095e-35 1.0000000180025095e-35 1.0000000180025095e-35 1.0000000180025095e-35 1.0000000180025095e-35 1.0000000180025095e-35
decision_type=2 2 2 2 2 2 2
left_child=1 5 3 -2 -3 -1 -4
right_child=2 4 6 -5 -6 -7 -8
leaf_value=0.11531803878930709 -0.063078504073155336 0.09181600497904667 0.013912408491801118 -0.11935153117247772 0.011431895988777578 0.0018179807047650574 -0.044379595921486013
leaf_weight=546.94222623109818 325.00818286836147 88.727625042200089 128.84425356984138 271.45426785945892 189.49265170097351 29.237619519233704 503.58148224651814
leaf_count=2189 1308 355 517 1096 759 117 2026
internal_value=-4.74981e-06 0.0861103 -0.0598986 -0.0888457 0.0373043 0.109572 -0.0325005
internal_weight=2083.29 854.4 1228.89 596.462 278.22 576.18 632.426
internal_count=8367 3420 4947 2404 1114 2306 2543
is_linear=0
shrinkage=0.1


Tree=2
num_leaves=8
num_cat=0
split_feature=5 2 26 11 20 23 20
split_gain=878.455 98.6206 81.4453 60.7512 55.4381 49.4192 20.524
threshold=1.0000000180025095e-35 1.0000000180025095e-35 1.0000000180025095e-35 1.0000000180025095e-35 1.0000000180025095e-35 1.0000000180025095e-35 1.0000000180025095e-35
decision_type=2 2 2 2 2 2 2
left_child=3 4 -3 5 -2 -1 -5
right_child=1 2 -4 6 -6 -7 -8
leaf_value=-0.0051279572708274367 0.038521022618570017 -0.088674316476962584 -0.010357072560176877 0.077175635229808887 -0.036787521500465055 0.10141214318908853 -0.012640647479019702
leaf_weight=46.662749797105789 137.02172309160233 640.26565144956112 167.82296821475029 36.125546559691429 334.47986033558846 630.23667527735233 80.151325687766075
leaf_count=187 549 2610 675 145 1347 2533 321
internal_value=-1.30226e-05 -0.0512553 -0.0724424 0.0826139 -0.0148671 0.094071 0.0156841
internal_weight=2072.77 1279.59 808.089 793.176 471.502 676.899 116.277
internal_count=8367 5181 3285 3186 1896 2720 466
is_linear=0
shrinkage=0.1


Tree=3
num_leaves=8
num_cat=0
split_feature=4 24 8 20 20 20 15
split_gain=719.802 78.0553 72.3211 38.7873 37.3452 24.0572 17.3991
threshold=1.0000000180025095e-35 1.0000000180025095e-35 1.0000000180025095e-35 1.0000000180025095e-35 1.0000000180025095e-35 1.0000000180025095e-35 1.0000000180025095e-35
decision_type=2 2 2 2 2 2 2
left_child=2 5 6 -3 -4 -2 -1
right_child=1 3 4 -5 -6 -7 -8
leaf_value=0.10536417542301642 -0.039703960725766048 0.0094774237696946557 0.08236739131032067 -0.043028633735758763 0.017056904969319966 -0.097625690823618036 0.04535384859304159
leaf_weight=396.41091242432594 94.834358230233192 182.01727221906185 131.4262208789587 613.9458811879158 260.51521749794483 320.5819111764431 57.467533752322197
leaf_count=1612 389 738 531 2499 1045 1321 232
internal_value=-1.58222e-05 -0.0494279 0.0707268 -0.031025 0.0391108 -0.08453 0.0978824
internal_weight=2057.2 1211.38 845.82 795.963 391.941 415.416 453.878
internal_count=8367 4947 3420 3237 1576 1710 1844
is_linear=0
shrinkage=0.1


Tree=4
num_leaves=8
num_cat=0
split_feature=5 28 9 0 3 15 18
split_gain=591.009 76.1259 48.2495 37.3422 34.2952 31.9131 14.0517
threshold=1.0000000180025095e-35 1.0000000180025095e-35 1.0000000180025095e-35 1.0000000180025095e-35 1.0000000180025095e-35 1.0000000180025095e-35 1.0000000180025095e-35
decision_type=2 2 2 2 2 2 2
left_child=2 3 6 -2 -3 -4 -1
right_child=1 4 5 -5 -6 -7 -8
leaf_value=0.098177058739672279 -0.046123247030958769 0.02088728163463097 0.052710573712634483 -0.096673220313820113 -0.031891982340678589 -0.04063808301157925 0.026991577825743285
leaf_weight=367.07421311736107 341.62497571110725 162.89808392524719 341.47334490716457 259.37787254154682 495.8074111789465 40.271107286214828 30.97812731564045
leaf_count=1515 1403 656 1381 1096 2026 162 128
internal_value=-1.0272e-05 -0.0423534 0.0683589 -0.0680637 -0.0188278 0.0427826 0.0927186
internal_weight=2039.51 1259.71 779.797 601.003 658.705 381.744 398.052
internal_count=8367 5181 3186 2499 2682 1543 1643
is_linear=0
shrinkage=0.1


Tree=5
num_leaves=8
num_cat=0
split_feature=3 7 19 20 12 15 0
split_gain=486.798 99.5433 61.0653 53.4785 43.0819 23.7237 16.5124
threshold=1.0000000180025095e-35 1.0000000180025095e-35 1.0000000180025095e-35 1.0000000180025095e-35 1.0000000180025095e-35 1.0000000180025095e-35 1.0000000180025095e-35
decision_type=2 2 2 2 2 2 2
left_child=1 5 3 -2 -3 -1 -4
right_child=2 4 6 -5 -6 -7 -8
leaf_value=0.08461505844343109 -0.016241510692877416 0.035536144585514594 0.13744174493235536 -0.074098129035720481 -0.028220876070462565 0.02118494438501925 0.0034746885191239904
leaf_weight=485.31070382893085 213.06305201351643 320.76397015154362 8.9640448689460737 645.70740731060505 157.15486747026443 68.005585253238678 120.86794152855873
leaf_count=2028 881 1297 37 2720 635 278 491
internal_value=-1.06477e-05 0.0480337 -0.0501248 -0.0597793 0.0145557 0.0768714 0.0137041
internal_weight=2019.84 1031.24 988.602 858.77 477.919 553.316 129.832
internal_count=8367 4238 4129 3601 1932 2306 528
is_linear=0
shrinkage=0.1


Tree=6
num_leaves=8
num_cat=0
split_feature=6 29 20 21 19 10 23
split_gain=401.673 74.4799 39.5505 35.9134 39.347 30.2223 12.3509
threshold=1.0000000180025095e-35 1.0000000180025095e-35 1.0000000180025095e-35 1.0000000180025095e-35 1.0000000180025095e-35 1.0000000180025095e-35 1.0000000180025095e-35
decision_type=2 2 2 2 2 2 2
left_child=3 5 -3 6 -5 -2 -1
right_child=1 2 -4 4 -6 -7 -8
leaf_value=-0.010566322618512116 -0.048384851368317508 0.021318088334749158 -0.028089512679184366 0.034636686020631788 0.11764486017254994 -0.1054373107918084 0.10099580301151517
leaf_weight=10.245856881141661 295.71706461906433 214.38487774133682 654.58861771225929 420.03420267999172 65.476115569472313 137.04058200120926 201.40346452593803
leaf_count=42 1263 875 2714 1752 277 589 855
internal_value=-3.96715e-06 -0.032804 -0.0158896 0.0611993 0.04605 -0.066653 0.0955708
internal_weight=1998.89 1301.73 868.973 697.16 485.51 432.758 211.649
internal_count=8367 5441 3589 2926 2029 1852 897
is_linear=0
shrinkage=0.1


Tree=7
num_leaves=8
num_cat=0
split_feature=3 12 19 16 22 20 0
split_gain=343.327 74.6316 50.3298 45.7475 38.7976 20.3903 13.6343
threshold=1.0000000180025095e-35 1.0000000180025095e-35 1.0000000180025095e-35 1.0000000180025095e-35 1.0000000180025095e-35 1.0000000180025095e-35 1.0000000180025095e-35
decision_type=2 2 2 2 2 2 2
left_child=1 4 3 -2 -1 -3 -4
right_child=2 5 6 -5 -6 -7 -8
leaf_value=0.0095820070311296267 -0.025788000570233338 0.037039941988339646 0.12702473660463312 -0.072783346160570847 0.066682547459242764 -0.026887500522636283 0.0059576779654901641
leaf_weight=147.36770914494991 380.72515226900578 69.682406961917877 9.092167139053343 457.66501697897911 625.206497579813 168.83179259300232 120.48132991790771
leaf_count=601 1622 289 37 1979 2658 690 491
internal_value=4.55702e-06 0.040738 -0.0425417 -0.0514982 0.0558171 -0.0081343 0.0153607
internal_weight=1979.05 1011.09 967.964 838.39 772.574 238.514 129.573
internal_count=8367 4238 4129 3601 3259 979 528
is_linear=0
shrinkage=0.1


Tree=8
num_leaves=8
num_cat=0
split_feature=3 10 18 25 0 18 20
split_gain=281.597 65.6031 53.0578 43.8038 42.2539 4.47301 4.43848
threshold=1.0000000180025095e-35 1.0000000180025095e-35 1.0000000180025095e-35 1.0000000180025095e-35 1.0000000180025095e-35 1.0000000180025095e-35 1.0000000180025095e-35
decision_type=2 2 2 2 2 2 2
left_child=1 2 -1 4 -2 -5 -3
right_child=3 6 -4 5 -6 -7 -8
leaf_value=0.05958374431331679 -0.026802869076141541 -0.0060771433853241642 0.0029894499432747156 0.054772639119660495 -0.073296528018124654 0.0017673277663347059 -0.051157823768914749
leaf_weight=678.07580049335957 417.72900131344795 31.434286519885063 219.24761947989464 16.78365170955658 369.47982758283615 152.71475645899773 72.831899479031563
leaf_count=2907 1785 129 905 69 1652 623 297
internal_value=7.04805e-06 0.0370502 0.0457745 -0.0387721 -0.0486902 0.00730635 -0.0377537
internal_weight=1958.3 1001.59 897.323 956.707 787.209 169.498 104.266
internal_count=8367 4238 3812 4129 3437 692 426
is_linear=0
shrinkage=0.1


Tree=9
num_leaves=8
num_cat=0
split_feature=6 24 20 21 19 14 24
split_gain=237.356 53.4699 32.7954 30.1392 33.5603 17.5963 11.3087
threshold=1.0000000180025095e-35 1.0000000180025095e-35 1.0000000180025095e-35 1.0000000180025095e-35 1.0000000180025095e-35 1.0000000180025095e-35 1.0000000180025095e-35
decision_type=2 2 2 2 2 2 2
left_child=3 5 -3 6 -5 -2 -1
right_child=1 2 -4 4 -6 -7 -8
leaf_value=-0.06726343402612027 -0.029820482897204872 0.022701648029692031 -0.022501342801700089 0.023646253230035746 0.10244200054479197 -0.07300784873205432 0.084230140042533097
leaf_weight=4.3511012345552436 159.58400313556194 211.10348796844482 659.81589189171791 408.20139707624912 61.529018491506577 237.73884849250317 195.46166372299194
leaf_count=18 705 872 2790 1752 277 1074 879
internal_value=-1.50137e-06 -0.0254267 -0.0115311 0.0481248 0.0341632 -0.0557801 0.0806127
internal_weight=1937.79 1268.24 870.919 669.543 469.73 397.323 199.813
internal_count=8367 5441 3662 2926 2029 1779 897
is_linear=0
shrinkage=0.1


Tree=10
num_leaves=8
num_cat=0
split_feature=3 12 19 16 21 18 0
split_gain=197.444 52.1576 36.5876 38.2934 30.3881 13.2137 11.6212
threshold=1.0000000180025095e-35 1.0000000180025095e-35 1.0000000180025095e-35 1.0000000180025095e-35 1.0000000180025095e-35 1.0000000180025095e-35 1.0000000180025095e-35
decision_type=2 2 2 2 2 2 2
left_child=1 4 3 -2 -1 -3 -4
right_child=2 5 6 -5 -6 -7 -8
leaf_value=0.075856095190656558 -0.017031561625458977 0.0024369667952901268 0.11916592530747708 -0.060781523078300009 0.031287667355799659 -0.055767202637195493 0.0076993234476973541
leaf_weight=215.77890847623348 370.65310648083687 187.44204913079739 9.1610951572656614 436.40972863137722 530.41302900016308 48.228702038526535 120.14866459369659
leaf_count=974 1622 781 37 1979 2285 198 491
internal_value=6.20683e-06 0.0313213 -0.0328286 -0.0407348 0.0442599 -0.0096595 0.0164502
internal_weight=1918.24 981.863 936.373 807.063 746.192 235.671 129.31
internal_count=8367 4238 4129 3601 3259 979 528
is_linear=0
shrinkage=0.1


Tree=11
num_leaves=8
num_cat=0
split_feature=7 29 21 10 15 10 9
split_gain=171.986 54.5808 31.8986 22.4368 20.1868 11.4083 6.10303
threshold=1.0000000180025095e-35 1.0000000180025095e-35 1.0000000180025095e-35 1.0000000180025095e-35 1.0000000180025095e-35 1.0000000180025095e-35 1.0000000180025095e-35
decision_type=2 2 2 2 2 2 2
left_child=4 3 -3 -2 5 -1 -6
right_child=1 2 -4 -5 6 -7 -8
leaf_value=0.061007505485950381 -0.032714702881960454 0.031407961838229796 -0.013966907355026162 -0.082949166417385603 0.016349052182637363 -0.019591003493710641 -0.051776088652757957
leaf_weight=421.38893513381481 300.34566129744053 192.56533302366734 775.54909731447697 126.94925732910633 47.373656809329987 17.880742058157921 17.061513274908066
leaf_count=1954 1354 811 3294 602 208 74 70
internal_value=8.68201e-06 -0.0180737 -0.0049184 -0.0477982 0.0500386 0.0576896 -0.0022051
internal_weight=1899.11 1395.41 968.114 427.295 503.705 439.27 64.4352
internal_count=8367 6061 4105 1956 2306 2028 278
is_linear=0
shrinkage=0.1


Tree=12
num_leaves=8
num_cat=0
split_feature=7 1 16 19 15 21 19
split_gain=141.889 49.6772 44.1268 35.2875 17.0497 10.6586 5.02203
threshold=1.0000000180025095e-35 1.0000000180025095e-35 1.0000000180025095e-35 1.0000000180025095e-35 1.0000000180025095e-35 1.0000000180025095e-35 1.0000000180025095e-35
decision_type=2 2 2 2 2 2 2
left_child=4 2 -2 -3 5 -1 -6
right_child=1 3 -4 -5 6 -7 -8
leaf_value=0.076577257581095015 0.023291767522246931 -0.050139617393192427 -0.024079306744799366 0.01009438789223429 -0.014317435520122582 0.042260205383688944 0.059513880948250032
leaf_weight=134.2697349190712 402.19610604643822 480.28366339206696 382.8471207767725 121.51803250610828 54.250555634498596 295.57658793032169 10.057686150074003
leaf_count=665 1680 2252 1632 497 233 1363 45
internal_value=6.77769e-06 -0.0163896 0.000188765 -0.0379804 0.0459635 0.0531326 -0.00203589
internal_weight=1881 1386.84 785.043 601.802 494.155 429.846 64.3082
internal_count=8367 6061 3312 2749 2306 2028 278
is_linear=0
shrinkage=0.1


Tree=13
num_leaves=8
num_cat=0
split_feature=4 24 21 19 14 20 24
split_gain=118.731 30.4788 26.5726 36.7031 19.165 16.4356 9.95396
threshold=1.0000000180025095e-35 1.0000000180025095e-35 1.0000000180025095e-35 1.0000000180025095e-35 1.0000000180025095e-35 1.0000000180025095e-35 1.0000000180025095e-35
decision_type=2 2 2 2 2 2 2
left_child=2 5 6 -4 -3 -2 -1
right_child=1 4 3 -5 -6 -7 -8
leaf_value=-0.040442150160889229 -0.0066128289965480041 0.012753265716746655 0.0094412534263403763 0.091104226693926246 -0.020853576110572866 -0.056763544393244839 0.065101014807031718
leaf_weight=8.7045331448316556 86.278569832444191 257.73190128803253 480.45435999333858 61.207673743367195 492.7141155898571 272.1133798956871 203.0262206941843
leaf_count=36 389 1105 2100 295 2132 1321 989
internal_value=1.43227e-05 -0.0207923 0.0306243 0.01882 -0.00931009 -0.0447424 0.0605923
internal_weight=1862.23 1108.84 753.393 541.662 750.446 358.392 211.731
internal_count=8367 4947 3420 2395 3237 1710 1025
is_linear=0
shrinkage=0.1


Tree=14
num_leaves=8
num_cat=0
split_feature=7 20 19 30 16 13 23
split_gain=100.682 41.0404 46.2342 26.3729 14.6578 10.7707 9.04158
threshold=1.0000000180025095e-35 1.0000000180025095e-35 1.0000000180025095e-35 1.0000000180025095e-35 1.0000000180025095e-35 1.0000000180025095e-35 1.0000000180025095e-35
decision_type=2 2 2 2 2 2 2
left_child=4 3 -3 -2 6 -6 -1
right_child=1 2 -4 -5 5 -7 -8
leaf_value=-0.069164720740445954 0.025592944606874581 -0.032430654071950102 0.028458089900515928 -0.063984603631684331 0.037026847487582025 -0.0064624302532121508 0.062341922061741384
leaf_weight=4.5758568346500388 307.58361510932446 879.52970831096172 144.49004930257797 35.825118660926819 185.86739918589592 81.529157891869545 206.09607094526291
leaf_count=20 1323 3987 592 159 903 368 1015
internal_value=1.97258e-05 -0.0137928 -0.0238198 0.0160894 0.0394743 0.0237923 0.0591723
internal_weight=1845.5 1367.43 1024.02 343.409 478.068 267.397 210.672
internal_count=8367 6061 4579 1482 2306 1271 1035
is_linear=0
shrinkage=0.1


Tree=15
num_leaves=8
num_cat=0
split_feature=2 11 18 26 20 14 21
split_gain=90.7733 47.4588 33.8306 26.3188 17.7258 16.5308 5.08432
threshold=1.0000000180025095e-35 1.0000000180025095e-35 1.0000000180025095e-35 1.0000000180025095e-35 1.0000000180025095e-35 1.0000000180025095e-35 1.0000000180025095e-35
decision_type=2 2 2 2 2 2 2
left_child=1 2 -1 5 -3 -2 -5
right_child=3 4 -4 6 -6 -7 -8
leaf_value=0.041396199448146404 -0.016249511192345786 0.021274309209561523 -0.0012113317595152965 0.077358769286329399 -0.037600697387932355 -0.052558963214402538 0.0024254651313881386
leaf_weight=612.64503403007984 202.18709209561348 70.722284406423569 267.54719956219196 8.6214843988418561 178.71210511028767 334.41739863157272 155.17137838900089
leaf_count=2870 957 302 1146 35 764 1653 640
internal_value=2.07681e-05 0.0175529 0.0284583 -0.0282405 -0.0208895 -0.0389336 0.00681519
internal_weight=1830.02 1129.63 880.192 700.397 249.434 536.604 163.793
internal_count=8367 5082 4016 3285 1066 2610 675
is_linear=0
shrinkage=0.1


Tree=16
num_leaves=8
num_cat=0
split_feature=2 12 19 26 27 0 0
split_gain=74.443 39.8695 23.2824 21.9469 17.1111 14.2593 4.69955
threshold=1.0000000180025095e-35 1.0000000180025095e-35 1.0000000180025095e-35 1.0000000180025095e-35 1.0000000180025095e-35 1.0000000180025095e-35 1.0000000180025095e-35
decision_type=2 2 2 2 2 2 2
left_child=1 2 -1 5 -3 -2 -5
right_child=3 4 -4 6 -6 -7 -8
leaf_value=0.022564719305599602 -0.015252719698359247 -0.037788602403661387 0.085910484492605965 0.047210828724719482 0.0093139392929828795 -0.048943869481322726 -0.00076328216848991961
leaf_weight=752.39115381240845 208.83686138689518 156.5560427159071 62.084169030189514 22.870018571615219 150.4520641118288 319.05324968695641 141.04415805637836
leaf_count=3447 986 680 313 96 642 1624 579
internal_value=1.63813e-05 0.0159258 0.0274927 -0.0257601 -0.0147503 -0.0356695 0.00617596
internal_weight=1813.29 1121.48 814.475 691.804 307.008 527.89 163.914
internal_count=8367 5082 3760 3285 1322 2610 675
is_linear=0
shrinkage=0.1


Tree=17
num_leaves=8
num_cat=0
split_feature=22 18 10 20 19 19 16
split_gain=64.2691 53.4418 48.0388 24.096 22.3233 13.2261 8.63475
threshold=1.0000000180025095e-35 1.0000000180025095e-35 1.0000000180025095e-35 1.0000000180025095e-35 1.0000000180025095e-35 1.0000000180025095e-35 1.0000000180025095e-35
decision_type=2 2 2 2 2 2 2
left_child=3 2 -2 6 -5 -3 -1
right_child=1 5 -4 4 -6 -7 -8
leaf_value=0.02649009479882572 0.046473818719767794 -0.018992382664518307 -0.02968326922976235 -0.039768786077287455 0.075457286375398086 0.017886748720330848 -0.016935512021244128
leaf_weight=99.337273374199867 519.84182167053223 374.248061850667 97.77702622115612 477.36252330243587 16.529255419969559 130.38139949738979 83.304329499602318
leaf_count=434 2536 1666 424 2320 72 536 379
internal_value=1.42432e-05 0.0146865 0.0343887 -0.0243102 -0.0357678 -0.00944737 0.00669896
internal_weight=1798.78 1122.25 617.619 676.533 493.892 504.629 182.642
internal_count=8367 5162 2960 3205 2392 2202 813
is_linear=0
shrinkage=0.1


Tree=18
num_leaves=8
num_cat=0
split_feature=14 17 27 22 0 21 19
split_gain=56.215 47.2951 33.6845 21.9514 18.1295 13.2197 13.2051
threshold=1.0000000180025095e-35 1.0000000180025095e-35 1.0000000180025095e-35 1.0000000180025095e-35 1.0000000180025095e-35 1.0000000180025095e-35 1.0000000180025095e-35
decision_type=2 2 2 2 2 2 2
left_child=1 3 4 -1 -2 -4 -3
right_child=2 6 5 -5 -6 -7 -8
leaf_value=0.0053098465005679196 -0.021712937936732377 -0.019157617143975347 0.039951642208762093 0.049075023939998109 -0.06321261418893466 -0.0048526307428854261 0.078824676724808612
leaf_weight=163.25931398570538 337.64775568246841 269.00510759651661 78.518286302685738 385.65492863953114 153.22930219769478 382.37291817367077 13.516122773289679
leaf_count=719 1543 1242 366 1937 851 1650 59
internal_value=1.85571e-05 0.0190031 -0.0165683 0.0360916 -0.0347694 0.00285028 -0.0142086
internal_weight=1783.2 831.435 951.768 548.914 490.877 460.891 282.521
internal_count=8367 3957 4410 2656 2394 2016 1301
is_linear=0
shrinkage=0.1


Tree=19
num_leaves=7
num_cat=0
split_feature=0 21 19 19 16 14
split_gain=47.2253 37.1805 46.0053 18.2469 15.4376 14.5419
threshold=1.0000000180025095e-35 1.0000000180025095e-35 1.0000000180025095e-35 1.0000000180025095e-35 1.0000000180025095e-35 1.0000000180025095e-35
decision_type=2 2 2 2 2 2
left_child=1 4 -3 5 -1 -2
right_child=3 2 -4 -5 -6 -7
leaf_value=0.05855697756596967 -0.013424714836078381 -0.0059477606410636361 0.079505619303551975 0.004981642579591692 0.015010972010093491 -0.057184347971358199
leaf_weight=177.16682869195938 123.48442988097668 928.88548901677132 66.579906761646271 120.60550466179848 151.58611373603344 199.46869693696499
leaf_count=868 620 4219 350 491 727 1092
internal_value=2.068e-05 0.00948193 -0.000158314 -0.0281831 0.0385846 -0.0405455
internal_weight=1767.78 1324.22 995.465 443.559 328.753 322.953
internal_count=8367 6164 4569 2203 1595 1712
is_linear=0
shrinkage=0.1


Tree=20
num_leaves=8
num_cat=0
split_feature=14 17 29 22 21 19 19
split_gain=41.7347 37.0134 26.2925 18.0781 13.7847 9.56795 9.09991
threshold=1.0000000180025095e-35 1.0000000180025095e-35 1.0000000180025095e-35 1.0000000180025095e-35 1.0000000180025095e-35 1.0000000180025095e-35 1.0000000180025095e-35
decision_type=2 2 2 2 2 2 2
left_child=1 3 6 -1 -4 -3 -2
right_child=2 5 4 -5 -6 -7 -8
leaf_value=0.0039780249795148366 -0.044514027060685718 -0.017126955903001593 0.02553144757428032 0.04388934180453289 -0.01092926606172399 0.066985122639148881 0.08751468000302845
leaf_weight=162.81084363162518 248.42387191951275 267.03587886691093 126.3096246868372 375.27318274974823 558.3285428583622 13.26860301196575 4.4364611804485312
leaf_count=719 1307 1242 587 1937 2497 59 19
internal_value=2.3581e-05 0.0165137 -0.0143737 0.031843 -0.00417516 -0.0129214 -0.041862
internal_weight=1755.89 818.389 937.499 538.084 684.638 280.304 252.86
internal_count=8367 3957 4410 2656 3084 1301 1326
is_linear=0
shrinkage=0.1


Tree=21
num_leaves=8
num_cat=0
split_feature=23 18 10 16 19 21 19
split_gain=36.1141 29.9887 34.8144 11.6152 9.80267 8.6221 6.87621
threshold=1.0000000180025095e-35 1.0000000180025095e-35 1.0000000180025095e-35 1.0000000180025095e-35 1.0000000180025095e-35 1.0000000180025095e-35 1.0000000180025095e-35
decision_type=2 2 2 2 2 2 2
left_child=3 2 -2 5 -3 -1 -5
right_child=1 4 -4 6 -6 -7 -8
leaf_value=0.030199337210568153 0.033713929341378429 -0.014883031708487563 -0.026574842968526319 -0.039350845745261209 0.016149417746375221 -0.016353018304477308 0.048888555850933935
leaf_weight=50.491064086556435 558.82757711410522 439.22574198246002 114.77211561799049 265.11350603401661 131.51229681074619 174.3195373415947 8.3169120997190458
leaf_count=221 2820 1996 510 1386 543 855 36
internal_value=3.27806e-05 0.00914247 0.0234174 -0.0226911 -0.00771664 -0.00581021 -0.0364985
internal_weight=1742.58 1244.34 673.6 498.241 570.738 224.811 273.43
internal_count=8367 5869 3330 2498 2539 1076 1422
is_linear=0
shrinkage=0.1


Tree=22
num_leaves=8
num_cat=0
split_feature=21 22 30 11 19 16 22
split_gain=32.7077 25.42 21.3112 14.4941 11.3971 10.8802 3.09926
threshold=1.0000000180025095e-35 1.0000000180025095e-35 1.0000000180025095e-35 1.0000000180025095e-35 1.0000000180025095e-35 1.0000000180025095e-35 1.0000000180025095e-35
decision_type=2 2 2 2 2 2 2
left_child=2 4 5 -3 -2 -1 -4
right_child=1 3 6 -5 -6 -7 -8
leaf_value=0.048427506742444157 -0.027530644081159253 0.01333430049837063 -0.017964662934516772 -0.013931001109685832 0.055388011764623948 0.012754926470388199 -0.085145405959718604
leaf_weight=195.62814147770405 495.01797258853912 536.96605321764946 12.99026557803154 304.84061747789383 16.245013415813446 152.95158411562443 15.350542068481445
leaf_count=981 2513 2581 66 1329 72 756 69
internal_value=3.1517e-05 -0.00722843 0.0260434 0.00345599 -0.024793 0.0328562 -0.0560143
internal_weight=1729.99 1353.07 376.921 841.807 511.263 348.58 28.3408
internal_count=8367 6495 1872 3910 2585 1737 135
is_linear=0
shrinkage=0.1


Tree=23
num_leaves=8
num_cat=0
split_feature=14 15 27 18 0 18 9
split_gain=29.2046 24.4207 20.2112 18.4765 10.9126 6.85103 5.94451
threshold=1.0000000180025095e-35 1.0000000180025095e-35 1.0000000180025095e-35 1.0000000180025095e-35 1.0000000180025095e-35 1.0000000180025095e-35 1.0000000180025095e-35
decision_type=2 2 2 2 2 2 2
left_child=1 3 4 -1 -2 -4 -3
right_child=2 6 5 -5 -6 -7 -8
leaf_value=0.034467368916451704 -0.016723426249730965 -0.00073311168216950388 0.016333444183896737 0.0021501811108341931 -0.050270319839403159 -0.0082808341876660484 -0.056074547732827801
leaf_weight=394.65511514246464 329.14847196638584 29.954354971647263 206.33680829405785 320.23982840776443 137.55952356755733 247.80435441434383 54.27649250626564
leaf_count=2059 1543 152 951 1491 851 1065 255
internal_value=2.62576e-05 0.0140048 -0.0121066 0.020014 -0.0266975 0.00291386 -0.0366334
internal_weight=1719.97 799.126 920.849 714.895 466.708 454.141 84.2308
internal_count=8367 3957 4410 3550 2394 2016 407
is_linear=0
shrinkage=0.1


Tree=24
num_leaves=8
num_cat=0
split_feature=21 19 11 30 0 10 22
split_gain=25.7831 23.5314 18.3447 16.6006 15.6546 9.27149 2.67567
threshold=1.0000000180025095e-35 1.0000000180025095e-35 1.0000000180025095e-35 1.0000000180025095e-35 1.0000000180025095e-35 1.0000000180025095e-35 1.0000000180025095e-35
decision_type=2 2 2 2 2 2 2
left_child=3 2 -2 5 -3 -1 -5
right_child=1 4 -4 6 -6 -7 -8
leaf_value=0.036210151768009131 -0.0034651488861548365 0.067437044638822927 -0.030935343202470988 -0.014683267202582843 0.0057394060364593276 -0.0095331432987525583 -0.077599845112583749
leaf_weight=292.00077226758003 808.88080862164497 61.585623323917389 346.74413771927357 12.767284139990807 120.5489078015089 51.773188903927803 14.865051582455635
leaf_count=1506 3883 350 1771 66 491 231 69
internal_value=1.60803e-05 -0.00645802 -0.0117272 0.0232897 0.0268557 0.0293134 -0.0500579
internal_weight=1709.17 1337.76 1155.62 371.406 182.135 343.774 27.6323
internal_count=8367 6495 5654 1872 841 1737 135
is_linear=0
shrinkage=0.1


end of trees

feature_importances:
MSinceMostRecentInqexcl7days_lt=_-7.5=21
MSinceMostRecentInqexcl7days_lt=_0.5=17
MSinceMostRecentInqexcl7days_lt=_1.5=13
ExternalRiskEstimate_lt=_63.5=12
PercentTradesNeverDelq_lt=_95.5=9
AverageMInFile_lt=_49.5=8
NumSatisfactoryTrades_lt=_20.5=8
AverageMInFile_lt=_75.5=7
NumSatisfactoryTrades_lt=_9.5=7
NetFractionRevolvingBurden_lt=_37.5=7
ExternalRiskEstimate_lt=_70.5=6
ExternalRiskEstimate_lt=_78.5=5
NetFractionRevolvingBurden_lt=_57.5=5
ExternalRiskEstimate_lt=_67.5=4
ExternalRiskEstimate_lt=_81.5=4
AverageMInFile_lt=_59.5=4
AverageMInFile_lt=_63.5=4
NetFractionRevolvingBurden_lt=_47.5=4
PercentTradesWBalance_lt=_47.5=4
ExternalRiskEstimate_lt=_73.5=3
ExternalRiskEstimate_lt=_74.5=3
PercentTradesWBalance_lt=_66.5=3
PercentTradesWBalance_lt=_80.5=3
PercentTradesNeverDelq_lt=_76.5=3
ExternalRiskEstimate_lt=_75.5=2
PercentTradesNeverDelq_lt=_92.5=2
PercentTradesWBalance_lt=_73.5=2
ExternalRiskEstimate_lt=_65.5=1
ExternalRiskEstimate_lt=_80.5=1
AverageMInFile_lt=_74.5=1
PercentTradesWBalance_lt=_43.5=1

parameters:
[boosting: gbdt]
[objective: binary]
[metric: binary_logloss]
[tree_learner: serial]
[device_type: cpu]
[data_sample_strategy: bagging]
[data: ]
[valid: ]
[num_iterations: 25]
[learning_rate: 0.1]
[num_leaves: 31]
[num_threads: 8]
[seed: 42]
[deterministic: 0]
[force_col_wise: 0]
[force_row_wise: 0]
[histogram_pool_size: -1]
[max_depth: 3]
[min_data_in_leaf: 20]
[min_sum_hessian_in_leaf: 0.001]
[bagging_fraction: 1]
[pos_bagging_fraction: 1]
[neg_bagging_fraction: 1]
[bagging_freq: 0]
[bagging_seed: 400]
[bagging_by_query: 0]
[feature_fraction: 1]
[feature_fraction_bynode: 1]
[feature_fraction_seed: 30056]
[extra_trees: 0]
[extra_seed: 12879]
[early_stopping_round: 0]
[early_stopping_min_delta: 0]
[first_metric_only: 0]
[max_delta_step: 0]
[lambda_l1: 0]
[lambda_l2: 1]
[linear_lambda: 0]
[min_gain_to_split: 0]
[drop_rate: 0.1]
[max_drop: 50]
[skip_drop: 0.5]
[xgboost_dart_mode: 0]
[uniform_drop: 0]
[drop_seed: 17869]
[top_rate: 0.2]
[other_rate: 0.1]
[min_data_per_group: 100]
[max_cat_threshold: 32]
[cat_l2: 10]
[cat_smooth: 10]
[max_cat_to_onehot: 4]
[top_k: 20]
[monotone_constraints: ]
[monotone_constraints_method: basic]
[monotone_penalty: 0]
[feature_contri: ]
[forcedsplits_filename: ]
[refit_decay_rate: 0.9]
[cegb_tradeoff: 1]
[cegb_penalty_split: 0]
[cegb_penalty_feature_lazy: ]
[cegb_penalty_feature_coupled: ]
[path_smooth: 0]
[interaction_constraints: ]
[verbosity: -1]
[saved_feature_importance_type: 0]
[use_quantized_grad: 0]
[num_grad_quant_bins: 4]
[quant_train_renew_leaf: 0]
[stochastic_rounding: 1]
[linear_tree: 0]
[max_bin: 255]
[max_bin_by_feature: ]
[min_data_in_bin: 3]
[bin_construct_sample_cnt: 200000]
[data_random_seed: 175]
[is_enable_sparse: 1]
[enable_bundle: 1]
[use_missing: 1]
[zero_as_missing: 0]
[feature_pre_filter: 1]
[pre_partition: 0]
[two_round: 0]
[header: 0]
[label_column: ]
[weight_column: ]
[group_column: ]
[ignore_column: ]
[categorical_feature: ]
[forcedbins_filename: ]
[precise_float_parser: 0]
[parser_config_file: ]
[objective_seed: 16083]
[num_class: 1]
[is_unbalance: 0]
[scale_pos_weight: 1]
[sigmoid: 1]
[boost_from_average: 1]
[reg_sqrt: 0]
[alpha: 0.9]
[fair_c: 1]
[poisson_max_delta_step: 0.7]
[tweedie_variance_power: 1.5]
[lambdarank_truncation_level: 30]
[lambdarank_norm: 1]
[label_gain: ]
[lambdarank_position_bias_regularization: 0]
[eval_at: ]
[multi_error_top_k: 1]
[auc_mu_weights: ]
[num_machines: 1]
[local_listen_port: 12400]
[time_out: 120]
[machine_list_filename: ]
[machines: ]
[gpu_platform_id: -1]
[gpu_device_id: -1]
[gpu_use_dp: 0]
[num_gpu: 1]

end of parameters

pandas_categorical:[]
