tree
version=v4
num_class=1
num_tree_per_iteration=1
label_index=0
max_feature_idx=95
objective=binary sigmoid:1
feature_names=V1_lt=_1.1851205825805664 V1_lt=_1.7035483121871948 V3_lt=_1.2198981046676636 V3_lt=_1.2314345836639404 V3_lt=_1.2530920505523682 V3_lt=_1.2909691333770752 V4_lt=_-0.4713319092988968 V4_lt=_-0.46976254880428314 V4_lt=_-0.45784682035446167 V4_lt=_-0.4560656398534775 V4_lt=_-0.40327076613903046 V4_lt=_-0.30387306213378906 V4_lt=_-0.26174306869506836 V4_lt=_-0.24416956305503845 V4_lt=_-0.20360101014375687 V4_lt=_-0.18242227286100388 V4_lt=_-0.09988194331526756 V4_lt=_-0.07750282809138298 V4_lt=_-0.06323166564106941 V4_lt=_-0.03460181504487991 V4_lt=_0.04873167723417282 V4_lt=_0.05699341371655464 V4_lt=_0.3752809464931488 V4_lt=_0.38157644867897034 V4_lt=_0.6149967312812805 V4_lt=_0.7523619830608368 V4_lt=_0.7563583552837372 V4_lt=_0.7573009431362152 V4_lt=_0.7911962270736694 V4_lt=_1.5319359302520752 V4_lt=_1.574686348438263 V4_lt=_1.662422001361847 V4_lt=_1.6727799773216248 V4_lt=_1.6730803847312927 V4_lt=_1.6956751942634583 V4_lt=_1.765186846256256 V4_lt=_1.779853105545044 V4_lt=_5.438603162765503 V7_lt=_1.0921882390975952 V7_lt=_1.1302083134651184 V7_lt=_2.096619963645935 V7_lt=_2.1766912937164307 V7_lt=_2.2863523960113525 V8_lt=_-0.7664555907249451 V8_lt=_-0.6077740788459778 V8_lt=_-0.4568992853164673 V8_lt=_-0.45575150847435 V8_lt=_0.20063983649015427 V8_lt=_0.2713486850261688 V8_lt=_0.27248212695121765 V10_lt=_-1.7240893840789795 V10_lt=_-1.702573299407959 V10_lt=_-1.4274442195892334 V10_lt=_-1.408359408378601 V10_lt=_-0.5482346713542938 V10_lt=_0.567154198884964 V11_lt=_0.28784188628196716 V12_lt=_-1.4592942595481873 V12_lt=_-0.24677349627017975 V12_lt=_-0.22093023359775543 V12_lt=_-0.1018875278532505 V12_lt=_-0.08555150032043457 V12_lt=_-0.07579305022954941 V12_lt=_0.024188149720430374 V12_lt=_0.3119194656610489 V13_lt=_-0.8007145822048187 V14_lt=_-2.7358014583587646 V14_lt=_-1.8273465633392334 V14_lt=_-1.812438189983368 V14_lt=_-1.7704376578330994 V14_lt=_-1.7583861351013184 V14_lt=_-1.5734373927116394 V14_lt=_-1.4366859793663025 V14_lt=_-1.4205476641654968 V14_lt=_-1.3845648169517517 V14_lt=_-0.8144704699516296 V14_lt=_-0.7452503144741058 V14_lt=_-0.7145193219184875 V14_lt=_-0.6914466023445129 V14_lt=_-0.663888156414032 V14_lt=_-0.6215752959251404 V14_lt=_-0.4301060438156128 V14_lt=_-0.43000881373882294 V14_lt=_-0.42706455290317535 V14_lt=_0.27475060522556305 V17_lt=_-1.7784389853477478 V17_lt=_0.714995414018631 V20_lt=_-0.8322816491127014 V20_lt=_-0.7206311225891113 V20_lt=_-0.6614554822444916 V22_lt=_4.96277642250061 V26_lt=_-0.1869928240776062 V26_lt=_-0.18282698839902878 V28_lt=_-0.015600292943418026 Amount_lt=_0.5276917517185211 V16_lt=_0.259056881070137
feature_infos=[0:1] [0:1] [0:1] [0:1] [0:1] [0:1] [0:1] [0:1] [0:1] [0:1] [0:1] [0:1] [0:1] [0:1] [0:1] [0:1] [0:1] [0:1] [0:1] [0:1] [0:1] [0:1] [0:1] [0:1] [0:1] [0:1] [0:1] [0:1] [0:1] [0:1] [0:1] [0:1] [0:1] [0:1] [0:1] [0:1] [0:1] [0:1] [0:1] [0:1] [0:1] [0:1] [0:1] [0:1] [0:1] [0:1] [0:1] [0:1] [0:1] [0:1] [0:1] [0:1] [0:1] [0:1] [0:1] [0:1] [0:1] [0:1] [0:1] [0:1] [0:1] [0:1] [0:1] [0:1] [0:1] [0:1] [0:1] [0:1] [0:1] [0:1] [0:1] [0:1] [0:1] [0:1] [0:1] [0:1] [0:1] [0:1] [0:1] [0:1] [0:1] [0:1] [0:1] [0:1] [0:1] [0:1] [0:1] [0:1] [0:1] [0:1] [0:1] [0:1] [0:1] [0:1] [0:1] [0:1]
tree_sizes=924 1027 1025 1030 1032 1034 1038 1036 1040 1038 1038 1033 1030 1032 1037 1034 1032 1035 1039 1031 1043 1037 1041 1034 1037

Tree=0
num_leaves=8
num_cat=0
split_feature=68 26 59 8 57 40 1
split_gain=263206 9858.31 8351.75 6196.26 2464.95 986.766 32.4802
threshold=1.0000000180025095e-35 1.0000000180025095e-35 1.0000000180025095e-35 1.0000000180025095e-35 1.0000000180025095e-35 1.0000000180025095e-35 1.0000000180025095e-35
decision_type=2 2 2 2 2 2 2
left_child=1 2 -1 4 -2 -3 -5
right_child=3 5 -4 6 -6 -7 -8
leaf_value=-0.14822230112455148 0.11613807755613105 -0.063282416737001343 0.0038074165615783681 -0.12717951335999703 0.19946860469009864 -0.18596560777353027 -0.19406284772561178
leaf_weight=8918.75 3935 669.75 6074 102 36729.25 34198.5 353
leaf_count=35675 15740 2679 24296 408 146917 136794 1412
internal_value=5.49691e-06 -0.154453 -0.0866345 0.187301 0.191408 -0.183611 -0.179381
internal_weight=90980.2 49861 14992.8 41119.2 40664.2 34868.2 455
internal_count=363921 199444 59971 164477 162657 139473 1820
is_linear=0
shrinkage=1


Tree=1
num_leaves=8
num_cat=0
split_feature=69 26 59 8 50 42 6
split_gain=215124 8014.17 6676 5503.57 2232.16 825.233 31.6998
threshold=1.0000000180025095e-35 1.0000000180025095e-35 1.0000000180025095e-35 1.0000000180025095e-35 1.0000000180025095e-35 1.0000000180025095e-35 1.0000000180025095e-35
decision_type=2 2 2 2 2 2 2
left_child=1 2 -1 4 -2 -3 -5
right_child=3 5 -4 6 -6 -7 -8
leaf_value=-0.13436395990478986 0.10131250815154452 -0.04590890367692127 0.0021011768868331058 -0.0051486383379000192 0.18133933574423924 -0.16891784839452884 -0.16757350207415819
leaf_weight=8855.2735576629639 3857.7179311513901 555.19395902752876 6022.7281019836664 12.39179143309593 36536.445738941431 33940.305981338024 476.83047035336494
leaf_count=35616 15507 2223 24091 50 147576 136935 1923
internal_value=3.74657e-06 -0.14048 -0.0791254 0.169661 0.173699 -0.166939 -0.163478
internal_weight=90256.9 49373.5 14878 40883.4 40394.2 34495.5 489.222
internal_count=363921 198865 59707 165056 163083 139158 1973
is_linear=0
shrinkage=0.1


Tree=2
num_leaves=8
num_cat=0
split_feature=70 29 16 47 79 55 53
split_gain=178454 6997.15 4850.21 3449.65 2895.4 1729.36 662.108
threshold=1.0000000180025095e-35 1.0000000180025095e-35 1.0000000180025095e-35 1.0000000180025095e-35 1.0000000180025095e-35 1.0000000180025095e-35 1.0000000180025095e-35
decision_type=2 2 2 2 2 2 2
left_child=1 3 5 -1 -3 -2 -4
right_child=2 4 6 -5 -6 -7 -8
leaf_value=-0.13964694034594483 -0.20228734461030615 -0.1559308224992868 -0.14449625460665089 0.017392422140861331 -0.086454581855580068 0.16278527097022955 0.046453001557294239
leaf_weight=2043.5680005550385 129.38610415160656 34718.693538427353 560.94684402644634 4428.256716966629 7256.4383320659399 38984.84189337492 267.69600962102413
leaf_count=8277 524 142795 2302 17849 29787 161291 1096
internal_value=1.62525e-05 -0.129 0.1565 -0.0322088 -0.143922 0.161573 -0.0828278
internal_weight=88389.8 48447 39942.9 6471.82 41975.1 39114.2 828.643
internal_count=363921 198708 165213 26126 172582 161815 3398
is_linear=0
shrinkage=0.1


Tree=3
num_leaves=8
num_cat=0
split_feature=68 25 77 15 51 19 53
split_gain=149582 6627.13 6249.51 3705.66 1617.59 867.9 463.928
threshold=1.0000000180025095e-35 1.0000000180025095e-35 1.0000000180025095e-35 1.0000000180025095e-35 1.0000000180025095e-35 1.0000000180025095e-35 1.0000000180025095e-35
decision_type=2 2 2 2 2 2 2
left_child=1 2 -1 4 -2 -3 -5
right_child=3 5 -4 6 -6 -7 -8
leaf_value=-0.096855611437158678 0.08574001702757901 -0.12194709822550509 0.062403233179037447 -0.1386566214925308 0.15757446568942626 -0.15592231866072959 0.038670720546939714
leaf_weight=11545.434653759003 3454.9759793877602 11752.084962576628 3131.701350569725 472.26593120396137 34243.324679255486 21006.933159887791 213.82819852232933
leaf_count=47456 14362 49964 12717 1982 147254 89307 879
internal_value=3.87567e-05 -0.118719 -0.0628722 0.146801 0.150993 -0.143738 -0.0834149
internal_weight=85820.5 47436.2 14677.1 38384.4 37698.3 32759 686.094
internal_count=363921 199444 60173 164477 161616 139271 2861
is_linear=0
shrinkage=0.1


Tree=4
num_leaves=8
num_cat=0
split_feature=71 25 44 17 57 94 53
split_gain=126537 5368.56 5137.17 4906.83 1744.95 850.937 545.46
threshold=1.0000000180025095e-35 1.0000000180025095e-35 1.0000000180025095e-35 1.0000000180025095e-35 1.0000000180025095e-35 1.0000000180025095e-35 1.0000000180025095e-35
decision_type=2 2 2 2 2 2 2
left_child=1 2 -1 4 -2 -3 -5
right_child=3 5 -4 6 -6 -7 -8
leaf_value=-0.085954643719357626 0.078775690731707662 -0.08595943039118327 0.088068296584682848 -0.1267945097789665 0.14927352584695169 -0.14153300427458612 0.03178850747878343
leaf_weight=12147.96965906024 3938.6480437815189 3062.8064876496792 1970.7964534163475 723.27091340720654 32612.644011214375 27959.766714274883 309.12344759702682
leaf_count=50551 16709 13429 8029 3128 146944 123840 1291
internal_value=6.50936e-05 -0.112784 -0.0616588 0.135606 0.141679 -0.136049 -0.0793262
internal_weight=82725 45141.3 14118.8 37583.7 36551.3 31022.6 1032.39
internal_count=363921 195849 58580 168072 163653 137269 4419
is_linear=0
shrinkage=0.1


Tree=5
num_leaves=8
num_cat=0
split_feature=68 30 57 36 48 79 55
split_gain=107627 5517.71 3052.67 3020.05 2693.08 2603.81 248.158
threshold=1.0000000180025095e-35 1.0000000180025095e-35 1.0000000180025095e-35 1.0000000180025095e-35 1.0000000180025095e-35 1.0000000180025095e-35 1.0000000180025095e-35
decision_type=2 2 2 2 2 2 2
left_child=1 4 3 -2 -1 -3 -4
right_child=2 5 6 -5 -6 -7 -8
leaf_value=-0.12954795758442897 0.13420851736316328 -0.12961560994670401 -0.18621747880972755 -0.039256590924520794 0.022793993632824916 -0.061821711698626464 0.14239466807747489
leaf_weight=1548.2112697511911 2052.8766387999058 31314.313134163618 22.185070112347603 1962.1656466275454 4622.8336914032698 6920.1575708985329 30865.018418848515
leaf_count=6583 8962 143499 96 8496 18851 30511 146923
internal_value=9.18787e-05 -0.103186 0.13149 0.0494468 -0.0154408 -0.117347 0.142153
internal_weight=79307.8 44405.5 34902.2 4015.04 6171.04 38234.5 30887.2
internal_count=363921 199444 164477 17458 25434 174010 147019
is_linear=0
shrinkage=0.1


Tree=6
num_leaves=8
num_cat=0
split_feature=72 17 25 60 55 40 6
split_gain=92266.1 5039.77 4466.06 4360.31 1811.73 879.955 519.168
threshold=1.0000000180025095e-35 1.0000000180025095e-35 1.0000000180025095e-35 1.0000000180025095e-35 1.0000000180025095e-35 1.0000000180025095e-35 1.0000000180025095e-35
decision_type=2 2 2 2 2 2 2
left_child=2 4 3 -1 -2 -4 -3
right_child=1 6 5 -5 -6 -7 -8
leaf_value=-0.10632981071208708 -0.18250570873932953 0.0018580032764930348 -0.0017174812629631008 0.0082689480739017943 0.12976426884262807 -0.12619580119549662 -0.1333972053399777
leaf_weight=7169.8328964263201 186.01234352588654 463.33577769994736 579.99241888523102 6182.5962845832109 33126.635469555855 27304.110380962491 731.25103831291199
leaf_count=31900 758 1974 2561 25479 164873 132999 3377
internal_value=0.000128134 0.120778 -0.100834 -0.0532703 0.128015 -0.123607 -0.0809791
internal_weight=75743.8 34507.2 41236.5 13352.4 33312.6 27884.1 1194.59
internal_count=363921 170982 192939 57379 165631 135560 5351
is_linear=0
shrinkage=0.1


Tree=7
num_leaves=8
num_cat=0
split_feature=67 23 81 57 36 41 55
split_gain=79201.2 4977.68 5688.83 2839.32 2465.97 505.337 190.429
threshold=1.0000000180025095e-35 1.0000000180025095e-35 1.0000000180025095e-35 1.0000000180025095e-35 1.0000000180025095e-35 1.0000000180025095e-35 1.0000000180025095e-35
decision_type=2 2 2 2 2 2 2
left_child=1 2 -1 4 -2 -3 -5
right_child=3 5 -4 6 -6 -7 -8
leaf_value=-0.088510130437554152 0.12017090473807342 -0.019722695316075269 0.033222261590583529 -0.16229465841388313 -0.042318949422325669 -0.12450704507787949 0.13212057528432639
leaf_weight=12903.832530632615 1866.2545653730631 470.40317289531231 5463.8894782364368 21.187756687402725 1867.8789980858564 22211.679423108697 27275.766895994544
leaf_count=59444 8914 2074 23725 96 8322 114440 146906
internal_value=0.000137857 -0.0909991 -0.0522983 0.120698 0.0389011 -0.122335 0.131886
internal_weight=72080.9 41049.8 18367.7 31031.1 3734.13 22682.1 27297
internal_count=363921 199683 83169 164238 17236 116514 147002
is_linear=0
shrinkage=0.1


Tree=8
num_leaves=8
num_cat=0
split_feature=73 57 25 45 36 87 55
split_gain=68298.2 4323.89 3994.22 3786.68 2701.99 936.116 226.779
threshold=1.0000000180025095e-35 1.0000000180025095e-35 1.0000000180025095e-35 1.0000000180025095e-35 1.0000000180025095e-35 1.0000000180025095e-35 1.0000000180025095e-35
decision_type=2 2 2 2 2 2 2
left_child=2 4 3 -1 -2 -4 -3
right_child=1 6 5 -5 -6 -7 -8
leaf_value=-0.069614021931893352 0.11510287153878807 -0.15388914744153703 -0.11663302358426227 0.073186962614705572 -0.032911912663445418 -0.0023730708926765496 0.12800926570125937
leaf_weight=10597.246848136187 2070.884226411581 27.775093391537666 24176.750934123993 2250.5466703176498 3046.3845953792334 738.99522441625595 25564.651356801391
leaf_count=47815 10132 131 131452 9407 13621 3886 147477
internal_value=0.000171067 0.110919 -0.0898908 -0.0445958 0.0269983 -0.113244 0.127697
internal_weight=68473.2 30709.7 37763.5 12847.8 5117.27 24915.7 25592.4
internal_count=363921 171361 192560 57222 23753 135338 147608
is_linear=0
shrinkage=0.1


Tree=9
num_leaves=8
num_cat=0
split_feature=73 57 25 61 36 94 55
split_gain=58908.7 4082.96 3767.81 3721.44 2301.11 984.919 199.202
threshold=1.0000000180025095e-35 1.0000000180025095e-35 1.0000000180025095e-35 1.0000000180025095e-35 1.0000000180025095e-35 1.0000000180025095e-35 1.0000000180025095e-35
decision_type=2 2 2 2 2 2 2
left_child=2 4 3 -1 -2 -4 -3
right_child=1 6 5 -5 -6 -7 -8
leaf_value=-0.093471343132762674 0.10894202688344089 -0.14614497244121541 -0.048625287672455733 0.01510659473198433 -0.029651387867384506 -0.11561047551584194 0.12446911274868661
leaf_weight=6514.9655849933624 1974.3058152347803 26.44369912147522 2453.4450356066227 6122.4381332844496 3043.493512019515 21006.098900914192 23755.622489258647
leaf_count=31467 10132 131 13284 25755 13621 122054 147477
internal_value=0.000205473 0.106867 -0.0848951 -0.0408716 0.0248905 -0.108607 0.124162
internal_weight=64896.8 28799.9 36096.9 12637.4 5017.8 23459.5 23782.1
internal_count=363921 171361 192560 57222 23753 135338 147608
is_linear=0
shrinkage=0.1


Tree=10
num_leaves=8
num_cat=0
split_feature=68 23 61 50 36 13 6
split_gain=50992.3 4366.18 4674.66 2616.77 1652.86 534.78 219.067
threshold=1.0000000180025095e-35 1.0000000180025095e-35 1.0000000180025095e-35 1.0000000180025095e-35 1.0000000180025095e-35 1.0000000180025095e-35 1.0000000180025095e-35
decision_type=2 2 2 2 2 2 2
left_child=1 2 -1 4 -2 -3 -5
right_child=3 5 -4 6 -6 -7 -8
leaf_value=-0.087961092362578749 0.099506022440575284 -0.085418041488339314 0.017024010317726934 0.12143931492356502 -0.041454428661197203 -0.12127650110818325 -0.14876657297532281
leaf_weight=9231.7918787151575 1594.0073693841696 6206.0107617378235 7844.5144725739956 22067.817612797022 1737.6949234753847 12690.236121609807 29.246691405773163
leaf_count=48308 9019 37884 34743 147537 7796 78509 125
internal_value=0.000232155 -0.0763868 -0.0397349 0.108619 0.0259958 -0.109505 0.121075
internal_weight=61401.3 35972.6 17076.3 25428.8 3331.7 18896.2 22097.1
internal_count=363921 199444 83051 164477 16815 116393 147662
is_linear=0
shrinkage=0.1


Tree=11
num_leaves=8
num_cat=0
split_feature=74 57 44 65 81 86 6
split_gain=44447.8 3696.44 3298.65 2421.51 2163.52 1917.71 174.855
threshold=1.0000000180025095e-35 1.0000000180025095e-35 1.0000000180025095e-35 1.0000000180025095e-35 1.0000000180025095e-35 1.0000000180025095e-35 1.0000000180025095e-35
decision_type=2 2 2 2 2 2 2
left_child=2 5 4 -4 -1 -2 -3
right_child=1 6 3 -5 -6 -7 -8
leaf_value=-0.10264960701234166 0.049252114208677922 0.11887581572809923 -0.051642598223435809 0.122944422117632 -0.039431813569247548 -0.12085616713413146 -0.13167449167666576
leaf_weight=22295.66947850585 4147.0425360351801 20364.54692620039 1991.9975364804268 1320.0524323284626 7151.7242663353682 787.76119509339333 27.116696938872337
leaf_count=134851 20529 147523 10664 6221 40010 3977 146
internal_value=0.00025729 0.0997432 -0.0766564 0.017957 -0.0872981 0.0220781 0.118536
internal_weight=58085.9 25326.5 32759.4 3312.05 29447.4 4934.8 20391.7
internal_count=363921 172175 191746 16885 174861 24506 147669
is_linear=0
shrinkage=0.1


Tree=12
num_leaves=8
num_cat=0
split_feature=66 78 12 45 64 55 55
split_gain=38655 4875.93 4108.08 2597.48 875.776 709.819 8.68345
threshold=1.0000000180025095e-35 1.0000000180025095e-35 1.0000000180025095e-35 1.0000000180025095e-35 1.0000000180025095e-35 1.0000000180025095e-35 1.0000000180025095e-35
decision_type=2 2 2 2 2 2 2
left_child=1 3 -3 -1 6 -6 -2
right_child=4 2 -4 -5 5 -7 -8
leaf_value=-0.096747376799183216 -0.16435116114837339 0.043007138569585351 -0.11020776642701098 -0.003900911446626785 -0.16695790670532618 0.11403578639658865 -0.27168203900175242
leaf_weight=22790.984563723207 16.087669864296913 6440.3033827990294 2401.7969067841768 3472.2824563682079 89.472113937139511 19766.136094287038 50.336405694484711
leaf_count=145659 72 31168 14483 18877 433 153007 222
internal_value=0.000288974 -0.062849 0.00138132 -0.0844727 0.111544 0.112761 -0.24851
internal_weight=55027.4 35105.4 8842.1 26263.3 19922 19855.6 66.4241
internal_count=363921 210187 45651 164536 153734 153440 294
is_linear=0
shrinkage=0.1


Tree=13
num_leaves=8
num_cat=0
split_feature=66 20 83 51 36 42 56
split_gain=33711.1 4777.19 4800.22 834.5 1415.5 677.467 88.8003
threshold=1.0000000180025095e-35 1.0000000180025095e-35 1.0000000180025095e-35 1.0000000180025095e-35 1.0000000180025095e-35 1.0000000180025095e-35 1.0000000180025095e-35
decision_type=2 2 2 2 2 2 2
left_child=1 2 -1 4 -2 -3 -5
right_child=3 5 -4 6 -6 -7 -8
leaf_value=-0.065539495689460256 0.099937022224227498 0.027908906293914071 0.035140839331344736 0.11522062682202405 -0.13162394023076154 -0.10957796585628894 -0.068783132473033928
leaf_weight=12953.510565444827 878.04157622158527 368.24545526504517 7463.2853360772133 17117.56299996376 376.3237821534276 12924.249243736267 25.659397080540657
leaf_count=76562 6010 1858 36838 145772 1780 94929 172
internal_value=0.000307318 -0.0591139 -0.0287362 0.10918 0.0304166 -0.105767 0.114941
internal_weight=52106.9 33709.3 20416.8 18397.6 1254.37 13292.5 17143.2
internal_count=363921 210187 113400 153734 7790 96787 145944
is_linear=0
shrinkage=0.1


Tree=14
num_leaves=8
num_cat=0
split_feature=50 34 81 56 15 42 64
split_gain=29544.6 4663.23 2342.61 2062.86 1407.52 319.847 249.289
threshold=1.0000000180025095e-35 1.0000000180025095e-35 1.0000000180025095e-35 1.0000000180025095e-35 1.0000000180025095e-35 1.0000000180025095e-35 1.0000000180025095e-35
decision_type=2 2 2 2 2 2 2
left_child=1 3 -3 -1 6 -6 -2
right_child=4 2 -4 -5 5 -7 -8
leaf_value=0.081868214167930053 -0.053530057103447284 -0.094906391246381103 -0.032158745959295569 -0.035345647193584316 0.10833542071057363 -0.10257324496223932 0.11347103865306081
leaf_weight=3045.9454028382897 89.336640760302544 17434.90924012661 9034.0700188428164 2959.2833361029625 87.688360989093781 381.44182600080967 16314.092064656317
leaf_count=16868 471 128441 51944 14080 424 2776 148917
internal_value=0.000330585 -0.0554429 -0.0734922 0.0241108 0.107673 -0.0630043 0.112558
internal_weight=49346.8 32474.2 26469 6005.23 16872.6 469.13 16403.4
internal_count=363921 211333 180385 30948 152588 3200 149388
is_linear=0
shrinkage=0.1


Tree=15
num_leaves=8
num_cat=0
split_feature=50 20 63 16 53 42 64
split_gain=25829.1 4527.19 4166.08 1270.92 372.188 317.075 199.638
threshold=1.0000000180025095e-35 1.0000000180025095e-35 1.0000000180025095e-35 1.0000000180025095e-35 1.0000000180025095e-35 1.0000000180025095e-35 1.0000000180025095e-35
decision_type=2 2 2 2 2 2 2
left_child=1 2 -1 6 -3 -5 -2
right_child=3 4 -4 5 -6 -7 -8
leaf_value=-0.070032885870819475 -0.043641199705155884 -0.10640120759500211 0.02148194937466822 0.1009606874107991 -0.019084519489451637 -0.095819968848044418 0.11174381021878402
leaf_weight=9739.5837597697973 82.659137964248657 10826.651681490242 10165.583280175924 103.37834364175797 511.72515390068293 380.55622772872448 14964.333839476109
leaf_count=62720 438 90348 54687 485 3578 2901 148764
internal_value=0.000363147 -0.052029 -0.0232975 0.105757 -0.102462 -0.0536621 0.110887
internal_weight=46774.5 31243.5 19905.2 15530.9 11338.4 483.935 15047
internal_count=363921 211333 117407 152588 93926 3386 149202
is_linear=0
shrinkage=0.1


Tree=16
num_leaves=8
num_cat=0
split_feature=50 19 83 22 53 95 40
split_gain=22597.2 4225.2 3971.54 1170.22 349.71 342.322 120.268
threshold=1.0000000180025095e-35 1.0000000180025095e-35 1.0000000180025095e-35 1.0000000180025095e-35 1.0000000180025095e-35 1.0000000180025095e-35 1.0000000180025095e-35
decision_type=2 2 2 2 2 2 2
left_child=1 2 -1 6 -3 -5 -2
right_child=3 4 -4 5 -6 -7 -8
leaf_value=-0.059165229638573326 -0.020387894708486953 -0.1062719001229121 0.031132114960643567 -0.1421186413074047 -0.019244916459888736 0.018782937341289333 0.11079413026528971
leaf_weight=11969.818287461996 69.961329445242882 9471.525166362524 8211.7592494487762 187.41610778868198 485.92314162105322 442.7387263700366 13583.559762537479
leaf_count=79234 316 85634 42997 1255 3468 3486 147531
internal_value=0.000373456 -0.0487262 -0.0224241 0.103972 -0.102027 -0.0292206 0.110121
internal_weight=44422.7 30139 20181.6 14283.7 9957.45 630.155 13653.5
internal_count=363921 211333 122231 152588 89102 4741 147847
is_linear=0
shrinkage=0.1


Tree=17
num_leaves=8
num_cat=0
split_feature=66 13 47 57 36 40 55
split_gain=19800.9 3841.34 3907.92 770.173 948.403 523.056 61.6687
threshold=1.0000000180025095e-35 1.0000000180025095e-35 1.0000000180025095e-35 1.0000000180025095e-35 1.0000000180025095e-35 1.0000000180025095e-35 1.0000000180025095e-35
decision_type=2 2 2 2 2 2 2
left_child=1 2 -1 4 -2 -3 -5
right_child=3 5 -4 6 -6 -7 -8
leaf_value=-0.10005478632149606 0.094031567497457738 0.02324451675304387 0.0017645595837152851 -0.12975269842884976 -0.088930863665515003 -0.1082356130147671 0.10946478270096759
leaf_weight=4967.5866724178195 754.52456823736429 314.10049062222242 15619.550012394786 9.9951484128832799 452.34653666615486 8018.9296333193779 12031.319866463542
leaf_count=34161 6216 1801 95439 61 2247 78786 145210
internal_value=0.000382509 -0.0459969 -0.0228077 0.101622 0.0254387 -0.103277 0.109255
internal_weight=42168.4 28920.2 20587.1 13248.2 1206.87 8333.03 12041.3
internal_count=363921 210187 129600 153734 8463 80587 145271
is_linear=0
shrinkage=0.1


Tree=18
num_leaves=8
num_cat=0
split_feature=50 19 63 64 53 24 35
split_gain=17549.6 3639.29 3548.86 1005.37 367.692 296.287 125.608
threshold=1.0000000180025095e-35 1.0000000180025095e-35 1.0000000180025095e-35 1.0000000180025095e-35 1.0000000180025095e-35 1.0000000180025095e-35 1.0000000180025095e-35
decision_type=2 2 2 2 2 2 2
left_child=1 2 -1 6 -3 -5 -2
right_child=3 4 -4 5 -6 -7 -8
leaf_value=-0.063384084853661968 0.078873993972614798 -0.1021070802127609 0.021936982595258246 0.10862176940424809 -0.0098673552521927905 0.027980386285836507 -0.12204785952310415
leaf_weight=9387.4986574500799 35.46066027879715 8127.7482397258282 10139.748276546597 11358.064467273653 456.66862727701664 475.50637006759644 221.81434274464846
leaf_count=65808 156 85634 56423 146605 3468 3912 1915
internal_value=0.000390851 -0.0429395 -0.0190813 0.101131 -0.0972019 0.105384 -0.0941563
internal_weight=40202.5 28111.7 19527.2 12090.8 8584.42 11833.6 257.275
internal_count=363921 211333 122231 152588 89102 150517 2071
is_linear=0
shrinkage=0.1


Tree=19
num_leaves=8
num_cat=0
split_feature=75 57 46 65 49 38 55
split_gain=15532.9 3743.71 2745.83 2286.16 2124.2 1394.73 214.833
threshold=1.0000000180025095e-35 1.0000000180025095e-35 1.0000000180025095e-35 1.0000000180025095e-35 1.0000000180025095e-35 1.0000000180025095e-35 1.0000000180025095e-35
decision_type=2 2 2 2 2 2 2
left_child=2 4 5 -4 -2 -1 -3
right_child=1 6 3 -5 -6 -7 -8
leaf_value=0.023113085811633408 -0.11870673563669257 -0.14103579082720563 -0.04121339951341603 0.13433341331090859 0.03528392062044261 -0.083079195029502992 0.10709787025625109
leaf_weight=1340.4030830785632 1044.3597670644522 34.192478276789188 1906.0519658848643 1213.2493681460619 6260.2362596020103 15944.341240748763 10572.706042788923
leaf_count=9915 7054 250 13356 6656 36731 141452 148507
internal_value=0.000393661 0.0683483 -0.05926 0.0270865 0.0132542 -0.0748433 0.106285
internal_weight=38315.5 17911.5 20404 3119.3 7304.6 17284.7 10606.9
internal_count=363921 192542 171379 20012 43785 151367 148757
is_linear=0
shrinkage=0.1


Tree=20
num_leaves=8
num_cat=0
split_feature=34 56 81 94 9 4 55
split_gain=13739.4 3434.65 3159.69 2735.94 2497.62 1094.3 850.782
threshold=1.0000000180025095e-35 1.0000000180025095e-35 1.0000000180025095e-35 1.0000000180025095e-35 1.0000000180025095e-35 1.0000000180025095e-35 1.0000000180025095e-35
decision_type=2 2 2 2 2 2 2
left_child=1 6 3 -2 -4 -3 -1
right_child=2 5 4 -5 -6 -7 -8
leaf_value=-0.0054990604932621838 0.032345739610584734 -0.13367785779064131 0.02411495728315494 -0.098605554286193331 -0.10455414754433111 0.012516824792642973 0.10771581535177166
leaf_weight=706.98757691681385 1856.8695704117417 674.01051406562328 7086.5042994841933 11313.869124978781 1915.5632403306663 2119.6381779536605 10831.084236819297
leaf_count=3710 14236 3498 46091 116637 19639 10774 149336
internal_value=0.000386754 0.0766919 -0.0489354 -0.0801424 -0.0032733 -0.0227901 0.100779
internal_weight=36504.5 14331.7 22172.8 13170.7 9002.07 2793.65 11538.1
internal_count=363921 167318 196603 130873 65730 14272 153046
is_linear=0
shrinkage=0.1


Tree=21
num_leaves=8
num_cat=0
split_feature=50 47 13 24 37 95 40
split_gain=11991.4 3236.77 3273.21 842.398 636.521 389.741 110.801
threshold=1.0000000180025095e-35 1.0000000180025095e-35 1.0000000180025095e-35 1.0000000180025095e-35 1.0000000180025095e-35 1.0000000180025095e-35 1.0000000180025095e-35
decision_type=2 2 2 2 2 2 2
left_child=1 4 -3 6 -1 -5 -2
right_child=3 2 -4 5 -6 -7 -8
leaf_value=0.23310033116805837 -0.028101953153771637 0.0067451983238076448 -0.093665401652792829 -0.14306148479402936 -0.10112343307023025 0.033451247770127819 0.10568914403383114
leaf_weight=56.600783735513687 61.963775463402271 14965.557860903442 4144.8159243874252 172.64550206065178 6170.4135618060827 446.45852074027061 8720.1173523291945
leaf_count=378 285 99064 51193 1341 60698 4386 146576
internal_value=0.00034742 -0.0354409 -0.0150364 0.096795 -0.0980485 -0.015923 0.104742
internal_weight=34738.6 25337.4 19110.4 9401.19 6227.01 619.104 8782.08
internal_count=363921 211333 150257 152588 61076 5727 146861
is_linear=0
shrinkage=0.1


Tree=22
num_leaves=8
num_cat=0
split_feature=35 56 83 94 9 4 84
split_gain=10731.5 2879.38 2748.91 2537.6 2013.33 913.392 809.344
threshold=1.0000000180025095e-35 1.0000000180025095e-35 1.0000000180025095e-35 1.0000000180025095e-35 1.0000000180025095e-35 1.0000000180025095e-35 1.0000000180025095e-35
decision_type=2 2 2 2 2 2 2
left_child=1 6 3 -2 -4 -3 -1
right_child=2 5 4 -5 -6 -7 -8
leaf_value=-0.011105720967555438 0.032132142844065792 -0.12919921192469738 0.021854733989523246 -0.094261305369330139 -0.10073099110027282 0.012335969838821813 0.10607102503510546
leaf_weight=629.55427116155624 1881.936799608171 588.7175630107522 7170.0991240888834 10169.805322483182 1646.6126555912197 2009.6738370060921 9211.8480616956949
leaf_count=3271 14390 3305 47677 116874 19746 10266 148392
internal_value=0.000341415 0.0738559 -0.0434824 -0.0745233 -0.00104825 -0.019769 0.0985749
internal_weight=33308.2 12439.8 20868.5 12051.7 8816.71 2598.39 9841.4
internal_count=363921 165234 198687 131264 67423 13571 151663
is_linear=0
shrinkage=0.1


Tree=23
num_leaves=8
num_cat=0
split_feature=50 48 13 64 37 28 35
split_gain=9364.95 2944 2801.59 758.197 520.191 254.116 94.5554
threshold=1.0000000180025095e-35 1.0000000180025095e-35 1.0000000180025095e-35 1.0000000180025095e-35 1.0000000180025095e-35 1.0000000180025095e-35 1.0000000180025095e-35
decision_type=2 2 2 2 2 2 2
left_child=1 4 -3 6 -1 -5 -2
right_child=3 2 -4 5 -6 -7 -8
leaf_value=0.20395668209189577 0.058212582490830805 0.0050629689628454598 -0.090592401105785994 0.10394608539579311 -0.10682967461383136 0.028140307945120291 -0.11968589059618484
leaf_weight=53.618037067353725 35.142367243766785 15419.978238403797 3819.4533543288708 7274.9035452492535 4524.5869152061641 471.77178025990725 180.30669915676117
leaf_count=346 156 105664 54485 145984 50838 4533 1915
internal_value=0.00030378 -0.031083 -0.0139305 0.0941854 -0.103146 0.0993337 -0.0905336
internal_weight=31779.8 23817.6 19239.4 7962.12 4578.2 7746.68 215.449
internal_count=363921 211333 160149 152588 51184 150517 2071
is_linear=0
shrinkage=0.1


Tree=24
num_leaves=8
num_cat=0
split_feature=35 54 89 56 92 4 55
split_gain=8355.67 2567.25 3092.23 2479.74 2381.67 775.611 743.457
threshold=1.0000000180025095e-35 1.0000000180025095e-35 1.0000000180025095e-35 1.0000000180025095e-35 1.0000000180025095e-35 1.0000000180025095e-35 1.0000000180025095e-35
decision_type=2 2 2 2 2 2 2
left_child=3 2 -2 6 -3 -5 -1
right_child=1 4 -4 5 -6 -7 -8
leaf_value=-0.0055530312367486068 -0.080412749550061766 -0.052212632651495311 0.1086182080594521 -0.12322945116536362 0.064788909041449794 0.01166144931900296 0.10407082120281981
leaf_weight=671.3609677106142 11564.212063316256 3300.531288869679 934.51216569915414 540.51938838511705 3676.9785294421017 2002.1298944614828 7863.9406836591661
leaf_count=3634 125894 36174 6722 3305 29897 10266 148029
internal_value=0.000292559 -0.0391465 -0.0662716 0.069628 0.00944479 -0.017051 0.0954485
internal_weight=30554.2 19476.2 12498.7 11078 6977.51 2542.65 8535.3
internal_count=363921 198687 132616 165234 66071 13571 151663
is_linear=0
shrinkage=0.1


end of trees

feature_importances:
V10_lt=_0.567154198884964=12
V12_lt=_-1.4592942595481873=9
V10_lt=_-1.7240893840789795=8
V4_lt=_1.779853105545044=7
V10_lt=_-1.408359408378601=6
V4_lt=_0.7523619830608368=5
V7_lt=_2.096619963645935=5
V11_lt=_0.28784188628196716=5
V12_lt=_0.3119194656610489=5
V4_lt=_-0.4713319092988968=4
V4_lt=_-0.24416956305503845=4
V4_lt=_1.765186846256256=4
V7_lt=_2.2863523960113525=4
V14_lt=_-1.812438189983368=4
V14_lt=_-0.4301060438156128=4
Amount_lt=_0.5276917517185211=4
V3_lt=_1.2530920505523682=3
V4_lt=_-0.03460181504487991=3
V8_lt=_0.20063983649015427=3
V14_lt=_-2.7358014583587646=3
V14_lt=_-0.42706455290317535=3
V4_lt=_-0.45784682035446167=2
V4_lt=_-0.4560656398534775=2
V4_lt=_-0.18242227286100388=2
V4_lt=_-0.09988194331526756=2
V4_lt=_-0.07750282809138298=2
V4_lt=_0.04873167723417282=2
V4_lt=_0.38157644867897034=2
V4_lt=_0.6149967312812805=2
V4_lt=_0.7563583552837372=2
V4_lt=_1.6956751942634583=2
V4_lt=_5.438603162765503=2
V8_lt=_-0.6077740788459778=2
V8_lt=_-0.4568992853164673=2
V8_lt=_0.2713486850261688=2
V10_lt=_-1.702573299407959=2
V12_lt=_-0.22093023359775543=2
V12_lt=_-0.08555150032043457=2
V12_lt=_0.024188149720430374=2
V13_lt=_-0.8007145822048187=2
V14_lt=_-1.4205476641654968=2
V14_lt=_-0.663888156414032=2
V16_lt=_0.259056881070137=2
V1_lt=_1.7035483121871948=1
V4_lt=_-0.26174306869506836=1
V4_lt=_0.3752809464931488=1
V4_lt=_0.7911962270736694=1
V4_lt=_1.5319359302520752=1
V4_lt=_1.574686348438263=1
V7_lt=_1.0921882390975952=1
V7_lt=_2.1766912937164307=1
V8_lt=_-0.45575150847435=1
V8_lt=_0.27248212695121765=1
V10_lt=_-0.5482346713542938=1
V12_lt=_-0.1018875278532505=1
V14_lt=_-1.8273465633392334=1
V14_lt=_-1.7704376578330994=1
V14_lt=_-1.7583861351013184=1
V14_lt=_-1.5734373927116394=1
V14_lt=_-1.4366859793663025=1
V14_lt=_-1.3845648169517517=1
V14_lt=_-0.8144704699516296=1
V14_lt=_-0.7145193219184875=1
V14_lt=_-0.6914466023445129=1
V14_lt=_0.27475060522556305=1
V17_lt=_0.714995414018631=1
V20_lt=_-0.8322816491127014=1
V20_lt=_-0.6614554822444916=1
V26_lt=_-0.18282698839902878=1

parameters:
[boosting: gbdt]
[objective: binary]
[metric: binary_logloss]
[tree_learner: serial]
[device_type: cpu]
[data_sample_strategy: bagging]
[data: ]
[valid: ]
[num_iterations: 25]
[learning_rate: 0.1]
[num_leaves: 31]
[num_threads: 8]
[seed: 42]
[deterministic: 0]
[force_col_wise: 0]
[force_row_wise: 0]
[histogram_pool_size: -1]
[max_depth: 3]
[min_data_in_leaf: 20]
[min_sum_hessian_in_leaf: 0.001]
[bagging_fraction: 1]
[pos_bagging_fraction: 1]
[neg_bagging_fraction: 1]
[bagging_freq: 0]
[bagging_seed: 400]
[bagging_by_query: 0]
[feature_fraction: 1]
[feature_fraction_bynode: 1]
[feature_fraction_seed: 30056]
[extra_trees: 0]
[extra_seed: 12879]
[early_stopping_round: 0]
[early_stopping_min_delta: 0]
[first_metric_only: 0]
[max_delta_step: 0]
[lambda_l1: 0]
[lambda_l2: 1]
[linear_lambda: 0]
[min_gain_to_split: 0]
[drop_rate: 0.1]
[max_drop: 50]
[skip_drop: 0.5]
[xgboost_dart_mode: 0]
[uniform_drop: 0]
[drop_seed: 17869]
[top_rate: 0.2]
[other_rate: 0.1]
[min_data_per_group: 100]
[max_cat_threshold: 32]
[cat_l2: 10]
[cat_smooth: 10]
[max_cat_to_onehot: 4]
[top_k: 20]
[monotone_constraints: ]
[monotone_constraints_method: basic]
[monotone_penalty: 0]
[feature_contri: ]
[forcedsplits_filename: ]
[refit_decay_rate: 0.9]
[cegb_tradeoff: 1]
[cegb_penalty_split: 0]
[cegb_penalty_feature_lazy: ]
[cegb_penalty_feature_coupled: ]
[path_smooth: 0]
[interaction_constraints: ]
[verbosity: -1]
[saved_feature_importance_type: 0]
[use_quantized_grad: 0]
[num_grad_quant_bins: 4]
[quant_train_renew_leaf: 0]
[stochastic_rounding: 1]
[linear_tree: 0]
[max_bin: 255]
[max_bin_by_feature: ]
[min_data_in_bin: 3]
[bin_construct_sample_cnt: 200000]
[data_random_seed: 175]
[is_enable_sparse: 1]
[enable_bundle: 1]
[use_missing: 1]
[zero_as_missing: 0]
[feature_pre_filter: 1]
[pre_partition: 0]
[two_round: 0]
[header: 0]
[label_column: ]
[weight_column: ]
[group_column: ]
[ignore_column: ]
[categorical_feature: ]
[forcedbins_filename: ]
[precise_float_parser: 0]
[parser_config_file: ]
[objective_seed: 16083]
[num_class: 1]
[is_unbalance: 0]
[scale_pos_weight: 1]
[sigmoid: 1]
[boost_from_average: 1]
[reg_sqrt: 0]
[alpha: 0.9]
[fair_c: 1]
[poisson_max_delta_step: 0.7]
[tweedie_variance_power: 1.5]
[lambdarank_truncation_level: 30]
[lambdarank_norm: 1]
[label_gain: ]
[lambdarank_position_bias_regularization: 0]
[eval_at: ]
[multi_error_top_k: 1]
[auc_mu_weights: ]
[num_machines: 1]
[local_listen_port: 12400]
[time_out: 120]
[machine_list_filename: ]
[machines: ]
[gpu_platform_id: -1]
[gpu_device_id: -1]
[gpu_use_dp: 0]
[num_gpu: 1]

end of parameters

pandas_categorical:[]
