tree
version=v4
num_class=1
num_tree_per_iteration=1
label_index=0
max_feature_idx=6
objective=binary sigmoid:1
feature_names=V12_lt=_-2.1808799505233765 V14_lt=_-7.754872560501099 V14_lt=_-3.1820223331451416 V17_lt=_-3.326195001602173 V17_lt=_-3.0959043502807617 V17_lt=_-2.70379102230072 V26_lt=_-0.2276749685406685
feature_infos=[0:1] [0:1] [0:1] [0:1] [0:1] [0:1] [0:1]
tree_sizes=782 802 694 803 902 902 906 907 909 909 908 799 803 800 683 692 591 692 693 689 808 807 809 1028 805

Tree=0
num_leaves=6
num_cat=0
split_feature=5 2 0 0 0
split_gain=45277 1276.4 934.63 654.98 0.0621909
threshold=1.0000000180025095e-35 1.0000000180025095e-35 1.0000000180025095e-35 1.0000000180025095e-35 1.0000000180025095e-35
decision_type=2 2 2 2 2
left_child=1 4 -2 -3 -1
right_child=2 3 -4 -5 -6
leaf_value=-6.4431198418228099 -6.1740528007966251 -5.8364120724440314 10.85034034559845 -2.4348468376670906 -6.4206613020579972
leaf_weight=375.8161840881221 0.055240176618098213 1.893702304689213 0.55412802170030773 0.14327920810319472 14.856154999230055
leaf_count=217706 32 1097 321 83 8606
internal_value=-6.35834 -6.42676 10.3805 -4.38403 -6.44243
internal_weight=393.319 392.709 0.609368 2.03698 390.672
internal_count=227845 227492 353 1180 226312
is_linear=0
shrinkage=1


Tree=1
num_leaves=6
num_cat=0
split_feature=4 2 0 1 0
split_gain=2518.68 356.244 197.692 28.1505 0.101306
threshold=1.0000000180025095e-35 1.0000000180025095e-35 1.0000000180025095e-35 1.0000000180025095e-35 1.0000000180025095e-35
decision_type=2 2 2 2 2
left_child=1 4 -2 -3 -1
right_child=2 3 -4 -5 -6
leaf_value=-0.083413320231558272 0.092794374560712517 0.33017430244433355 -5.2679302137318054 0.80168078671380438 -0.060048857398762326
leaf_weight=345.36458524363115 0.037334321066736176 7.0556924454722303 0.0059743535821326068 2.3048337419459131 13.961465821834279
leaf_count=217706 18 1167 308 40 8606
internal_value=-0.080285 -0.06622 -4.98716 0.512445 -0.0826747
internal_weight=368.73 368.687 0.0433087 9.36053 359.326
internal_count=227845 227519 326 1207 226312
is_linear=0
shrinkage=0.1


Tree=2
num_leaves=5
num_cat=0
split_feature=4 2 1 0
split_gain=1109.61 231.604 8.20779 0.137466
threshold=1.0000000180025095e-35 1.0000000180025095e-35 1.0000000180025095e-35 1.0000000180025095e-35
decision_type=2 2 2 2
left_child=1 3 -3 -1
right_child=-2 2 -4 -5
leaf_value=-0.081953076727415919 -2.3220612308531465 0.2278373687797505 0.45492574336823921 -0.057740395735789124
leaf_weight=317.80616656993516 1.1914251912385214 9.4833688813014287 4.2569774037019661 13.150261491304262
leaf_count=217706 326 1167 40 8606
internal_value=-0.0785636 -0.0641144 0.324283 -0.0811678
internal_weight=345.888 344.697 13.7403 330.956
internal_count=227845 227519 1207 226312
is_linear=0
shrinkage=0.1


Tree=3
num_leaves=6
num_cat=0
split_feature=4 2 6 1 0
split_gain=88.3247 172.133 129.079 5.29755 0.170234
threshold=1.0000000180025095e-35 1.0000000180025095e-35 1.0000000180025095e-35 1.0000000180025095e-35 1.0000000180025095e-35
decision_type=2 2 2 2 2
left_child=1 4 -2 -3 -1
right_child=2 3 -4 -5 -6
leaf_value=-0.080397609695782676 -0.081534968740974711 0.17112137666133148 -0.77823775595139144 0.32792082708040093 -0.055406491927661464
leaf_weight=292.86700672074221 7.6529576309840177 11.560937073728384 3.3130978084227536 5.6092612767079109 12.414597176481037
leaf_count=217706 219 1167 107 40 8606
internal_value=-0.0721099 -0.0619959 -0.339471 0.237574 -0.0795655
internal_weight=333.418 322.452 10.9661 17.1702 305.282
internal_count=227845 227519 326 1207 226312
is_linear=0
shrinkage=0.1


Tree=4
num_leaves=7
num_cat=0
split_feature=2 4 3 6 1 0
split_gain=53.2795 97.7114 60.541 30.3912 4.53335 0.231794
threshold=1.0000000180025095e-35 1.0000000180025095e-35 1.0000000180025095e-35 1.0000000180025095e-35 1.0000000180025095e-35 1.0000000180025095e-35
decision_type=2 2 2 2 2 2
left_child=2 4 5 -3 -2 -1
right_child=1 3 -4 -5 -6 -7
leaf_value=-0.078745401765083989 0.1347888940547611 -0.01315410719450928 -0.57414829689089319 -0.30673943582661223 0.26084880908324681 -0.052585433415948804
leaf_weight=270.29931807114917 13.366742672903458 7.559718492368118 1.5073595422290953 5.7660227622982347 6.543669049973686 11.785659619374199
leaf_count=217707 1167 198 36 90 40 8607
internal_value=-0.0684623 0.0501293 -0.0824882 -0.152732 0.186712 -0.077842
internal_weight=316.828 33.2362 283.592 13.3257 19.9104 282.085
internal_count=227845 1495 226350 288 1207 226314
is_linear=0
shrinkage=0.1


Tree=5
num_leaves=7
num_cat=0
split_feature=2 4 3 6 1 0
split_gain=48.559 71.9933 31.98 17.5248 4.24077 0.257709
threshold=1.0000000180025095e-35 1.0000000180025095e-35 1.0000000180025095e-35 1.0000000180025095e-35 1.0000000180025095e-35 1.0000000180025095e-35
decision_type=2 2 2 2 2 2
left_child=2 4 5 -3 -2 -1
right_child=1 3 -4 -5 -6 -7
leaf_value=-0.076995783036299156 0.10945391941611089 -0.011857876830861928 -0.38599441097722254 -0.22259338861608088 0.21899465179316191 -0.050212008702759409
leaf_weight=249.8779946705472 14.950113080599296 7.6517093952134001 2.4403982536932736 7.4189273157753632 7.1673850687088807 11.187343014637007
leaf_count=217707 1167 198 36 90 40 8607
internal_value=-0.0652935 0.0407935 -0.080363 -0.122994 0.152889 -0.076044
internal_weight=300.694 37.1881 263.506 15.0706 22.1175 261.065
internal_count=227845 1495 226350 288 1207 226314
is_linear=0
shrinkage=0.1


Tree=6
num_leaves=7
num_cat=0
split_feature=2 4 3 6 1 0
split_gain=44.3131 54.5353 18.11 11.1283 4.07209 0.279074
threshold=1.0000000180025095e-35 1.0000000180025095e-35 1.0000000180025095e-35 1.0000000180025095e-35 1.0000000180025095e-35 1.0000000180025095e-35
decision_type=2 2 2 2 2 2
left_child=2 4 5 -3 -2 -1
right_child=1 3 -4 -5 -6 -7
leaf_value=-0.075149073272189434 0.090774151287101354 -0.010699788978345861 -0.28537236984451314 -0.17256594717688045 0.1901746552024742 -0.047845941732918756
leaf_weight=231.39989735292329 16.346547787919921 7.7355060655390853 3.2690979140716072 8.8143564857418824 7.5560012873875158 10.644683444639666
leaf_count=217707 1167 198 36 90 40 8607
internal_value=-0.0621601 0.0341273 -0.0781121 -0.101829 0.128571 -0.0741501
internal_weight=285.766 40.4524 245.314 16.5499 23.9025 242.045
internal_count=227845 1495 226350 288 1207 226314
is_linear=0
shrinkage=0.1


Tree=7
num_leaves=7
num_cat=0
split_feature=2 4 3 6 1 0
split_gain=40.3946 42.1088 10.6951 7.50977 3.9301 0.295725
threshold=1.0000000180025095e-35 1.0000000180025095e-35 1.0000000180025095e-35 1.0000000180025095e-35 1.0000000180025095e-35 1.0000000180025095e-35
decision_type=2 2 2 2 2 2
left_child=2 4 5 -3 -2 -1
right_child=1 3 -4 -5 -6 -7
leaf_value=-0.073206753437488101 0.076448847245735405 -0.0096631856933312686 -0.22437470881527266 -0.13920823407214955 0.16896785909543593 -0.045497678630383641
leaf_weight=214.68082350160694 17.5833450444884 7.8118320739740748 3.9699711494740759 10.00080674696801 7.7663793992478523 10.152381654363124
leaf_count=217707 1167 198 36 90 40 8607
internal_value=-0.0590788 0.0291053 -0.0757685 -0.0859291 0.110131 -0.0721626
internal_weight=271.966 43.1624 228.803 17.8126 25.3497 224.833
internal_count=227845 1495 226350 288 1207 226314
is_linear=0
shrinkage=0.1


Tree=8
num_leaves=7
num_cat=0
split_feature=2 4 3 6 1 0
split_gain=36.7362 32.9671 6.43683 5.28355 3.78371 0.307599
threshold=1.0000000180025095e-35 1.0000000180025095e-35 1.0000000180025095e-35 1.0000000180025095e-35 1.0000000180025095e-35 1.0000000180025095e-35
decision_type=2 2 2 2 2 2
left_child=2 4 5 -3 -2 -1
right_child=1 3 -4 -5 -6 -7
leaf_value=-0.071171481312018628 0.06513898247982608 -0.0087338255525473453 -0.18360949285961664 -0.11529121284271171 0.15258492885250718 -0.043177283158890155
leaf_weight=199.55400740155892 18.682312496794115 7.8813493506313543 4.5528243895623737 11.014612447881518 7.8423938095424992 9.7056436741258931
leaf_count=217707 1167 198 36 90 40 8607
internal_value=-0.0560534 0.0251732 -0.0733454 -0.0735198 0.0955978 -0.0700846
internal_weight=259.233 45.4207 213.812 18.896 26.5247 209.26
internal_count=227845 1495 226350 288 1207 226314
is_linear=0
shrinkage=0.1


Tree=9
num_leaves=7
num_cat=0
split_feature=2 4 3 6 1 0
split_gain=33.3074 26.0791 3.87705 3.83088 3.62354 0.314746
threshold=1.0000000180025095e-35 1.0000000180025095e-35 1.0000000180025095e-35 1.0000000180025095e-35 1.0000000180025095e-35 1.0000000180025095e-35
decision_type=2 2 2 2 2 2
left_child=2 4 5 -3 -2 -1
right_child=1 3 -4 -5 -6 -7
leaf_value=-0.069047197959800286 0.056009207496893802 -0.0078993626040327492 -0.15438845866721357 -0.097265154806183751 0.13944085560162303 -0.04089420457728031
leaf_weight=185.86851087416289 19.661321267578845 7.944661853412982 5.0337083130270903 11.884356636597659 7.8182565854133363 9.3001378807239217
leaf_count=217707 1167 198 36 90 40 8607
internal_value=-0.0530862 0.0220042 -0.0708515 -0.0635583 0.0838092 -0.067921
internal_weight=247.511 47.3086 200.202 19.829 27.4796 195.169
internal_count=227845 1495 226350 288 1207 226314
is_linear=0
shrinkage=0.1


Tree=10
num_leaves=7
num_cat=0
split_feature=2 4 1 1 3 4
split_gain=30.0945 20.7953 3.61113 3.44837 2.29604 0.0924547
threshold=1.0000000180025095e-35 1.0000000180025095e-35 1.0000000180025095e-35 1.0000000180025095e-35 1.0000000180025095e-35 1.0000000180025095e-35
decision_type=2 2 2 2 2 2
left_child=4 3 -3 -2 5 -1
right_child=1 2 -4 -5 -6 -7
leaf_value=-0.065723750525567115 0.048509673293035398 -0.012698155896468799 -0.095803019742609866 0.12856757183045225 -0.13233945021413251 0.0049627387196028066
leaf_weight=182.36996030621231 20.535276311329202 10.674513294747157 9.9608946517109871 7.7207450207306456 5.4285718823193738 0.049627962187513641
leaf_count=226312 1167 145 143 40 36 2
internal_value=-0.05018 0.019393 -0.0553875 0.0740317 -0.0682946 -0.0656776
internal_weight=236.74 48.8914 20.6354 28.256 187.848 182.42
internal_count=227845 1495 288 1207 226350 226314
is_linear=0
shrinkage=0.1


Tree=11
num_leaves=6
num_cat=0
split_feature=2 4 1 6 4
split_gain=27.0961 16.6731 3.2603 2.91496 1.20964
threshold=1.0000000180025095e-35 1.0000000180025095e-35 1.0000000180025095e-35 1.0000000180025095e-35 1.0000000180025095e-35
decision_type=2 2 2 2 2
left_child=4 2 -2 -3 -1
right_child=1 3 -4 -5 -6
leaf_value=-0.063402029757398934 0.042262687147770824 -0.0017132609896317764 0.11934060046669331 -0.076300868237495614 -0.11344848137604453
leaf_weight=170.7868995887693 21.316779682435939 8.4414734664460411 7.5708136442640344 13.018875482495787 5.8010605904673858
leaf_count=226312 1167 198 40 90 38
internal_value=-0.0473073 0.0171416 0.0657802 -0.0483442 -0.0656757
internal_weight=226.936 50.3479 28.8876 21.4603 176.588
internal_count=227845 1495 1207 288 226350
is_linear=0
shrinkage=0.1


Tree=12
num_leaves=6
num_cat=0
split_feature=2 4 1 1 4
split_gain=24.296 13.4425 3.06269 2.69723 0.616391
threshold=1.0000000180025095e-35 1.0000000180025095e-35 1.0000000180025095e-35 1.0000000180025095e-35 1.0000000180025095e-35
decision_type=2 2 2 2 2
left_child=4 2 -2 -3 -1
right_child=1 3 -4 -5 -6
leaf_value=-0.061015412720842079 0.036999562311837007 -0.0065057735354300903 0.11133979058586729 -0.075586330381795908 -0.099661617935897201
leaf_weight=160.30970547336619 22.016599446092645 11.107403962130775 7.3848117380841805 10.959998816251755 6.0662777277057094
leaf_count=226312 1167 145 40 143 38
internal_value=-0.0445257 0.0152926 0.0587199 -0.0426047 -0.0630115
internal_weight=217.845 51.4688 29.4014 22.0674 166.376
internal_count=227845 1495 1207 288 226350
is_linear=0
shrinkage=0.1


Tree=13
num_leaves=6
num_cat=0
split_feature=2 4 1 1 4
split_gain=21.7061 10.8762 2.85925 2.03958 0.25039
threshold=1.0000000180025095e-35 1.0000000180025095e-35 1.0000000180025095e-35 1.0000000180025095e-35 1.0000000180025095e-35
decision_type=2 2 2 2 2
left_child=4 2 -2 -3 -1
right_child=1 3 -4 -5 -6
leaf_value=-0.058573673042591284 0.032523545030054161 -0.0058831617175329476 0.10427299662521393 -0.065221212286716679 -0.088245217542031809
leaf_weight=150.83347203070298 22.644016452215968 11.157651992311003 7.1754307277210492 11.556163661181927 6.2829494530906222
leaf_count=226312 1167 145 40 143 38
internal_value=-0.0417998 0.0136553 0.0526117 -0.03755 -0.0603108
internal_weight=209.65 52.5333 29.8194 22.7138 157.116
internal_count=227845 1495 1207 288 226350
is_linear=0
shrinkage=0.1


Tree=14
num_leaves=5
num_cat=0
split_feature=2 6 1 1
split_gain=19.3142 6.75387 13.7954 4.90235
threshold=1.0000000180025095e-35 1.0000000180025095e-35 1.0000000180025095e-35 1.0000000180025095e-35
decision_type=2 2 2 2
left_child=-1 3 -3 -2
right_child=1 2 -4 -5
leaf_value=-0.057584789917795379 0.0083207824209465611 0.023588872953346832 -0.12419697376751614 0.095980382545497123
leaf_weight=148.72273139843583 14.0246042792769 20.385671137137706 8.0028381049633044 11.03457599307103
leaf_count=226350 454 858 42 141
internal_value=-0.0391559 0.01224 -0.020881 0.0491228
internal_weight=202.17 53.4477 28.3885 25.0592
internal_count=227845 1495 900 595
is_linear=0
shrinkage=0.1


Tree=15
num_leaves=5
num_cat=0
split_feature=2 4 1 1
split_gain=17.0196 8.14813 2.55724 1.2811
threshold=1.0000000180025095e-35 1.0000000180025095e-35 1.0000000180025095e-35 1.0000000180025095e-35
decision_type=2 2 2 2
left_child=-1 2 -2 -3
right_child=1 3 -4 -5
leaf_value=-0.054893227501434085 0.026716554498615271 -0.0070839230022492683 0.094787936651320889 -0.054065570502653815
leaf_weight=140.87794131947794 23.518662551931815 11.072724879864836 6.8290788585342161 12.053103975951672
leaf_count=226350 1167 145 40 143
internal_value=-0.0367657 0.011123 0.0445696 -0.0327966
internal_weight=194.352 53.4736 30.3477 23.1258
internal_count=227845 1495 1207 288
is_linear=0
shrinkage=0.1


Tree=16
num_leaves=4
num_cat=0
split_feature=2 0 1
split_gain=15.0338 1.10459 0.0116934
threshold=1.0000000180025095e-35 1.0000000180025095e-35 1.0000000180025095e-35
decision_type=2 2 2
left_child=-1 -2 -3
right_child=1 2 -4
leaf_value=-0.052181471031324901 0.033329446329467133 -0.00021046818491146299 0.0031466686812488768
leaf_weight=133.80645553812155 13.857373304061182 21.481494160411785 18.858627589818752
leaf_count=226350 1121 194 180
internal_value=-0.0342927 0.0100176 0.00139711
internal_weight=188.004 54.1975 40.3401
internal_count=227845 1495 374
is_linear=0
shrinkage=0.1


Tree=17
num_leaves=5
num_cat=0
split_feature=2 4 1 6
split_gain=13.1647 6.31813 2.5236 1.56781
threshold=1.0000000180025095e-35 1.0000000180025095e-35 1.0000000180025095e-35 1.0000000180025095e-35
decision_type=2 2 2 2
left_child=-1 2 -2 -3
right_child=1 3 -4 -5
leaf_value=-0.049465498221543905 0.021442593234166835 0.0037300188507393252 0.088923434592297138 -0.048400285448970029
leaf_weight=127.43198719273278 24.444397275473879 8.9220208689075662 6.5986936808790224 14.656512331275735
leaf_count=226350 1167 198 40 90
internal_value=-0.0319711 0.00899876 0.0381142 -0.0293252
internal_weight=182.054 54.6216 31.0431 23.5785
internal_count=227845 1495 1207 288
is_linear=0
shrinkage=0.1


Tree=18
num_leaves=5
num_cat=0
split_feature=2 4 1 6
split_gain=11.5317 5.16342 2.28983 1.24102
threshold=1.0000000180025095e-35 1.0000000180025095e-35 1.0000000180025095e-35 1.0000000180025095e-35
decision_type=2 2 2 2
left_child=-1 2 -2 -3
right_child=1 3 -4 -5
leaf_value=-0.046761210100948691 0.019068358347584819 0.0034054856922238162 0.083819557410350534 -0.042823458722307417
leaf_weight=121.68568673372647 24.841450437225834 8.8919724207808031 6.3732146549452855 15.018426542428642
leaf_count=226350 1167 198 40 90
internal_value=-0.0296857 0.00816919 0.0344804 -0.0261849
internal_weight=176.811 55.1251 31.2147 23.9104
internal_count=227845 1495 1207 288
is_linear=0
shrinkage=0.1


Tree=19
num_leaves=5
num_cat=0
split_feature=2 6 1 1
split_gain=10.0566 4.20385 8.94924 4.27858
threshold=1.0000000180025095e-35 1.0000000180025095e-35 1.0000000180025095e-35 1.0000000180025095e-35
decision_type=2 2 2 2
left_child=-1 3 -3 -2
right_child=1 2 -4 -5
leaf_value=-0.044084050909287631 0.0018248690916970638 0.017596014135731874 -0.096695961519594087 0.084347403302685947
leaf_weight=116.50551583442211 14.64900133133051 22.04944824262293 8.7920848131179827 10.061094490008713
leaf_count=226350 454 858 42 141
internal_value=-0.0275046 0.00743136 -0.0169991 0.037399
internal_weight=172.057 55.5516 30.8415 24.7101
internal_count=227845 1495 900 595
is_linear=0
shrinkage=0.1


Tree=20
num_leaves=6
num_cat=0
split_feature=2 4 1 1 0
split_gain=8.6885 3.85802 1.95884 0.894935 0.00642685
threshold=1.0000000180025095e-35 1.0000000180025095e-35 1.0000000180025095e-35 1.0000000180025095e-35 1.0000000180025095e-35
decision_type=2 2 2 2 2
left_child=4 2 -2 -3 -1
right_child=1 3 -4 -5 -6
leaf_value=-0.042501869712464349 0.01581194042338728 -0.0020303610564347575 0.076502968337045021 -0.040186118141506466 -0.030131425675683367
leaf_weight=99.793217127109529 25.420481399935856 11.417361285832158 6.0197358369134681 12.60573548078537 12.042299399967304
leaf_count=217714 1167 145 40 143 8636
internal_value=-0.0255145 0.00677991 0.0294323 -0.0228578 -0.0414487
internal_weight=167.299 55.4633 31.4402 24.0231 111.836
internal_count=227845 1495 1207 288 226350
is_linear=0
shrinkage=0.1


Tree=21
num_leaves=6
num_cat=0
split_feature=2 6 1 1 0
split_gain=7.53101 3.34468 6.65376 3.80911 0.0256518
threshold=1.0000000180025095e-35 1.0000000180025095e-35 1.0000000180025095e-35 1.0000000180025095e-35 1.0000000180025095e-35
decision_type=2 2 2 2 2
left_child=4 3 -3 -2 -1
right_child=1 2 -4 -5 -6
leaf_value=-0.040029652140558598 0.00058616225399643672 0.014763689827644914 -0.082203166486722754 0.079376776598067036 -0.027613155182445732
leaf_weight=95.644340535685842 14.774628496734294 22.380850517604813 9.1966214776039141 9.5122223584775156 11.924145141500047
leaf_count=217714 454 858 42 141 8636
internal_value=-0.0235649 0.00616671 -0.0151334 0.0333641 -0.0389203
internal_weight=163.433 55.8643 31.5775 24.2869 107.568
internal_count=227845 1495 900 595 226350
is_linear=0
shrinkage=0.1


Tree=22
num_leaves=6
num_cat=0
split_feature=2 4 1 1 0
split_gain=6.47258 2.89166 1.6549 0.593969 0.0393037
threshold=1.0000000180025095e-35 1.0000000180025095e-35 1.0000000180025095e-35 1.0000000180025095e-35 1.0000000180025095e-35
decision_type=2 2 2 2 2
left_child=4 2 -2 -3 -1
right_child=1 3 -4 -5 -6
leaf_value=-0.037605383327203395 0.013190064363046792 -0.0027856650614952391 0.069813386815580122 -0.033940436361754332 -0.025285549039205629
leaf_weight=91.894517086886935 25.905955810480467 11.367177168878698 5.6838344067882067 12.764420207589865 11.817505953018552
leaf_count=217714 1167 145 40 143 8636
internal_value=-0.0218006 0.00563969 0.0252077 -0.0199598 -0.0364565
internal_weight=159.433 55.7214 31.5898 24.1316 103.712
internal_count=227845 1495 1207 288 226350
is_linear=0
shrinkage=0.1


Tree=23
num_leaves=8
num_cat=0
split_feature=2 6 1 1 0 6 6
split_gain=5.56918 2.66486 5.01269 3.37074 0.0482074 1.2609 0.5598
threshold=1.0000000180025095e-35 1.0000000180025095e-35 1.0000000180025095e-35 1.0000000180025095e-35 1.0000000180025095e-35 1.0000000180025095e-35 1.0000000180025095e-35
decision_type=2 2 2 2 2 2 2
left_child=4 3 -3 -2 6 -6 -1
right_child=1 2 -4 -5 5 -7 -8
leaf_value=-0.041132735605442533 -0.00032946095528808578 0.012441903864495112 -0.070721131989193789 0.074744296128468141 0.0047977704597207717 -0.057838110093621435 -0.022844863402781981
leaf_weight=58.415424063205137 14.880229809341472 22.670276042449586 9.4999280869960767 8.9899416641063681 6.9709031934617069 4.7502079997211695 30.090293518755061
leaf_count=143693 454 858 42 141 5392 3244 74021
internal_value=-0.0200621 0.00514365 -0.013508 0.0298132 -0.0340672 -0.0231378 -0.0352399
internal_weight=156.267 56.0404 32.1702 23.8702 100.227 11.7211 88.5057
internal_count=227845 1495 900 595 226350 8636 217714
is_linear=0
shrinkage=0.1


Tree=24
num_leaves=6
num_cat=0
split_feature=2 4 1 1 0
split_gain=4.7709 2.17273 1.38155 0.395599 0.0459134
threshold=1.0000000180025095e-35 1.0000000180025095e-35 1.0000000180025095e-35 1.0000000180025095e-35 1.0000000180025095e-35
decision_type=2 2 2 2 2
left_child=4 2 -2 -3 -1
right_child=1 3 -4 -5 -6
leaf_value=-0.03296699581669587 0.011062280834444193 -0.0032958532404324115 0.063609432237820659 -0.028819700258248534 -0.021445218490364498
leaf_weight=85.47443543782083 26.313611820844475 11.335978895091102 5.3742028676414284 12.840054906904697 11.615482407971284
leaf_count=217714 1167 145 40 143 8636
internal_value=-0.0185332 0.00471453 0.0216475 -0.017458 -0.0318213
internal_weight=152.954 55.8638 31.6878 24.176 97.0899
internal_count=227845 1495 1207 288 226350
is_linear=0
shrinkage=0.1


end of trees

feature_importances:
V14_lt=_-7.754872560501099=35
V14_lt=_-3.1820223331451416=25
V17_lt=_-3.0959043502807617=23
V12_lt=_-2.1808799505233765=19
V26_lt=_-0.2276749685406685=16
V17_lt=_-3.326195001602173=7
V17_lt=_-2.70379102230072=1

parameters:
[boosting: gbdt]
[objective: binary]
[metric: binary_logloss]
[tree_learner: serial]
[device_type: cpu]
[data_sample_strategy: bagging]
[data: ]
[valid: ]
[num_iterations: 25]
[learning_rate: 0.1]
[num_leaves: 31]
[num_threads: 8]
[seed: 42]
[deterministic: 0]
[force_col_wise: 0]
[force_row_wise: 0]
[histogram_pool_size: -1]
[max_depth: 3]
[min_data_in_leaf: 20]
[min_sum_hessian_in_leaf: 0.001]
[bagging_fraction: 1]
[pos_bagging_fraction: 1]
[neg_bagging_fraction: 1]
[bagging_freq: 0]
[bagging_seed: 400]
[bagging_by_query: 0]
[feature_fraction: 1]
[feature_fraction_bynode: 1]
[feature_fraction_seed: 30056]
[extra_trees: 0]
[extra_seed: 12879]
[early_stopping_round: 0]
[early_stopping_min_delta: 0]
[first_metric_only: 0]
[max_delta_step: 0]
[lambda_l1: 0]
[lambda_l2: 1]
[linear_lambda: 0]
[min_gain_to_split: 0]
[drop_rate: 0.1]
[max_drop: 50]
[skip_drop: 0.5]
[xgboost_dart_mode: 0]
[uniform_drop: 0]
[drop_seed: 17869]
[top_rate: 0.2]
[other_rate: 0.1]
[min_data_per_group: 100]
[max_cat_threshold: 32]
[cat_l2: 10]
[cat_smooth: 10]
[max_cat_to_onehot: 4]
[top_k: 20]
[monotone_constraints: ]
[monotone_constraints_method: basic]
[monotone_penalty: 0]
[feature_contri: ]
[forcedsplits_filename: ]
[refit_decay_rate: 0.9]
[cegb_tradeoff: 1]
[cegb_penalty_split: 0]
[cegb_penalty_feature_lazy: ]
[cegb_penalty_feature_coupled: ]
[path_smooth: 0]
[interaction_constraints: ]
[verbosity: -1]
[saved_feature_importance_type: 0]
[use_quantized_grad: 0]
[num_grad_quant_bins: 4]
[quant_train_renew_leaf: 0]
[stochastic_rounding: 1]
[linear_tree: 0]
[max_bin: 255]
[max_bin_by_feature: ]
[min_data_in_bin: 3]
[bin_construct_sample_cnt: 200000]
[data_random_seed: 175]
[is_enable_sparse: 1]
[enable_bundle: 1]
[use_missing: 1]
[zero_as_missing: 0]
[feature_pre_filter: 1]
[pre_partition: 0]
[two_round: 0]
[header: 0]
[label_column: ]
[weight_column: ]
[group_column: ]
[ignore_column: ]
[categorical_feature: ]
[forcedbins_filename: ]
[precise_float_parser: 0]
[parser_config_file: ]
[objective_seed: 16083]
[num_class: 1]
[is_unbalance: 0]
[scale_pos_weight: 1]
[sigmoid: 1]
[boost_from_average: 1]
[reg_sqrt: 0]
[alpha: 0.9]
[fair_c: 1]
[poisson_max_delta_step: 0.7]
[tweedie_variance_power: 1.5]
[lambdarank_truncation_level: 30]
[lambdarank_norm: 1]
[label_gain: ]
[lambdarank_position_bias_regularization: 0]
[eval_at: ]
[multi_error_top_k: 1]
[auc_mu_weights: ]
[num_machines: 1]
[local_listen_port: 12400]
[time_out: 120]
[machine_list_filename: ]
[machines: ]
[gpu_platform_id: -1]
[gpu_device_id: -1]
[gpu_use_dp: 0]
[num_gpu: 1]

end of parameters

pandas_categorical:[]
