tree
version=v4
num_class=1
num_tree_per_iteration=1
label_index=0
max_feature_idx=51
objective=binary sigmoid:1
feature_names=race_lt=_0.5 gender_lt=_0.5 age_lt=_4.5 age_lt=_5.5 age_lt=_6.5 age_lt=_7.5 age_lt=_8.5 admission_type_id_lt=_1.5 admission_type_id_lt=_2.5 admission_type_id_lt=_5.5 discharge_disposition_id_lt=_1.5 discharge_disposition_id_lt=_2.5 discharge_disposition_id_lt=_6.5 discharge_disposition_id_lt=_10.0 discharge_disposition_id_lt=_10.5 discharge_disposition_id_lt=_14.5 discharge_disposition_id_lt=_18.5 discharge_disposition_id_lt=_21.5 admission_source_id_lt=_4.5 admission_source_id_lt=_6.5 time_in_hospital_lt=_3.5 num_lab_procedures_lt=_30.5 num_lab_procedures_lt=_35.5 num_procedures_lt=_0.5 num_procedures_lt=_1.5 num_medications_lt=_6.5 num_medications_lt=_11.5 num_medications_lt=_32.5 number_outpatient_lt=_0.5 number_emergency_lt=_0.5 number_emergency_lt=_1.5 number_emergency_lt=_2.5 number_inpatient_lt=_0.5 number_inpatient_lt=_1.5 number_inpatient_lt=_2.5 number_inpatient_lt=_3.5 number_inpatient_lt=_4.5 diag_1_lt=_96.5 diag_1_lt=_98.5 diag_1_lt=_103.5 diag_1_lt=_338.5 diag_1_lt=_403.5 diag_1_lt=_497.0 diag_3_lt=_247.5 number_diagnoses_lt=_5.5 number_diagnoses_lt=_6.5 metformin_lt=_1.5 insulin_lt=_0.5 insulin_lt=_1.5 change_lt=_0.5 diabetesMed_lt=_0.5 diag_1_lt=_259.5
feature_infos=[0:1] [0:1] [0:1] [0:1] [0:1] [0:1] [0:1] [0:1] [0:1] [0:1] [0:1] [0:1] [0:1] [0:1] [0:1] [0:1] [0:1] [0:1] [0:1] [0:1] [0:1] [0:1] [0:1] [0:1] [0:1] [0:1] [0:1] [0:1] [0:1] [0:1] [0:1] [0:1] [0:1] [0:1] [0:1] [0:1] [0:1] [0:1] [0:1] [0:1] [0:1] [0:1] [0:1] [0:1] [0:1] [0:1] [0:1] [0:1] [0:1] [0:1] [0:1] [0:1]
tree_sizes=933 1035 1030 1032 1032 1034 1032 1035 1034 1028 1030 1035 1037 1031 1031 1030 1029 1033 1029 1030 1034 1038 1025 1033 1035

Tree=0
num_leaves=8
num_cat=0
split_feature=32 44 33 13 49 13 49
split_gain=2703.35 449.525 436.493 249.83 206.386 161.593 89.1599
threshold=1.0000000180025095e-35 1.0000000180025095e-35 1.0000000180025095e-35 1.0000000180025095e-35 1.0000000180025095e-35 1.0000000180025095e-35 1.0000000180025095e-35
decision_type=2 2 2 2 2 2 2
left_child=2 4 3 -1 -2 -4 -3
right_child=1 6 5 -5 -6 -7 -8
leaf_value=-0.0067903208200472357 -0.031589779627434963 -0.078945420166812941 -0.038116972920918445 0.097475180455137256 -0.0011277382212417117 0.038616431224966934 -0.042642130962216244
leaf_weight=255.75 4617 1554 300.5 2253.5 4290.75 3078.75 1206
leaf_count=1023 18468 6216 1202 9014 17163 12315 4824
internal_value=2.84847e-05 -0.027848 0.0552595 0.0868497 -0.0169184 0.0317836 -0.0631037
internal_weight=17556.2 11667.8 5888.5 2509.25 8907.75 3379.25 2760
internal_count=70225 46671 23554 10037 35631 13517 11040
is_linear=0
shrinkage=1


Tree=1
num_leaves=8
num_cat=0
split_feature=32 44 33 13 49 13 49
split_gain=2192 364.955 355.446 203.274 167.25 130.996 72.5876
threshold=1.0000000180025095e-35 1.0000000180025095e-35 1.0000000180025095e-35 1.0000000180025095e-35 1.0000000180025095e-35 1.0000000180025095e-35 1.0000000180025095e-35
decision_type=2 2 2 2 2 2 2
left_child=2 4 3 -1 -2 -4 -3
right_child=1 6 5 -5 -6 -7 -8
leaf_value=-0.0061396501316405751 -0.028464488342076485 -0.071196439165208167 -0.034356454811795119 0.087922486536759922 -0.0010406302612110125 0.034743828480188324 -0.038425182705248077
leaf_weight=255.74705792963505 4615.8483104109764 1551.5812672376633 300.39088499546051 2248.1555786430836 4290.7487212568521 3077.6025257259607 1205.4519624710083
leaf_count=1023 18468 6216 1202 9014 17163 12315 4824
internal_value=2.27192e-07 -0.0250997 0.0497685 0.0783164 -0.0152547 0.0285907 -0.0568871
internal_weight=17545.5 11663.6 5881.9 2503.9 8906.6 3377.99 2757.03
internal_count=70225 46671 23554 10037 35631 13517 11040
is_linear=0
shrinkage=0.1


Tree=2
num_leaves=8
num_cat=0
split_feature=32 34 44 13 13 13 49
split_gain=1780.32 298.971 297.336 173.025 156.589 91.9499 59.583
threshold=1.0000000180025095e-35 1.0000000180025095e-35 1.0000000180025095e-35 1.0000000180025095e-35 1.0000000180025095e-35 1.0000000180025095e-35 1.0000000180025095e-35
decision_type=2 2 2 2 2 2 2
left_child=1 5 4 -3 -2 -1 -4
right_child=2 3 6 -5 -6 -7 -8
leaf_value=0.0066434099295217298 -0.054924328191637312 -0.026449667939476798 -0.064355746101262046 0.039687304921161598 -0.009463860607134212 0.09891806435008621 -0.034628970706957238
leaf_weight=120.2449756115675 835.32379579544067 435.60009509325027 1545.2750372886658 4237.0935896039009 8068.2606965899467 1071.763841509819 1204.0207679271698
leaf_count=481 3343 1744 6216 17005 32288 4324 4824
internal_value=1.74638e-06 0.0449344 -0.022614 0.0335175 -0.0137346 0.0896231 -0.0513546
internal_weight=17517.6 5864.7 11652.9 4672.69 8903.58 1192.01 2749.3
internal_count=70225 23554 46671 18749 35631 4805 11040
is_linear=0
shrinkage=0.1


Tree=3
num_leaves=8
num_cat=0
split_feature=32 33 45 28 13 49 13
split_gain=1447.34 263.129 247.44 140.347 139.109 85.6838 85.0861
threshold=1.0000000180025095e-35 1.0000000180025095e-35 1.0000000180025095e-35 1.0000000180025095e-35 1.0000000180025095e-35 1.0000000180025095e-35 1.0000000180025095e-35
decision_type=2 2 2 2 2 2 2
left_child=1 4 3 -2 -1 -4 -3
right_child=2 6 5 -5 -6 -7 -8
leaf_value=-0.0044444677752930178 0.022938450470131683 -0.028360188266399002 -0.053636246425223667 -0.015458975102758574 0.073433007086456115 -0.024022785781749493 0.02738901638662454
leaf_weight=255.69628918170929 1112.7303248047829 299.76603502035141 2227.0223599523306 6554.0769786089659 2217.219034075737 1745.1648499965668 3068.9345347881317
leaf_count=1023 4454 1202 8983 26237 9014 6997 12315
internal_value=3.67799e-06 0.0406158 -0.0203813 -0.00988386 0.065382 -0.040635 0.0224212
internal_weight=17480.6 5841.62 11639 7666.81 2472.92 3972.19 3368.7
internal_count=70225 23554 46671 30691 10037 15980 13517
is_linear=0
shrinkage=0.1


Tree=4
num_leaves=8
num_cat=0
split_feature=32 34 44 49 13 13 1
split_gain=1177.66 223.357 208.318 129.369 113.875 64.4887 52.107
threshold=1.0000000180025095e-35 1.0000000180025095e-35 1.0000000180025095e-35 1.0000000180025095e-35 1.0000000180025095e-35 1.0000000180025095e-35 1.0000000180025095e-35
decision_type=2 2 2 2 2 2 2
left_child=1 5 3 -2 -3 -1 -4
right_child=2 4 6 -5 -6 -7 -8
leaf_value=0.0064252560820491971 -0.022592605019067399 -0.021772120928049078 -0.05793341916584184 0.0015389974125750452 0.031946853488827719 0.083800702826479986 -0.030089878237362689
leaf_weight=120.24653811752796 4606.8044581264257 434.7211366891861 1218.5238392651081 4289.5859393924475 4210.3814686089754 1047.1369205713272 1508.0093458592892
leaf_count=481 18468 1744 4934 17163 17005 4324 6106
internal_value=6.38121e-06 0.0367538 -0.0183721 -0.0109582 0.0269159 0.075843 -0.0425502
internal_weight=17435.4 5812.49 11622.9 8896.39 4645.1 1167.38 2726.53
internal_count=70225 23554 46671 35631 18749 4805 11040
is_linear=0
shrinkage=0.1


Tree=5
num_leaves=8
num_cat=0
split_feature=32 33 28 44 4 44 22
split_gain=958.649 197.502 189.489 143.691 108.63 75.3076 41.1718
threshold=1.0000000180025095e-35 1.0000000180025095e-35 1.0000000180025095e-35 1.0000000180025095e-35 1.0000000180025095e-35 1.0000000180025095e-35 1.0000000180025095e-35
decision_type=2 2 2 2 2 2 2
left_child=1 4 6 -4 -1 -3 -2
right_child=2 5 3 -5 -6 -7 -8
leaf_value=0.030491253982223299 0.030183887323588093 0.024006345134445523 -0.014631036303843853 -0.042267153476479268 0.073295256252379926 -0.017168619099205192 -0.0039839747484715898
leaf_weight=1038.3118616193533 902.08215415477753 2828.6668417006731 7626.3640304207802 2497.4565211385489 1388.3307935744524 526.16104125976562 578.28387889266014
leaf_count=4287 3617 11397 30567 10164 5750 2120 2323
internal_value=8.76549e-06 0.0332731 -0.0165657 -0.0214521 0.0550004 0.0175454 0.016843
internal_weight=17385.7 5781.47 11604.2 10123.8 2426.64 3354.83 1480.37
internal_count=70225 23554 46671 40731 10037 13517 5940
is_linear=0
shrinkage=0.1


Tree=6
num_leaves=8
num_cat=0
split_feature=32 35 29 49 13 10 13
split_gain=780.222 177.708 159.067 159.136 113.442 38.0617 24.2852
threshold=1.0000000180025095e-35 1.0000000180025095e-35 1.0000000180025095e-35 1.0000000180025095e-35 1.0000000180025095e-35 1.0000000180025095e-35 1.0000000180025095e-35
decision_type=2 2 2 2 2 2 2
left_child=1 5 6 -4 -3 -1 -2
right_child=2 4 3 -5 -6 -7 -8
leaf_value=0.055600872519906669 -0.048179440567149096 -0.020921168532310519 -0.029442484438078412 -0.0051166911755742145 0.029058130007003576 0.10707039721393381 0.032642465345004548
leaf_weight=281.57043638825417 38.27328197658062 502.38533145189285 5760.2359551638365 5044.4542658627033 4666.3084614127874 302.08690325915813 742.59510760009289
leaf_count=1184 154 2015 23293 20241 19068 1287 2983
internal_value=1.1196e-05 0.0301137 -0.0149363 -0.0180869 0.0241971 0.0823778 0.0286245
internal_weight=17337.9 5752.35 11585.6 10804.7 5168.69 583.657 780.868
internal_count=70225 23554 46671 43534 21083 2471 3137
is_linear=0
shrinkage=0.1


Tree=7
num_leaves=8
num_cat=0
split_feature=32 33 28 1 4 44 22
split_gain=635.224 154.345 149.125 128.126 88.3756 61.4826 32.8049
threshold=1.0000000180025095e-35 1.0000000180025095e-35 1.0000000180025095e-35 1.0000000180025095e-35 1.0000000180025095e-35 1.0000000180025095e-35 1.0000000180025095e-35
decision_type=2 2 2 2 2 2 2
left_child=1 4 6 -4 -1 -3 -2
right_child=2 5 3 -5 -6 -7 -8
leaf_value=0.024539198865364861 0.028074985675816868 0.019258492334157513 -0.030244934773525946 -0.0075968954441894155 0.063482947601572637 -0.017976542103278322 -0.0024357706680168362
leaf_weight=1025.3819243311882 902.18911658227444 2815.2312443554401 4550.0839019417763 5538.8612993061543 1354.7852630615234 525.51489129662514 577.61792024970055
leaf_count=4287 3617 11397 18381 22350 5750 2120 2323
internal_value=1.39927e-05 0.0272684 -0.0134649 -0.0178131 0.0467232 0.0133976 0.016172
internal_weight=17289.7 5720.91 11568.8 10088.9 2380.17 3340.75 1479.81
internal_count=70225 23554 46671 40731 10037 13517 5940
is_linear=0
shrinkage=0.1


Tree=8
num_leaves=8
num_cat=0
split_feature=32 45 35 13 28 23 10
split_gain=517.053 142.685 139.46 108.086 100.925 79.279 33.391
threshold=1.0000000180025095e-35 1.0000000180025095e-35 1.0000000180025095e-35 1.0000000180025095e-35 1.0000000180025095e-35 1.0000000180025095e-35 1.0000000180025095e-35
decision_type=2 2 2 2 2 2 2
left_child=2 3 6 -2 -4 -3 -1
right_child=1 5 4 -5 -6 -7 -8
leaf_value=0.046664969930997981 -0.041445732926641159 -0.041247395604602388 0.045904385171793391 -0.0003902507027377505 0.012033448751653457 -0.012733589464251835 0.095646506662977443
leaf_weight=275.11039093136787 705.5623210221529 2047.5316722691059 1127.2283577919006 6937.2235835045576 3999.8366315364838 1863.2965012788773 288.50576275587082
leaf_count=1184 2843 8370 4653 27848 16430 7610 1287
internal_value=1.63504e-05 -0.0121361 0.0246868 -0.00418531 0.0194878 -0.0276688 0.0718628
internal_weight=17244.3 11553.6 5690.68 7642.79 5127.06 3910.83 563.616
internal_count=70225 46671 23554 30691 21083 15980 2471
is_linear=0
shrinkage=0.1


Tree=9
num_leaves=8
num_cat=0
split_feature=33 29 49 13 15 29 13
split_gain=423.789 197.206 172.491 83.992 330.018 55.6814 49.4665
threshold=1.0000000180025095e-35 1.0000000180025095e-35 1.0000000180025095e-35 1.0000000180025095e-35 1.0000000180025095e-35 1.0000000180025095e-35 1.0000000180025095e-35
decision_type=2 2 2 2 2 2 2
left_child=3 6 -3 4 -1 -5 -2
right_child=1 2 -4 5 -6 -7 -8
leaf_value=0.065786686211661144 -0.051305451282679784 -0.020356468193617926 0.0022027771634860003 0.073194554083056848 -0.17452900195216395 0.036277371938936258 0.036245412131617513
leaf_weight=170.18926423788071 67.351183697581291 7184.9395226985216 6414.803305581212 560.83186134696007 84.785604983568192 1517.8957953155041 1197.6933140307665
leaf_count=683 272 29233 25848 2459 340 6555 4835
internal_value=1.78528e-05 -0.00620266 -0.00971622 0.0396258 -0.014494 0.0462679 0.0315473
internal_weight=17198.5 14864.8 13599.7 2333.7 254.975 2078.73 1265.04
internal_count=70225 60188 55081 10037 1023 9014 5107
is_linear=0
shrinkage=0.1


Tree=10
num_leaves=8
num_cat=0
split_feature=32 25 23 30 28 13 38
split_gain=370.697 125.077 147.659 105.729 72.8593 39.7474 26.47
threshold=1.0000000180025095e-35 1.0000000180025095e-35 1.0000000180025095e-35 1.0000000180025095e-35 1.0000000180025095e-35 1.0000000180025095e-35 1.0000000180025095e-35
decision_type=2 2 2 2 2 2 2
left_child=3 2 -2 5 -5 -1 -3
right_child=1 6 -4 4 -6 -7 -8
leaf_value=-0.056950936683993841 -0.017309300675174964 -0.039263031528608799 0.0066124518908454513 0.039788015004952049 0.01098316287105891 0.076866056841092961 -0.09796071854628069
leaf_weight=22.818714499473572 6030.0381558090448 899.50869145989418 4509.0884100645781 1116.8888798952103 4100.8308758586645 394.31743611395359 83.674734443426132
leaf_count=92 24423 3684 18220 4706 17031 1725 344
internal_value=1.96898e-05 -0.0102594 -0.0070749 0.0210367 0.0171555 0.0694271 -0.044353
internal_weight=17157.2 11522.3 10539.1 5634.86 5217.72 417.136 983.183
internal_count=70225 46671 42643 23554 21737 1817 4028
is_linear=0
shrinkage=0.1


Tree=11
num_leaves=8
num_cat=0
split_feature=33 44 13 4 47 13 35
split_gain=304.749 171.052 147.427 69.6384 56.4207 50.9688 37.7872
threshold=1.0000000180025095e-35 1.0000000180025095e-35 1.0000000180025095e-35 1.0000000180025095e-35 1.0000000180025095e-35 1.0000000180025095e-35 1.0000000180025095e-35
decision_type=2 2 2 2 2 2 2
left_child=3 2 -2 5 -3 -1 -5
right_child=1 4 -4 6 -6 -7 -8
leaf_value=-0.043644149412898417 -0.034763863626677056 -0.029911575401646285 0.0039922624246664963 0.077456909402527543 0.016896911931241071 0.022930664617774797 0.038831251826839566
leaf_weight=131.64211079478264 1081.0205563753843 2901.3792285323143 10565.569584488869 348.22115767002106 281.94307506084442 865.97422012686729 942.8015772998333
leaf_count=529 4375 12013 42653 1633 1147 3758 4117
internal_value=1.89996e-05 -0.00522318 0.000392296 0.0339747 -0.0257618 0.0141108 0.0493014
internal_weight=17118.6 14829.9 11646.6 2288.64 3183.32 997.616 1291.02
internal_count=70225 60188 47028 10037 13160 4287 5750
is_linear=0
shrinkage=0.1


Tree=12
num_leaves=8
num_cat=0
split_feature=32 1 49 29 3 13 37
split_gain=266.788 117.333 114.462 86.2793 63.0328 62.3679 59.4798
threshold=1.0000000180025095e-35 1.0000000180025095e-35 1.0000000180025095e-35 1.0000000180025095e-35 1.0000000180025095e-35 1.0000000180025095e-35 1.0000000180025095e-35
decision_type=2 2 2 2 2 2 2
left_child=3 4 -3 5 -2 -1 -5
right_child=1 2 -4 6 -6 -7 -8
leaf_value=-0.046686806875817222 -0.011800572059944744 -0.012418773188955678 0.01444304606279834 0.013969560412403069 -0.035032188134625622 0.050283900468654365 -0.053254310566259858
leaf_weight=70.365339383482933 3340.0336955338717 3325.4747988134623 3031.3889730572701 4396.9716392159462 1796.3122454434633 980.67095689475536 134.71432983875275
leaf_count=284 13567 13581 12189 18401 7334 4311 558
internal_value=1.97395e-05 -0.00869165 0.000391043 0.0179523 -0.0199305 0.0437536 0.0119599
internal_weight=17075.9 11493.2 6356.86 5582.72 5136.35 1051.04 4531.69
internal_count=70225 46671 25770 23554 20901 4595 18959
is_linear=0
shrinkage=0.1


Tree=13
num_leaves=8
num_cat=0
split_feature=28 29 46 13 15 21 4
split_gain=238.031 150.34 145.595 68.4123 159.236 60.0152 37.2309
threshold=1.0000000180025095e-35 1.0000000180025095e-35 1.0000000180025095e-35 1.0000000180025095e-35 1.0000000180025095e-35 1.0000000180025095e-35 1.0000000180025095e-35
decision_type=2 2 2 2 2 2 2
left_child=3 6 -3 4 -1 -5 -2
right_child=1 2 -4 5 -6 -7 -8
leaf_value=0.035653783488247902 0.0068938240796648249 -0.030520665866588914 -0.0032727719391748775 0.04089358673024196 -0.16185112009804195 0.0070401405158718863 0.042787561831889379
leaf_weight=117.41085566580296 478.88509245216846 2400.7550940066576 10688.073874056339 1826.573415517807 61.361177265644073 734.64839409291744 729.42716699838638
leaf_count=475 1992 9788 43909 7646 247 3050 3118
internal_value=1.87253e-05 -0.00515624 -0.00827253 0.0270134 -0.0326604 0.0311898 0.0285794
internal_weight=17037.1 14297.1 13088.8 2739.99 178.772 2561.22 1208.31
internal_count=70225 58807 53697 11418 722 10696 5110
is_linear=0
shrinkage=0.1


Tree=14
num_leaves=8
num_cat=0
split_feature=33 46 49 4 4 11 35
split_gain=208.745 138.775 272.901 59.8795 55.0548 40.9942 31.4355
threshold=1.0000000180025095e-35 1.0000000180025095e-35 1.0000000180025095e-35 1.0000000180025095e-35 1.0000000180025095e-35 1.0000000180025095e-35 1.0000000180025095e-35
decision_type=2 2 2 2 2 2 2
left_child=4 3 -3 -2 5 -1 -6
right_child=1 2 -4 -5 6 -7 -8
leaf_value=-0.0055823303290010659 -0.005243763567629684 -0.012094271188326483 0.018657722301219537 -0.035402343670536185 0.068812112247385912 0.036197670983624142 0.032822027534239205
leaf_weight=599.9564588367939 1046.178689956665 7092.5334822237492 4863.8459162265062 1776.7272474467754 330.74233676493168 384.67280067503452 922.62403824925423
leaf_count=2590 4240 29061 19661 7226 1633 1697 4117
internal_value=1.74978e-05 -0.00429295 0.00041613 -0.0242313 0.0284721 0.0107604 0.0423665
internal_weight=17017.3 14779.3 11956.4 2822.91 2238 984.629 1253.37
internal_count=70225 60188 48722 11466 10037 4287 5750
is_linear=0
shrinkage=0.1


Tree=15
num_leaves=8
num_cat=0
split_feature=28 18 7 26 13 15 21
split_gain=188.116 123.158 138.084 138.025 56.367 131.241 48.2904
threshold=1.0000000180025095e-35 1.0000000180025095e-35 1.0000000180025095e-35 1.0000000180025095e-35 1.0000000180025095e-35 1.0000000180025095e-35 1.0000000180025095e-35
decision_type=2 2 2 2 2 2 2
left_child=4 3 -3 -2 5 -1 -6
right_child=1 2 -4 -5 6 -7 -8
leaf_value=0.031534304787054844 0.010626937498527299 -0.022816524121762147 0.039872727724051572 -0.014763167128092789 0.036668864120991539 -0.14878924072025665 0.0062341858064115258
leaf_weight=117.22024443745613 6279.8877094984055 4352.8872346431017 381.30497699975967 3247.3815515786409 1811.352788105607 60.348493486642838 732.5329766869545
leaf_count=475 25882 17939 1562 13424 7646 247 3050
internal_value=1.90219e-05 -0.00457893 -0.01776 0.00197205 0.0241069 -0.0302405 0.0279108
internal_weight=16982.9 14261.5 4734.19 9527.27 2721.45 177.569 2543.89
internal_count=70225 58807 19501 39306 11418 722 10696
is_linear=0
shrinkage=0.1


Tree=16
num_leaves=8
num_cat=0
split_feature=29 24 26 20 13 15 31
split_gain=177.848 122.271 148.03 71.0332 53.3011 93.2568 45.4129
threshold=1.0000000180025095e-35 1.0000000180025095e-35 1.0000000180025095e-35 1.0000000180025095e-35 1.0000000180025095e-35 1.0000000180025095e-35 1.0000000180025095e-35
decision_type=2 2 2 2 2 2 2
left_child=4 3 -3 -2 5 -1 -6
right_child=1 2 -4 -5 6 -7 -8
leaf_value=0.039033581623107112 -0.0065794704078513087 0.012372177511311986 -0.01264269387574158 -0.030691877282797531 0.075145504748448874 -0.14916204189621962 0.02753239976372944
leaf_weight=63.396318897604942 3098.1983873993158 6245.242426648736 3806.8435857445002 2017.0021945536137 231.94244024157524 43.662108361721039 1456.0269882678986
leaf_count=258 12729 25718 15728 8318 1081 180 6213
internal_value=1.66603e-05 -0.0035066 0.00289844 -0.0160915 0.0297722 -0.0383892 0.0341155
internal_weight=16962.3 15167.3 10052.1 5115.2 1795.03 107.058 1687.97
internal_count=70225 62493 41446 21047 7732 438 7294
is_linear=0
shrinkage=0.1


Tree=17
num_leaves=8
num_cat=0
split_feature=32 3 13 36 10 13 30
split_gain=162.438 94.7846 78.9447 66.7074 64.4568 54.988 12.3102
threshold=1.0000000180025095e-35 1.0000000180025095e-35 1.0000000180025095e-35 1.0000000180025095e-35 1.0000000180025095e-35 1.0000000180025095e-35 1.0000000180025095e-35
decision_type=2 2 2 2 2 2 2
left_child=3 2 -2 6 -3 -5 -1
right_child=1 4 -4 5 -6 -7 -8
leaf_value=0.096831914886669049 -0.030427694158569902 0.0041375827094854989 0.0031066716483101639 -0.019092333448795379 -0.02674060367623099 0.015038659112965145 0.048761602521648108
leaf_weight=75.167970478534698 781.27918082475662 877.64207163453102 6840.530957788229 523.77809454500675 2938.2567320168018 4706.6492505222559 196.27312538027763
leaf_count=410 3221 3592 27803 2122 12055 20066 956
internal_value=1.545e-05 -0.00677617 -0.000334334 0.0141331 -0.0196395 0.0116178 0.0623799
internal_weight=16939.6 11437.7 7621.81 5501.87 3815.9 5230.43 271.441
internal_count=70225 46671 31024 23554 15647 22188 1366
is_linear=0
shrinkage=0.1


Tree=18
num_leaves=8
num_cat=0
split_feature=28 38 0 13 15 21 13
split_gain=139.52 108.695 100.935 40.3045 105.636 37.4224 19.1825
threshold=1.0000000180025095e-35 1.0000000180025095e-35 1.0000000180025095e-35 1.0000000180025095e-35 1.0000000180025095e-35 1.0000000180025095e-35 1.0000000180025095e-35
decision_type=2 2 2 2 2 2 2
left_child=3 2 -2 4 -1 -5 -3
right_child=1 6 -4 5 -6 -7 -8
leaf_value=0.029357882474513888 -0.00068200402180218283 -0.089738432206711807 -0.05835665932309643 0.031864976563640339 -0.13453589022712723 0.0049868118634740152 -0.03708618485149253
leaf_weight=117.04573778808117 13235.892919942737 78.328957438468933 309.5600975304842 1791.2071279287338 58.02709224820137 729.17766615748405 585.23469288647175
leaf_count=475 54779 324 1280 7646 247 3050 2424
internal_value=1.55736e-05 -0.00394165 -0.00200428 0.0208697 -0.0254195 0.0240939 -0.0434271
internal_weight=16904.5 14209 13545.5 2695.46 175.073 2520.38 663.564
internal_count=70225 58807 56059 11418 722 10696 2748
is_linear=0
shrinkage=0.1


Tree=19
num_leaves=8
num_cat=0
split_feature=29 46 49 4 13 15 31
split_gain=131.806 112.422 223.436 44.3265 38.8006 74.7901 36.3656
threshold=1.0000000180025095e-35 1.0000000180025095e-35 1.0000000180025095e-35 1.0000000180025095e-35 1.0000000180025095e-35 1.0000000180025095e-35 1.0000000180025095e-35
decision_type=2 2 2 2 2 2 2
left_child=4 3 -3 -2 5 -1 -6
right_child=1 2 -4 -5 6 -7 -8
leaf_value=0.035585397305588566 -0.0051520541886205069 -0.010011189865507369 0.017396536012553185 -0.031168914096927916 0.067107184604512093 -0.13518482611367647 0.023711847733375077
leaf_weight=63.354425325989723 1061.7269170880318 7352.5695242285728 4993.8305106461048 1709.8511856347322 222.57099559903145 41.739202618598938 1441.7106913924217
leaf_count=258 4337 30589 20520 7047 1081 180 6213
internal_value=1.17898e-05 -0.00301117 0.00107511 -0.0212079 0.0258278 -0.032873 0.0295521
internal_weight=16887.4 15118 12346.4 2771.58 1769.38 105.094 1664.28
internal_count=70225 62493 51109 11384 7732 438 7294
is_linear=0
shrinkage=0.1


Tree=20
num_leaves=8
num_cat=0
split_feature=33 1 49 45 4 11 35
split_gain=124 101.616 88.2364 56.906 42.5777 31.6939 21.0816
threshold=1.0000000180025095e-35 1.0000000180025095e-35 1.0000000180025095e-35 1.0000000180025095e-35 1.0000000180025095e-35 1.0000000180025095e-35 1.0000000180025095e-35
decision_type=2 2 2 2 2 2 2
left_child=4 3 -3 -2 5 -1 -6
right_child=1 2 -4 -5 6 -7 -8
leaf_value=-0.0077517084265580089 -0.0062676233095672017 -0.0058949151179505952 0.014902608703779258 -0.026387920985670596 0.057562178921157073 0.029385784337649795 0.027096568560578918
leaf_weight=591.09767900407314 4476.8202991783619 4223.5618996024132 3944.0567744374275 2048.7072987258434 305.20470887422562 374.64553020894527 898.54786612093449
leaf_count=2590 18215 17389 15992 8592 1633 1697 4117
internal_value=1.09549e-05 -0.00328461 0.00414858 -0.0125875 0.0223218 0.00667072 0.0348623
internal_weight=16862.6 14693.1 8167.62 6525.53 2169.5 965.743 1203.75
internal_count=70225 60188 33381 26807 10037 4287 5750
is_linear=0
shrinkage=0.1


Tree=21
num_leaves=8
num_cat=0
split_feature=32 2 1 5 12 46 30
split_gain=107.004 75.7518 78.554 53.9216 42.4594 41.1035 32.0204
threshold=1.0000000180025095e-35 1.0000000180025095e-35 1.0000000180025095e-35 1.0000000180025095e-35 1.0000000180025095e-35 1.0000000180025095e-35 1.0000000180025095e-35
decision_type=2 2 2 2 2 2 2
left_child=3 2 -2 4 -1 -5 -3
right_child=1 6 -4 5 -6 -7 -8
leaf_value=-0.060783670702242089 -0.012080124003482115 0.05565081703069652 0.0061252370723624645 -0.0057784783417794356 -0.00093399134976280141 0.020744033599935853 -0.026556551465244008
leaf_weight=134.49288259446621 4265.9593439251184 47.792840734124184 5330.6567254811525 694.78852611780167 947.42519520223141 3661.4107217490673 1748.2795066535473
leaf_count=550 17519 193 21718 2967 4033 16004 7241
internal_value=1.21074e-05 -0.00549666 -0.00196796 0.0115517 -0.00842314 0.0165135 -0.0243393
internal_weight=16830.8 11392.7 9596.62 5438.12 1081.92 4356.2 1796.07
internal_count=70225 46671 39237 23554 4583 18971 7434
is_linear=0
shrinkage=0.1


Tree=22
num_leaves=8
num_cat=0
split_feature=28 16 13 17 13 15 8
split_gain=101.073 86.6429 210.314 36.1725 31.1474 85.5131 29.9954
threshold=1.0000000180025095e-35 1.0000000180025095e-35 1.0000000180025095e-35 1.0000000180025095e-35 1.0000000180025095e-35 1.0000000180025095e-35 1.0000000180025095e-35
decision_type=2 2 2 2 2 2 2
left_child=4 3 -3 -2 5 -1 -6
right_child=1 2 -4 -5 6 -7 -8
leaf_value=0.025458752003274399 0.032656416140628641 -0.051175407516888149 -0.0015158076033923126 0.18069445595689637 0.0049227671101846372 -0.12448450399455516 0.028334382035552049
leaf_weight=116.5890831798315 474.32069922983646 913.04920038580894 12734.589468717575 16.169574677944183 811.98817412555218 55.270823866128922 1680.659715950489
leaf_count=475 1953 3786 53002 66 3428 247 7268
internal_value=1.08869e-05 -0.00335642 -0.00484162 0.0378944 0.0178727 -0.0232048 0.020713
internal_weight=16802.6 14138.1 13647.6 490.49 2664.51 171.86 2492.65
internal_count=70225 58807 56788 2019 11418 722 10696
is_linear=0
shrinkage=0.1


Tree=23
num_leaves=8
num_cat=0
split_feature=46 49 50 19 39 41 45
split_gain=99.3739 166.629 698.042 65.117 35.048 33.4758 5.53486
threshold=1.0000000180025095e-35 1.0000000180025095e-35 1.0000000180025095e-35 1.0000000180025095e-35 1.0000000180025095e-35 1.0000000180025095e-35 1.0000000180025095e-35
decision_type=2 2 2 2 2 2 2
left_child=4 3 -3 -2 5 -1 -6
right_child=1 2 -4 -5 6 -7 -8
leaf_value=-0.02750993408628203 0.0013092726928306216 0.0096931550045461709 0.1909906665398885 -0.017306070752474197 -0.039077234846040143 -0.0051291311874249396 -0.073259015564496197
leaf_weight=1063.2797041535378 5040.7918797135353 5470.4726434797049 219.95765988528728 2994.8205852657557 97.166120961308479 1797.8987555652857 101.4044007062912
leaf_count=4407 21191 22832 911 12610 399 7444 431
internal_value=8.85948e-06 0.00364185 0.0167333 -0.00562984 -0.0162846 -0.0134531 -0.0568125
internal_weight=16785.8 13726 5690.43 8035.61 3059.75 2861.18 198.571
internal_count=70225 57544 23743 33801 12681 11851 830
is_linear=0
shrinkage=0.1


Tree=24
num_leaves=8
num_cat=0
split_feature=38 40 0 34 13 15 25
split_gain=91.3632 111.397 67.3387 39.8804 19.7951 41.4476 18.4479
threshold=1.0000000180025095e-35 1.0000000180025095e-35 1.0000000180025095e-35 1.0000000180025095e-35 1.0000000180025095e-35 1.0000000180025095e-35 1.0000000180025095e-35
decision_type=2 2 2 2 2 2 2
left_child=1 3 -3 -1 5 -2 -6
right_child=4 2 -4 -5 6 -7 -8
leaf_value=0.023190788206178457 -0.0052528653662934702 0.010184752037134419 -0.048534972206925014 -0.0098008531304987836 -0.02157961518956265 -0.14274485148216054 -0.071459855548807946
leaf_weight=387.27844235301018 41.365806490182877 8897.4508987665176 198.70393292605877 6518.6945679634809 596.27163949608803 45.843628436326981 84.061101049184799
leaf_count=1927 177 37251 832 26987 2487 198 366
internal_value=9.85235e-06 0.00162729 0.00889684 -0.00794763 -0.0336697 -0.0783275 -0.0278386
internal_weight=16769.7 16002.1 9096.15 6905.97 767.542 87.2094 680.333
internal_count=70225 66997 38083 28914 3228 375 2853
is_linear=0
shrinkage=0.1


end of trees

feature_importances:
discharge_disposition_id_lt=_10.0=31
change_lt=_0.5=14
number_inpatient_lt=_0.5=13
number_outpatient_lt=_0.5=9
number_inpatient_lt=_1.5=9
age_lt=_6.5=8
discharge_disposition_id_lt=_14.5=8
number_diagnoses_lt=_5.5=8
number_emergency_lt=_0.5=7
gender_lt=_0.5=5
number_inpatient_lt=_3.5=5
metformin_lt=_1.5=5
number_diagnoses_lt=_6.5=4
discharge_disposition_id_lt=_1.5=3
num_lab_procedures_lt=_30.5=3
number_emergency_lt=_1.5=3
number_inpatient_lt=_2.5=3
diag_1_lt=_98.5=3
race_lt=_0.5=2
age_lt=_5.5=2
discharge_disposition_id_lt=_2.5=2
num_lab_procedures_lt=_35.5=2
num_procedures_lt=_0.5=2
num_medications_lt=_6.5=2
num_medications_lt=_11.5=2
number_emergency_lt=_2.5=2
age_lt=_4.5=1
age_lt=_7.5=1
admission_type_id_lt=_1.5=1
admission_type_id_lt=_2.5=1
discharge_disposition_id_lt=_6.5=1
discharge_disposition_id_lt=_18.5=1
discharge_disposition_id_lt=_21.5=1
admission_source_id_lt=_4.5=1
admission_source_id_lt=_6.5=1
time_in_hospital_lt=_3.5=1
num_procedures_lt=_1.5=1
number_inpatient_lt=_4.5=1
diag_1_lt=_96.5=1
diag_1_lt=_103.5=1
diag_1_lt=_338.5=1
diag_1_lt=_403.5=1
insulin_lt=_0.5=1
diabetesMed_lt=_0.5=1

parameters:
[boosting: gbdt]
[objective: binary]
[metric: binary_logloss]
[tree_learner: serial]
[device_type: cpu]
[data_sample_strategy: bagging]
[data: ]
[valid: ]
[num_iterations: 25]
[learning_rate: 0.1]
[num_leaves: 31]
[num_threads: 8]
[seed: 42]
[deterministic: 0]
[force_col_wise: 0]
[force_row_wise: 0]
[histogram_pool_size: -1]
[max_depth: 3]
[min_data_in_leaf: 20]
[min_sum_hessian_in_leaf: 0.001]
[bagging_fraction: 1]
[pos_bagging_fraction: 1]
[neg_bagging_fraction: 1]
[bagging_freq: 0]
[bagging_seed: 400]
[bagging_by_query: 0]
[feature_fraction: 1]
[feature_fraction_bynode: 1]
[feature_fraction_seed: 30056]
[extra_trees: 0]
[extra_seed: 12879]
[early_stopping_round: 0]
[early_stopping_min_delta: 0]
[first_metric_only: 0]
[max_delta_step: 0]
[lambda_l1: 0]
[lambda_l2: 1]
[linear_lambda: 0]
[min_gain_to_split: 0]
[drop_rate: 0.1]
[max_drop: 50]
[skip_drop: 0.5]
[xgboost_dart_mode: 0]
[uniform_drop: 0]
[drop_seed: 17869]
[top_rate: 0.2]
[other_rate: 0.1]
[min_data_per_group: 100]
[max_cat_threshold: 32]
[cat_l2: 10]
[cat_smooth: 10]
[max_cat_to_onehot: 4]
[top_k: 20]
[monotone_constraints: ]
[monotone_constraints_method: basic]
[monotone_penalty: 0]
[feature_contri: ]
[forcedsplits_filename: ]
[refit_decay_rate: 0.9]
[cegb_tradeoff: 1]
[cegb_penalty_split: 0]
[cegb_penalty_feature_lazy: ]
[cegb_penalty_feature_coupled: ]
[path_smooth: 0]
[interaction_constraints: ]
[verbosity: -1]
[saved_feature_importance_type: 0]
[use_quantized_grad: 0]
[num_grad_quant_bins: 4]
[quant_train_renew_leaf: 0]
[stochastic_rounding: 1]
[linear_tree: 0]
[max_bin: 255]
[max_bin_by_feature: ]
[min_data_in_bin: 3]
[bin_construct_sample_cnt: 200000]
[data_random_seed: 175]
[is_enable_sparse: 1]
[enable_bundle: 1]
[use_missing: 1]
[zero_as_missing: 0]
[feature_pre_filter: 1]
[pre_partition: 0]
[two_round: 0]
[header: 0]
[label_column: ]
[weight_column: ]
[group_column: ]
[ignore_column: ]
[categorical_feature: ]
[forcedbins_filename: ]
[precise_float_parser: 0]
[parser_config_file: ]
[objective_seed: 16083]
[num_class: 1]
[is_unbalance: 0]
[scale_pos_weight: 1]
[sigmoid: 1]
[boost_from_average: 1]
[reg_sqrt: 0]
[alpha: 0.9]
[fair_c: 1]
[poisson_max_delta_step: 0.7]
[tweedie_variance_power: 1.5]
[lambdarank_truncation_level: 30]
[lambdarank_norm: 1]
[label_gain: ]
[lambdarank_position_bias_regularization: 0]
[eval_at: ]
[multi_error_top_k: 1]
[auc_mu_weights: ]
[num_machines: 1]
[local_listen_port: 12400]
[time_out: 120]
[machine_list_filename: ]
[machines: ]
[gpu_platform_id: -1]
[gpu_device_id: -1]
[gpu_use_dp: 0]
[num_gpu: 1]

end of parameters

pandas_categorical:[]
