tree
version=v4
num_class=1
num_tree_per_iteration=1
label_index=0
max_feature_idx=50
objective=binary sigmoid:1
feature_names=sex=female_lt=_0.5 age_lt=_19.5 age_lt=_20.5 age_lt=_21.5 age_lt=_22.5 age_lt=_24.5 age_lt=_27.5 age_lt=_29.5 age_lt=_31.5 age_lt=_33.5 age_lt=_34.5 age_lt=_36.5 age_lt=_38.5 age_lt=_52.5 age_lt=_55.5 age_lt=_58.5 age_lt=_67.5 age_lt=_70.5 age_lt=_77.5 age_lt=_89.5 juv_fel_count_lt=_0.5 juv_fel_count_lt=_4.5 juv_misd_count_lt=_2.5 juv_misd_count_lt=_5.5 juvenile_crimes_lt=_0.5 juvenile_crimes_lt=_1.5 juvenile_crimes_lt=_2.5 juvenile_crimes_lt=_7.5 priors_count_lt=_0.5 priors_count_lt=_1.5 priors_count_lt=_2.5 priors_count_lt=_3.5 priors_count_lt=_4.5 priors_count_lt=_5.0 priors_count_lt=_5.5 priors_count_lt=_6.5 priors_count_lt=_7.5 priors_count_lt=_8.5 priors_count_lt=_9.5 priors_count_lt=_11.5 priors_count_lt=_13.5 priors_count_lt=_15.5 priors_count_lt=_20.5 priors_count_lt=_21.5 priors_count_lt=_26.5 priors_count_lt=_27.5 priors_count_lt=_30.5 priors_count_lt=_34.0 priors_count_lt=_35.5 current_charge_degree=felony_lt=_0.5 age_lt=_50.5
feature_infos=[0:1] [0:1] [0:1] [0:1] [0:1] [0:1] [0:1] [0:1] [0:1] [0:1] [0:1] [0:1] [0:1] [0:1] [0:1] [0:1] [0:1] none none none [0:1] none [0:1] none [0:1] [0:1] [0:1] none [0:1] [0:1] [0:1] [0:1] [0:1] [0:1] [0:1] [0:1] [0:1] [0:1] [0:1] [0:1] [0:1] [0:1] [0:1] [0:1] [0:1] none none none none [0:1] [0:1]
tree_sizes=1007 1009 1009 1012 1013 1014 1012 1016 1015 1012 1023 1014 1011 1017 1015 1018 1010 1022 903 1014 1020 913 1019 694 697

Tree=0
num_leaves=8
num_cat=0
split_feature=30 4 9 38 10 37 2
split_gain=430.197 176.286 78.6477 49.968 48.2401 23.0175 20.356
threshold=1.0000000180025095e-35 1.0000000180025095e-35 1.0000000180025095e-35 1.0000000180025095e-35 1.0000000180025095e-35 1.0000000180025095e-35 1.0000000180025095e-35
decision_type=2 2 2 2 2 2 2
left_child=2 4 3 -1 -2 -4 -3
right_child=1 6 5 -5 -6 -7 -8
leaf_value=-0.056651482177228721 -0.24287554587940308 -0.11699894657545376 0.0053399350557609693 -0.15013004169787822 -0.189800613120716 -0.060881986475499236 -0.032680512316298344
leaf_weight=84.032397717237473 325.93631185591221 103.42448949813843 73.839118704199791 174.5288260281086 365.46634510159492 207.09759555757046 39.281416684389114
leaf_count=338 1311 416 297 702 1470 833 158
internal_value=-0.149054 -0.194043 -0.0795414 -0.119511 -0.21492 -0.0429909 -0.093141
internal_weight=1373.61 834.109 539.498 258.561 691.403 280.937 142.706
internal_count=5525 3355 2170 1040 2781 1130 574
is_linear=0
shrinkage=1


Tree=1
num_leaves=8
num_cat=0
split_feature=30 4 11 36 12 36 0
split_gain=348.806 143.899 63.3649 43.1467 41.2202 18.7752 17.2338
threshold=1.0000000180025095e-35 1.0000000180025095e-35 1.0000000180025095e-35 1.0000000180025095e-35 1.0000000180025095e-35 1.0000000180025095e-35 1.0000000180025095e-35
decision_type=2 2 2 2 2 2 2
left_child=2 4 3 -1 -2 -4 -3
right_child=1 6 5 -5 -6 -7 -8
leaf_value=0.06762397831016953 -0.091430054602827826 -0.022382882559055801 0.1231134367356662 -0.02316149364319094 -0.040646864408009679 0.071938860118062095 0.066578887706021772
leaf_weight=96.78628134727478 256.20312213897705 26.184764727950096 111.69443035125732 111.86846047639847 430.97066569328308 220.90447716414928 116.94959317147732
leaf_count=388 1040 105 447 450 1741 885 469
internal_value=4.64806e-06 -0.0406947 0.0623993 0.0190718 -0.059686 0.089442 0.050262
internal_weight=1371.56 830.308 541.254 208.655 687.174 332.599 143.134
internal_count=5525 3355 2170 838 2781 1332 574
is_linear=0
shrinkage=0.1


Tree=2
num_leaves=8
num_cat=0
split_feature=30 4 9 28 38 2 37
split_gain=283.682 117.525 53.5364 36.796 34.245 16.6391 16.1673
threshold=1.0000000180025095e-35 1.0000000180025095e-35 1.0000000180025095e-35 1.0000000180025095e-35 1.0000000180025095e-35 1.0000000180025095e-35 1.0000000180025095e-35
decision_type=2 2 2 2 2 2 2
left_child=2 3 4 -2 -1 -3 -4
right_child=1 5 6 -5 -6 -7 -8
leaf_value=0.07510393317731491 -0.030824687789669361 0.023731945012943876 0.12672758908977025 -0.077398772518514486 -0.0021365333661518614 0.099667667038313618 0.071370952457729495
leaf_weight=84.480551093816757 341.2009551525116 103.85612347722054 73.944555267691612 340.73809589445591 174.56492239236832 39.485008627176285 208.22770355641842
leaf_count=338 1391 416 297 1390 702 158 833
internal_value=2.10558e-07 -0.036882 0.0562046 -0.0541752 0.0232453 0.0451949 0.0862737
internal_weight=1366.5 825.28 541.218 681.939 259.045 143.341 282.172
internal_count=5525 3355 2170 2781 1040 574 1130
is_linear=0
shrinkage=0.1


Tree=3
num_leaves=8
num_cat=0
split_feature=29 4 9 33 36 13 0
split_gain=233.376 87.6194 68.9639 53.6507 19.4477 17.3675 10.5551
threshold=1.0000000180025095e-35 1.0000000180025095e-35 1.0000000180025095e-35 1.0000000180025095e-35 1.0000000180025095e-35 1.0000000180025095e-35 1.0000000180025095e-35
decision_type=2 2 2 2 2 2 2
left_child=2 5 3 -1 -4 -2 -3
right_child=1 6 4 -5 -6 -7 -8
leaf_value=0.049445215543241591 -0.10433058427514195 -0.027163005502506461 0.11034141472457276 -0.032487780940008266 0.056564569342408999 -0.052146558915647505 0.046936542288928962
leaf_weight=151.26821880042553 74.553859457373619 22.943848252296448 89.978621944785118 167.23338755965233 283.376573741436 468.14772099256516 101.86338342726231
leaf_count=607 310 92 365 679 1140 1924 408
internal_value=1.35264e-05 -0.0421376 0.0406834 0.0064582 0.0697849 -0.0594941 0.0332069
internal_weight=1359.37 667.509 691.857 318.502 373.355 542.702 124.807
internal_count=5525 2734 2791 1286 1505 2234 500
is_linear=0
shrinkage=0.1


Tree=4
num_leaves=8
num_cat=0
split_feature=30 5 11 38 28 12 36
split_gain=192.735 87.9612 37.2101 26.3879 22.5356 20.6415 10.7315
threshold=1.0000000180025095e-35 1.0000000180025095e-35 1.0000000180025095e-35 1.0000000180025095e-35 1.0000000180025095e-35 1.0000000180025095e-35 1.0000000180025095e-35
decision_type=2 2 2 2 2 2 2
left_child=2 5 3 -1 -3 -2 -4
right_child=1 4 6 -5 -6 -7 -8
leaf_value=0.06365223829551199 -0.073374625978275085 0.053672962210580877 0.093182447527424356 -0.011708783859667948 -0.0084445175794317356 -0.035074605247886255 0.054159843552933934
leaf_weight=68.435295671224594 246.95512793958187 110.72895570099354 108.93042312562466 139.72377161681652 121.88140581548214 334.15460956096649 220.25238454341888
leaf_count=275 1040 447 447 563 494 1374 885
internal_value=6.44024e-06 -0.030673 0.0464363 0.0132531 0.0212283 -0.0514491 0.067316
internal_weight=1351.06 813.72 537.342 208.159 232.61 581.11 329.183
internal_count=5525 3355 2170 838 941 2414 1332
is_linear=0
shrinkage=0.1


Tree=5
num_leaves=8
num_cat=0
split_feature=29 4 9 32 37 13 2
split_gain=161.319 63.2035 48.8129 37.625 14.5181 13.5114 10.2318
threshold=1.0000000180025095e-35 1.0000000180025095e-35 1.0000000180025095e-35 1.0000000180025095e-35 1.0000000180025095e-35 1.0000000180025095e-35 1.0000000180025095e-35
decision_type=2 2 2 2 2 2 2
left_child=2 5 3 -1 -4 -2 -3
right_child=1 6 4 -5 -6 -7 -8
leaf_value=0.03505763441834904 -0.090831379092321307 0.010401923762107955 0.099368751812467848 -0.034329046199764422 0.048627112181938333 -0.043952476945601483 0.07381591148424306
leaf_weight=179.59773387014866 71.481516882777214 89.878914177417755 70.477257236838341 136.77865062654018 298.76725196838379 460.11102668941021 34.725816905498505
leaf_count=724 310 360 297 562 1208 1924 140
internal_value=9.54907e-06 -0.0354051 0.0339065 0.00504612 0.0585543 -0.0504148 0.0285216
internal_weight=1341.82 656.197 685.621 316.376 369.245 531.593 124.605
internal_count=5525 2734 2791 1286 1505 2234 500
is_linear=0
shrinkage=0.1


Tree=6
num_leaves=8
num_cat=0
split_feature=29 4 9 33 37 13 2
split_gain=131.953 52.0398 40.0481 31.259 12.7432 11.7605 8.44734
threshold=1.0000000180025095e-35 1.0000000180025095e-35 1.0000000180025095e-35 1.0000000180025095e-35 1.0000000180025095e-35 1.0000000180025095e-35 1.0000000180025095e-35
decision_type=2 2 2 2 2 2 2
left_child=2 5 3 -1 -4 -2 -3
right_child=1 6 4 -5 -6 -7 -8
leaf_value=0.03741936854592668 -0.084217999013535882 0.0093737568643293117 0.091900165667514536 -0.025411170650105053 0.043911454983829923 -0.039962106075236897 0.067137933632085811
leaf_weight=150.31496396660805 69.565220922231674 89.873603135347366 68.75614607334137 165.13058257102966 297.91800299286842 455.78374625742435 34.47434501349926
leaf_count=607 310 360 297 679 1208 1924 140
internal_value=1.0251e-05 -0.0322168 0.0307077 0.00455225 0.0531354 -0.0459712 0.0257962
internal_weight=1331.82 649.697 682.12 315.446 366.674 525.349 124.348
internal_count=5525 2734 2791 1286 1505 2234 500
is_linear=0
shrinkage=0.1


Tree=7
num_leaves=8
num_cat=0
split_feature=30 7 7 36 2 28 49
split_gain=109.704 55.3613 22.8836 23.1206 21.4873 6.88274 4.92148
threshold=1.0000000180025095e-35 1.0000000180025095e-35 1.0000000180025095e-35 1.0000000180025095e-35 1.0000000180025095e-35 1.0000000180025095e-35 1.0000000180025095e-35
decision_type=2 2 2 2 2 2 2
left_child=2 5 3 -1 -3 -2 -4
right_child=1 4 6 -5 -6 -7 -8
leaf_value=0.049300160728745331 -0.035560507441986279 -0.0042982483708374694 0.073972943501772581 -0.0026168949782338878 0.073468670516207854 -0.061969040967700444 0.035035482369004688
leaf_weight=152.11702808737755 198.96237462759018 348.81534695625305 133.68595671653748 194.83140090107918 38.549102514982224 207.8229935914278 46.583181351423264
leaf_count=630 851 1435 557 790 158 911 193
internal_value=1.29638e-05 -0.0234538 0.0353385 0.020222 0.00361008 -0.0491713 0.0641599
internal_weight=1321.37 794.15 527.218 346.948 387.364 406.785 180.269
internal_count=5525 3355 2170 1420 1593 1762 750
is_linear=0
shrinkage=0.1


Tree=8
num_leaves=8
num_cat=0
split_feature=29 4 11 38 5 28 0
split_gain=91.4454 36.7829 31.1633 21.7576 14.4896 9.90632 8.62208
threshold=1.0000000180025095e-35 1.0000000180025095e-35 1.0000000180025095e-35 1.0000000180025095e-35 1.0000000180025095e-35 1.0000000180025095e-35 1.0000000180025095e-35
decision_type=2 2 2 2 2 2 2
left_child=2 5 3 -1 -4 -2 -3
right_child=1 6 4 -5 -6 -7 -8
leaf_value=0.046496602469061454 -0.021087446282893656 -0.032736467811896708 0.032392285030595214 -0.019510731706082446 0.077463365920503124 -0.049807864787501793 0.034266792381144349
leaf_weight=67.00947992503643 196.66021986305714 22.830223873257637 328.62080027163029 186.94068732857704 91.465924993157387 317.21449793875217 100.78937414288521
leaf_count=275 844 92 1371 769 376 1390 408
internal_value=1.93414e-05 -0.0271104 0.0256804 -0.00197941 0.0423663 -0.0388788 0.0217292
internal_weight=1311.53 637.494 674.037 253.95 420.087 513.875 123.62
internal_count=5525 2734 2791 1044 1747 2234 500
is_linear=0
shrinkage=0.1


Tree=9
num_leaves=8
num_cat=0
split_feature=31 5 28 14 9 40 41
split_gain=78.66 47.8445 18.8067 14.3439 13.5349 10.2498 5.49535
threshold=1.0000000180025095e-35 1.0000000180025095e-35 1.0000000180025095e-35 1.0000000180025095e-35 1.0000000180025095e-35 1.0000000180025095e-35 1.0000000180025095e-35
decision_type=2 2 2 2 2 2 2
left_child=4 3 -3 -2 5 -1 -6
right_child=1 2 -4 -5 6 -7 -8
leaf_value=0.057930474216819176 -0.077884937016854616 0.045782016252449188 -0.0086971032402105488 -0.026454652662891816 0.11590352396722624 0.0058810631743847095 0.049526772726594365
leaf_weight=48.476253092288971 59.301858767867088 132.80091209709644 119.85627695918083 576.43451927602291 13.11066150665283 161.97831562161446 190.04695409536362
leaf_count=201 274 544 494 2483 60 657 812
internal_value=1.85901e-05 -0.0167506 0.0200056 -0.0313669 0.0359905 0.0180874 0.0543571
internal_weight=1302.01 888.394 252.657 635.736 413.612 210.455 203.158
internal_count=5525 3795 1038 2757 1730 858 872
is_linear=0
shrinkage=0.1


Tree=10
num_leaves=8
num_cat=0
split_feature=30 7 2 50 38 13 36
split_gain=64.8472 35.6222 15.6383 15.4149 12.0366 5.83153 5.74896
threshold=1.0000000180025095e-35 1.0000000180025095e-35 1.0000000180025095e-35 1.0000000180025095e-35 1.0000000180025095e-35 1.0000000180025095e-35 1.0000000180025095e-35
decision_type=2 2 2 2 2 2 2
left_child=3 5 -3 6 -5 -2 -1
right_child=1 2 -4 4 -6 -7 -8
leaf_value=0.013214114296548743 -0.064266333249791585 -0.0032912645723669788 0.063735218298961019 0.064041587314791967 0.025189256737850763 -0.033200700494701411 -0.042005932000968978
leaf_weight=36.649666547775269 76.085344314575195 345.88315267860889 37.695267334580421 104.56955689191818 338.43530611693859 316.54210947453976 37.048159584403038
leaf_count=151 365 1435 158 463 1405 1397 151
internal_value=2.95058e-05 -0.0182346 0.00344421 0.0274486 0.0344838 -0.0393687 -0.0147359
internal_weight=1292.91 776.206 383.578 516.703 443.005 392.627 73.6978
internal_count=5525 3355 1593 2170 1868 1762 302
is_linear=0
shrinkage=0.1


Tree=11
num_leaves=8
num_cat=0
split_feature=29 6 33 4 28 0 2
split_gain=55.4258 23.3528 26.0284 22.7883 8.03249 6.93731 6.31321
threshold=1.0000000180025095e-35 1.0000000180025095e-35 1.0000000180025095e-35 1.0000000180025095e-35 1.0000000180025095e-35 1.0000000180025095e-35 1.0000000180025095e-35
decision_type=2 2 2 2 2 2 2
left_child=1 2 -1 4 -2 -5 -3
right_child=3 6 -4 5 -6 -7 -8
leaf_value=0.033304927546830808 -0.014763949429973956 0.045407189179555579 -0.013541863992251966 -0.031760263953083512 -0.040918737606667005 0.028436892365568203 0.13045058549902103
leaf_weight=221.23537603020668 192.62788367271423 178.63046757876873 253.47382704913616 22.746669217944145 306.49436436593533 99.949263244867325 8.5550630092620832
leaf_count=943 844 757 1054 92 1390 408 37
internal_value=2.64267e-05 0.0201517 0.00831492 -0.0213939 -0.0308744 0.0171104 0.0499665
internal_weight=1283.71 661.895 474.709 621.818 499.122 122.696 187.186
internal_count=5525 2791 1997 2734 2234 500 794
is_linear=0
shrinkage=0.1


Tree=12
num_leaves=8
num_cat=0
split_feature=29 6 33 3 0 2 24
split_gain=45.3771 19.3117 21.2455 18.8346 8.83968 5.68624 3.61534
threshold=1.0000000180025095e-35 1.0000000180025095e-35 1.0000000180025095e-35 1.0000000180025095e-35 1.0000000180025095e-35 1.0000000180025095e-35 1.0000000180025095e-35
decision_type=2 2 2 2 2 2 2
left_child=1 2 -1 4 -2 -3 -5
right_child=3 5 -4 6 -6 -7 -8
leaf_value=0.030204320691109898 -0.049148808880702388 0.041276007069621673 -0.012208333134594192 0.061733562186849111 -0.018966951110991143 0.12324193252367213 0.012930185972807005
leaf_weight=219.73594699800014 127.49034662544727 177.04406571388245 253.1708410680294 19.566598579287529 408.32197973132133 8.2254010736942273 61.046910554170609
leaf_count=943 573 757 1054 82 1829 37 250
internal_value=3.39223e-05 0.0182805 0.00752084 -0.0194466 -0.0262266 0.0455571 0.0253871
internal_weight=1274.6 658.176 472.907 616.426 535.812 185.269 80.6135
internal_count=5525 2791 1997 2734 2402 794 332
is_linear=0
shrinkage=0.1


Tree=13
num_leaves=8
num_cat=0
split_feature=28 12 36 41 4 14 0
split_gain=38.517 22.5199 15.3197 10.9119 10.2558 6.41338 2.34803
threshold=1.0000000180025095e-35 1.0000000180025095e-35 1.0000000180025095e-35 1.0000000180025095e-35 1.0000000180025095e-35 1.0000000180025095e-35 1.0000000180025095e-35
decision_type=2 2 2 2 2 2 2
left_child=1 2 -1 -3 5 -2 -6
right_child=4 3 -4 -5 6 -7 -8
leaf_value=0.024893382092382722 -0.082764576543613855 0.090382104241966077 -0.026614304310442684 0.019543227569434527 -0.025634746699072265 -0.030421691051927598 0.015046733048757081
leaf_weight=79.874110579490662 25.119798928499222 21.68678243458271 201.55611661076546 586.28036598861217 17.516394808888435 274.24152408540249 60.038406133651733
leaf_count=335 133 103 880 2501 71 1257 245
internal_value=4.64224e-05 0.0113996 -0.0119593 0.0222144 -0.0267026 -0.0350748 0.00564912
internal_weight=1266.31 889.397 281.43 607.967 376.916 299.361 77.5548
internal_count=5525 3819 1215 2604 1706 1390 316
is_linear=0
shrinkage=0.1


Tree=14
num_leaves=8
num_cat=0
split_feature=31 7 0 9 14 40 37
split_gain=33.5726 23.6504 12.466 9.15527 7.0596 5.7616 4.57937
threshold=1.0000000180025095e-35 1.0000000180025095e-35 1.0000000180025095e-35 1.0000000180025095e-35 1.0000000180025095e-35 1.0000000180025095e-35 1.0000000180025095e-35
decision_type=2 2 2 2 2 2 2
left_child=3 4 -3 5 -2 -1 -5
right_child=1 2 -4 6 -6 -7 -8
leaf_value=0.040004294118967144 -0.061092525735047656 -0.027922614911545282 0.014523920855650916 0.062696946972245038 -0.022484218016667831 0.00023195215633487636 0.028952403493690368
leaf_weight=46.128145217895508 53.650881677865982 86.126130521297455 335.52805113792419 59.194167912006378 384.23924344778061 160.40768478810787 133.51528778672218
leaf_count=201 274 365 1416 297 1740 657 575
internal_value=3.62381e-05 -0.0110926 0.00580834 0.0239636 -0.027343 0.00926475 0.0395878
internal_weight=1258.79 859.544 421.654 399.245 437.89 206.536 192.709
internal_count=5525 3795 1781 1730 2014 858 872
is_linear=0
shrinkage=0.1


Tree=15
num_leaves=8
num_cat=0
split_feature=28 12 36 2 4 14 24
split_gain=28.8658 15.9377 10.645 10.1901 7.65322 5.03609 1.9665
threshold=1.0000000180025095e-35 1.0000000180025095e-35 1.0000000180025095e-35 1.0000000180025095e-35 1.0000000180025095e-35 1.0000000180025095e-35 1.0000000180025095e-35
decision_type=2 2 2 2 2 2 2
left_child=1 2 -1 -3 5 -2 -6
right_child=4 3 -4 -5 6 -7 -8
leaf_value=0.020944859125772715 -0.074607744604968107 0.016543845812226819 -0.022227682622560821 0.088431556467863173 0.040766348395940101 -0.026649838690560992 -0.0023107508526119011
leaf_weight=79.088641762733459 23.306035250425339 583.38259167969227 198.71368014812469 19.481600031256676 11.615329444408415 269.91603383421898 65.695550605654716
leaf_count=335 133 2515 880 89 48 1257 268
internal_value=3.5382e-05 0.00988744 -0.00990568 0.0190095 -0.0233442 -0.0307023 0.00459916
internal_weight=1251.2 880.667 277.802 602.864 370.533 293.222 77.3109
internal_count=5525 3819 1215 2604 1706 1390 316
is_linear=0
shrinkage=0.1


Tree=16
num_leaves=8
num_cat=0
split_feature=31 5 0 9 14 41 40
split_gain=24.8033 17.7419 10.1498 7.1197 6.8345 4.53409 4.35862
threshold=1.0000000180025095e-35 1.0000000180025095e-35 1.0000000180025095e-35 1.0000000180025095e-35 1.0000000180025095e-35 1.0000000180025095e-35 1.0000000180025095e-35
decision_type=2 2 2 2 2 2 2
left_child=3 4 -3 6 -2 -5 -1
right_child=1 2 -4 5 -6 -7 -8
leaf_value=0.034800922991592258 -0.053546619056076751 -0.027787042981893856 0.022971750925920659 0.095080653971946358 -0.015511737450186736 0.030491477151124359 -3.3608304212542216e-05
leaf_weight=45.314658030867577 50.94264055788517 48.191958785057068 198.45071037113667 10.897236526012419 552.67598250508308 177.96268019080162 160.02543488144875
leaf_count=201 274 202 836 60 2483 812 657
internal_value=3.16495e-05 -0.0095799 0.0129817 0.0207349 -0.018805 0.0346994 0.00778511
internal_weight=1244.46 850.261 246.643 394.2 603.619 188.86 205.34
internal_count=5525 3795 1038 1730 2757 872 858
is_linear=0
shrinkage=0.1


Tree=17
num_leaves=8
num_cat=0
split_feature=28 50 41 13 3 33 15
split_gain=21.7733 12.8667 10.031 5.77885 4.42738 2.27907 0.782342
threshold=1.0000000180025095e-35 1.0000000180025095e-35 1.0000000180025095e-35 1.0000000180025095e-35 1.0000000180025095e-35 1.0000000180025095e-35 1.0000000180025095e-35
decision_type=2 2 2 2 2 2 2
left_child=1 5 -3 6 -5 -1 -2
right_child=3 2 -4 4 -6 -7 -8
leaf_value=-0.0047715314937271137 -0.078408786787783763 0.065329767667972424 0.010754258563278857 -0.021295550665003868 0.010481506807414611 -0.033870103826033907 -0.042247328108068617
leaf_weight=44.248953729867935 14.329401463270186 34.38209792971611 724.91320580244064 280.26909719407558 51.313041508197784 69.222660064697266 18.770437017083168
leaf_count=186 88 169 3138 1299 212 326 107
internal_value=3.64474e-05 0.00861077 0.0133082 -0.0204513 -0.0163613 -0.0226637 -0.0597425
internal_weight=1237.45 872.767 759.295 364.682 331.582 113.472 33.0998
internal_count=5525 3819 3307 1706 1511 512 195
is_linear=0
shrinkage=0.1


Tree=18
num_leaves=7
num_cat=0
split_feature=24 30 2 14 42 22
split_gain=20.0779 14.0139 6.92947 6.65263 2.56623 3.74613
threshold=1.0000000180025095e-35 1.0000000180025095e-35 1.0000000180025095e-35 1.0000000180025095e-35 1.0000000180025095e-35 1.0000000180025095e-35
decision_type=2 2 2 2 2 2
left_child=4 3 -3 -2 -1 -6
right_child=1 2 -4 -5 5 -7
leaf_value=0.092232100172895737 -0.029280430197342625 -0.015562003259506685 0.039653588128297453 0.014386797607045358 -0.044983799606312318 0.032672682583393807
leaf_weight=6.122836545109748 37.774476930499077 655.51422844827175 22.609540477395058 352.4986017793417 5.63218930363655 151.99639198184013
leaf_count=31 160 2999 98 1529 28 680
internal_value=2.21559e-05 -0.00498421 -0.0136654 0.0100962 0.0325182 0.0296319
internal_weight=1232.15 1068.4 678.124 390.273 163.751 157.629
internal_count=5525 4786 3097 1689 739 708
is_linear=0
shrinkage=0.1


Tree=19
num_leaves=8
num_cat=0
split_feature=24 29 5 0 0 32 7
split_gain=16.4512 11.6405 9.70717 5.35504 2.48985 3.76427 2.99854
threshold=1.0000000180025095e-35 1.0000000180025095e-35 1.0000000180025095e-35 1.0000000180025095e-35 1.0000000180025095e-35 1.0000000180025095e-35 1.0000000180025095e-35
decision_type=2 2 2 2 2 2 2
left_child=4 2 -2 -3 5 -1 -6
right_child=1 3 -4 -5 6 -7 -8
leaf_value=0.04736651169723715 0.0019694761414173214 -0.032344955546627821 0.049691395046299137 -0.0090927091828131908 0.011835831346918178 -0.043218854258897169 0.043266172969067644
leaf_weight=6.7930754125118264 467.4962259978056 128.99484446644783 45.911634549498558 422.02567888796329 44.603295341134071 10.179495230317116 100.86295191943645
leaf_count=31 2020 609 200 1957 207 43 458
internal_value=2.90004e-05 -0.00450272 0.00632532 -0.0145848 0.0295703 -0.0063449 0.0337755
internal_weight=1226.87 1064.43 513.408 551.021 162.439 16.9726 145.466
internal_count=5525 4786 2220 2566 739 74 665
is_linear=0
shrinkage=0.1


Tree=20
num_leaves=8
num_cat=0
split_feature=28 5 33 13 2 50 15
split_gain=13.6983 10.5711 11.4509 5.04112 4.78145 3.46239 0.785505
threshold=1.0000000180025095e-35 1.0000000180025095e-35 1.0000000180025095e-35 1.0000000180025095e-35 1.0000000180025095e-35 1.0000000180025095e-35 1.0000000180025095e-35
decision_type=2 2 2 2 2 2 2
left_child=1 2 -1 6 -3 -5 -2
right_child=3 4 -4 5 -6 -7 -8
leaf_value=0.019235366955960578 -0.072971157351649552 0.023695433780792186 -0.0074703624647249091 0.043292152757780748 0.077493136668316809 -0.014475043268970556 -0.036873361965500749
leaf_weight=243.26023383438587 13.418713569641115 135.55075585842133 467.57087548077106 9.777052089571951 18.209877461194992 316.41171233355999 18.029498726129532
leaf_count=1110 88 582 2038 50 89 1461 107
internal_value=3.30974e-05 0.00684191 0.00168304 -0.0164005 0.0305263 -0.0126165 -0.0540502
internal_weight=1222.23 864.592 710.831 357.637 153.761 326.189 31.4482
internal_count=5525 3819 3148 1706 671 1511 195
is_linear=0
shrinkage=0.1


Tree=21
num_leaves=7
num_cat=0
split_feature=24 30 12 14 42 22
split_gain=11.9499 8.49289 6.15686 5.42892 2.50928 3.20736
threshold=1.0000000180025095e-35 1.0000000180025095e-35 1.0000000180025095e-35 1.0000000180025095e-35 1.0000000180025095e-35 1.0000000180025095e-35
decision_type=2 2 2 2 2 2
left_child=4 3 -3 -2 -1 -6
right_child=1 2 -4 -5 5 -7
leaf_value=0.085654097118651615 -0.027656745131128885 -0.025325328592681565 -0.0043776490901614833 0.011833963486855266 -0.046282819059545892 0.025521962421960212
leaf_weight=5.7620269507169715 37.692473039031029 199.35581324994564 470.05281434953213 350.11274030804634 5.5982525348663321 148.54952992498875
leaf_count=31 160 1038 2059 1529 28 680
internal_value=3.23233e-05 -0.00382837 -0.0106445 0.00793443 0.0254217 0.0226327
internal_weight=1217.12 1057.21 669.409 387.805 159.91 154.148
internal_count=5525 4786 3097 1689 739 708
is_linear=0
shrinkage=0.1


Tree=22
num_leaves=8
num_cat=0
split_feature=28 7 2 36 13 50 15
split_gain=9.9421 8.65429 5.60861 5.40839 4.11451 3.0249 0.770074
threshold=1.0000000180025095e-35 1.0000000180025095e-35 1.0000000180025095e-35 1.0000000180025095e-35 1.0000000180025095e-35 1.0000000180025095e-35 1.0000000180025095e-35
decision_type=2 2 2 2 2 2 2
left_child=1 3 -3 -1 6 -6 -2
right_child=4 2 -4 -5 5 -7 -8
leaf_value=0.014483261808079346 -0.067953200483814521 0.014927515333145361 0.071666728621416861 -0.0086814914435328489 0.041342076721912459 -0.012440127351235578 -0.032160031896445389
leaf_weight=136.93093603849411 12.60165946185589 330.68632447719574 17.498952448368073 373.44467055797577 9.8587205708026868 314.09212586283684 17.393015965819359
leaf_count=630 88 1459 89 1641 50 1461 107
internal_value=3.07401e-05 0.0058448 0.0179762 -0.00245035 -0.0140491 -0.0106812 -0.0489051
internal_weight=1212.51 858.561 348.185 510.376 353.946 323.951 29.9947
internal_count=5525 3819 1548 2271 1706 1511 195
is_linear=0
shrinkage=0.1


Tree=23
num_leaves=5
num_cat=0
split_feature=1 31 7 9
split_gain=9.31846 9.74715 6.35616 4.41621
threshold=1.0000000180025095e-35 1.0000000180025095e-35 1.0000000180025095e-35 1.0000000180025095e-35
decision_type=2 2 2 2
left_child=1 3 -3 -1
right_child=-2 2 -4 -5
leaf_value=0.0023533738397241797 0.11184347899186423 -0.015515147224651318 0.0020803693389789672 0.023880873685143231
leaf_weight=202.19949868321419 6.4076496809720984 413.62433218955994 406.24283307790756 179.6474247276783
leaf_count=858 32 2014 1751 870
internal_value=2.89284e-05 -0.000659774 -0.00680468 0.0125173
internal_weight=1208.12 1201.71 819.867 381.847
internal_count=5525 5493 3765 1728
is_linear=0
shrinkage=0.1


Tree=24
num_leaves=5
num_cat=0
split_feature=1 35 12 13
split_gain=8.13049 8.13947 6.51438 4.36675
threshold=1.0000000180025095e-35 1.0000000180025095e-35 1.0000000180025095e-35 1.0000000180025095e-35
decision_type=2 2 2 2
left_child=1 3 -3 -1
right_child=-2 2 -4 -5
leaf_value=-0.015951099785935074 0.10663967487700637 -0.017420851591231298 0.00065799705993495479 0.023329226948920236
leaf_weight=32.871057763695717 6.1124413460493079 276.0056848526001 710.36325405538082 178.39518140256405
leaf_count=139 32 1379 3113 862
internal_value=3.79654e-05 -0.000594618 -0.00441335 0.0171712
internal_weight=1203.75 1197.64 986.369 211.266
internal_count=5525 5493 4492 1001
is_linear=0
shrinkage=0.1


end of trees

feature_importances:
age_lt=_20.5=12
priors_count_lt=_0.5=11
sex=female_lt=_0.5=10
age_lt=_22.5=10
age_lt=_33.5=9
priors_count_lt=_7.5=9
age_lt=_52.5=8
priors_count_lt=_2.5=8
age_lt=_29.5=7
age_lt=_55.5=7
priors_count_lt=_1.5=7
age_lt=_24.5=6
age_lt=_38.5=6
priors_count_lt=_5.0=6
juvenile_crimes_lt=_0.5=5
priors_count_lt=_8.5=5
priors_count_lt=_9.5=5
priors_count_lt=_3.5=4
priors_count_lt=_15.5=4
age_lt=_50.5=4
age_lt=_36.5=3
age_lt=_58.5=3
priors_count_lt=_13.5=3
age_lt=_19.5=2
age_lt=_21.5=2
age_lt=_27.5=2
juv_misd_count_lt=_2.5=2
priors_count_lt=_4.5=2
priors_count_lt=_20.5=2
age_lt=_34.5=1
priors_count_lt=_6.5=1
current_charge_degree=felony_lt=_0.5=1

parameters:
[boosting: gbdt]
[objective: binary]
[metric: binary_logloss]
[tree_learner: serial]
[device_type: cpu]
[data_sample_strategy: bagging]
[data: ]
[valid: ]
[num_iterations: 25]
[learning_rate: 0.1]
[num_leaves: 31]
[num_threads: 8]
[seed: 42]
[deterministic: 0]
[force_col_wise: 0]
[force_row_wise: 0]
[histogram_pool_size: -1]
[max_depth: 3]
[min_data_in_leaf: 20]
[min_sum_hessian_in_leaf: 0.001]
[bagging_fraction: 1]
[pos_bagging_fraction: 1]
[neg_bagging_fraction: 1]
[bagging_freq: 0]
[bagging_seed: 400]
[bagging_by_query: 0]
[feature_fraction: 1]
[feature_fraction_bynode: 1]
[feature_fraction_seed: 30056]
[extra_trees: 0]
[extra_seed: 12879]
[early_stopping_round: 0]
[early_stopping_min_delta: 0]
[first_metric_only: 0]
[max_delta_step: 0]
[lambda_l1: 0]
[lambda_l2: 1]
[linear_lambda: 0]
[min_gain_to_split: 0]
[drop_rate: 0.1]
[max_drop: 50]
[skip_drop: 0.5]
[xgboost_dart_mode: 0]
[uniform_drop: 0]
[drop_seed: 17869]
[top_rate: 0.2]
[other_rate: 0.1]
[min_data_per_group: 100]
[max_cat_threshold: 32]
[cat_l2: 10]
[cat_smooth: 10]
[max_cat_to_onehot: 4]
[top_k: 20]
[monotone_constraints: ]
[monotone_constraints_method: basic]
[monotone_penalty: 0]
[feature_contri: ]
[forcedsplits_filename: ]
[refit_decay_rate: 0.9]
[cegb_tradeoff: 1]
[cegb_penalty_split: 0]
[cegb_penalty_feature_lazy: ]
[cegb_penalty_feature_coupled: ]
[path_smooth: 0]
[interaction_constraints: ]
[verbosity: -1]
[saved_feature_importance_type: 0]
[use_quantized_grad: 0]
[num_grad_quant_bins: 4]
[quant_train_renew_leaf: 0]
[stochastic_rounding: 1]
[linear_tree: 0]
[max_bin: 255]
[max_bin_by_feature: ]
[min_data_in_bin: 3]
[bin_construct_sample_cnt: 200000]
[data_random_seed: 175]
[is_enable_sparse: 1]
[enable_bundle: 1]
[use_missing: 1]
[zero_as_missing: 0]
[feature_pre_filter: 1]
[pre_partition: 0]
[two_round: 0]
[header: 0]
[label_column: ]
[weight_column: ]
[group_column: ]
[ignore_column: ]
[categorical_feature: ]
[forcedbins_filename: ]
[precise_float_parser: 0]
[parser_config_file: ]
[objective_seed: 16083]
[num_class: 1]
[is_unbalance: 0]
[scale_pos_weight: 1]
[sigmoid: 1]
[boost_from_average: 1]
[reg_sqrt: 0]
[alpha: 0.9]
[fair_c: 1]
[poisson_max_delta_step: 0.7]
[tweedie_variance_power: 1.5]
[lambdarank_truncation_level: 30]
[lambdarank_norm: 1]
[label_gain: ]
[lambdarank_position_bias_regularization: 0]
[eval_at: ]
[multi_error_top_k: 1]
[auc_mu_weights: ]
[num_machines: 1]
[local_listen_port: 12400]
[time_out: 120]
[machine_list_filename: ]
[machines: ]
[gpu_platform_id: -1]
[gpu_device_id: -1]
[gpu_use_dp: 0]
[num_gpu: 1]

end of parameters

pandas_categorical:[]
