tree
version=v4
num_class=1
num_tree_per_iteration=1
label_index=0
max_feature_idx=32
objective=binary sigmoid:1
feature_names=admission_type_id_lt=_5.5 discharge_disposition_id_lt=_1.5 discharge_disposition_id_lt=_8.5 discharge_disposition_id_lt=_9.5 discharge_disposition_id_lt=_10.0 discharge_disposition_id_lt=_10.5 discharge_disposition_id_lt=_14.5 admission_source_id_lt=_6.5 time_in_hospital_lt=_3.5 num_lab_procedures_lt=_18.5 num_lab_procedures_lt=_30.5 num_procedures_lt=_0.5 num_medications_lt=_7.5 num_medications_lt=_10.5 number_outpatient_lt=_0.5 number_emergency_lt=_0.5 number_emergency_lt=_1.5 number_inpatient_lt=_0.5 number_inpatient_lt=_1.5 number_inpatient_lt=_2.5 number_inpatient_lt=_3.5 number_inpatient_lt=_4.5 number_diagnoses_lt=_5.5 number_diagnoses_lt=_6.5 age_(70-80)_lt=_0.5 diag_1_278_lt=_0.5 diag_1_428_lt=_0.5 diag_1_491_lt=_0.5 diag_2_403_lt=_0.5 diag_2_648_lt=_0.5 diabetesMed_No_lt=_0.5 diabetesMed_Yes_lt=_0.5 number_emergency_lt=_2.5
feature_infos=[0:1] [0:1] [0:1] [0:1] [0:1] [0:1] [0:1] [0:1] [0:1] [0:1] [0:1] [0:1] [0:1] [0:1] [0:1] [0:1] [0:1] [0:1] [0:1] [0:1] [0:1] [0:1] [0:1] [0:1] [0:1] [0:1] [0:1] [0:1] [0:1] [0:1] [0:1] [0:1] [0:1]
tree_sizes=1024 1033 1029 1036 1031 1029 1023 1035 1035 1032 1032 1031 1027 1033 1034 1037 1030 1039 1025 1024 1033 1040 1020 1032 1033

Tree=0
num_leaves=8
num_cat=0
split_feature=17 18 22 4 15 3 7
split_gain=3709.83 595.354 537.847 279.928 225.95 181.121 69.9652
threshold=1.0000000180025095e-35 1.0000000180025095e-35 1.0000000180025095e-35 1.0000000180025095e-35 1.0000000180025095e-35 1.0000000180025095e-35 1.0000000180025095e-35
decision_type=2 2 2 2 2 2 2
left_child=1 3 4 -1 -2 -3 -4
right_child=2 5 6 -5 -6 -7 -8
leaf_value=-0.15262702472386627 -0.1243036184603932 -0.18965067132378588 -0.20738805804208976 -0.051707769993915784 -0.18028178173009207 -0.11528861767510709 -0.23703444124357165
leaf_weight=307.35673677921295 779.6972029209137 360.52920377254486 1528.8326607942581 2604.7054742574692 9459.2327964305878 3507.6435352563858 1680.3990386724472
leaf_count=1237 3138 1451 6153 10483 38070 14117 6763
internal_value=-0.156809 -0.0965015 -0.187216 -0.0623543 -0.176016 -0.122226 -0.222931
internal_weight=20228.4 6780.23 13448.2 2912.06 10238.9 3868.17 3209.23
internal_count=81412 27288 54124 11720 41208 15568 12916
is_linear=0
shrinkage=1


Tree=1
num_leaves=8
num_cat=0
split_feature=17 18 23 4 14 3 15
split_gain=3000.4 477.497 441.481 224.22 188.163 146.315 93.035
threshold=1.0000000180025095e-35 1.0000000180025095e-35 1.0000000180025095e-35 1.0000000180025095e-35 1.0000000180025095e-35 1.0000000180025095e-35 1.0000000180025095e-35
decision_type=2 2 2 2 2 2 2
left_child=1 3 4 -1 -2 -3 -4
right_child=2 5 6 -5 -6 -7 -8
leaf_value=0.0037634187609307764 0.021062481753929357 -0.029655311678398067 0.011738930147771755 0.094045189638154905 -0.020364969942792355 0.037257759063475206 -0.055687249228158757
leaf_weight=307.45597863197327 1282.4677905440331 359.50767037272453 214.3142162412405 2618.9990547448397 7525.7966993749142 3517.5487421005964 4388.5321640223265
leaf_count=1237 5168 1451 865 10483 30340 14117 17751
internal_value=-9.98999e-06 0.0540761 -0.0274501 0.0845646 -0.0143315 0.0310471 -0.0525459
internal_weight=20214.6 6803.51 13411.1 2926.46 8808.26 3877.06 4602.85
internal_count=81412 27288 54124 11720 35508 15568 18616
is_linear=0
shrinkage=0.1


Tree=2
num_leaves=8
num_cat=0
split_feature=17 19 22 2 30 3 7
split_gain=2431.76 404.331 379.64 196.061 174.977 94.9017 57.4401
threshold=1.0000000180025095e-35 1.0000000180025095e-35 1.0000000180025095e-35 1.0000000180025095e-35 1.0000000180025095e-35 1.0000000180025095e-35 1.0000000180025095e-35
decision_type=2 2 2 2 2 2 2
left_child=1 5 4 -3 -2 -1 -4
right_child=2 3 6 -5 -6 -7 -8
leaf_value=0.020257136835032323 -0.038792356699334195 -0.022093202329907233 -0.040886051644956727 0.042428442972673293 -0.0080640368408950881 0.10542287815584073 -0.067905880709825422
leaf_weight=146.68584600090981 2432.8843713253736 520.52920418977737 1512.7099461555481 4889.2718875408173 7769.4180837720633 1252.9384464025497 1655.3905035108328
leaf_count=590 9829 2103 6153 19581 31379 5014 6763
internal_value=-1.46408e-05 0.048624 -0.0247876 0.0362173 -0.0153947 0.096518 -0.0550214
internal_weight=20179.8 6809.43 13370.4 5409.8 10202.3 1399.62 3168.1
internal_count=81412 27288 54124 21684 41208 5604 12916
is_linear=0
shrinkage=0.1


Tree=3
num_leaves=8
num_cat=0
split_feature=17 18 22 15 4 7 14
split_gain=1973.59 346.406 312.681 171.904 150.778 94.4801 50.1053
threshold=1.0000000180025095e-35 1.0000000180025095e-35 1.0000000180025095e-35 1.0000000180025095e-35 1.0000000180025095e-35 1.0000000180025095e-35 1.0000000180025095e-35
decision_type=2 2 2 2 2 2 2
left_child=1 4 3 -2 -1 -3 -4
right_child=2 5 6 -5 -6 -7 -8
leaf_value=0.0035752652342282846 0.031194202523801465 0.035740323706201886 -0.0067773999804854324 -0.017622776018395764 0.077621244190776983 0.0031066119699887013 -0.05365992702379279
leaf_weight=307.46568022668362 780.35457119345665 2514.9246392250061 247.78641131520271 9405.5451638251543 2611.4811110049486 1370.7224206924438 2893.7570469677448
leaf_count=1237 3138 10076 1018 38070 10483 5492 11898
internal_value=-1.71872e-05 0.0437975 -0.0223893 -0.0138802 0.0698255 0.024232 -0.0499654
internal_weight=20132 6804.59 13327.4 10185.9 2918.95 3885.65 3141.54
internal_count=81412 27288 54124 41208 11720 15568 12916
is_linear=0
shrinkage=0.1


Tree=4
num_leaves=8
num_cat=0
split_feature=17 19 23 2 2 26 3
split_gain=1603.44 297.261 266.154 151.683 147.472 80.0349 64.8993
threshold=1.0000000180025095e-35 1.0000000180025095e-35 1.0000000180025095e-35 1.0000000180025095e-35 1.0000000180025095e-35 1.0000000180025095e-35 1.0000000180025095e-35
decision_type=2 2 2 2 2 2 2
left_child=1 6 3 -2 -3 -4 -1
right_child=2 4 5 -5 -6 -7 -8
leaf_value=0.017859128434247876 -0.050356815556198677 -0.02166824166208527 0.032146392239791197 -0.0057725556523956084 0.034297962274458652 -0.042405240320602167 0.088290996066937813
leaf_weight=146.9250413775444 843.44502252340317 520.34563641250134 148.21818087995052 7925.0625746995211 4885.9531164765358 4366.0928458869457 1237.7153081595898
leaf_count=590 3418 2103 610 32090 19581 18006 5014
internal_value=-1.70804e-05 0.0395064 -0.0202252 -0.0100664 0.0289083 -0.0399509 0.0808357
internal_weight=20073.8 6790.94 13282.8 8768.51 5406.3 4514.31 1384.64
internal_count=81412 27288 54124 35508 21684 18616 5604
is_linear=0
shrinkage=0.1


Tree=5
num_leaves=8
num_cat=0
split_feature=17 18 14 22 21 22 25
split_gain=1303.65 256.604 237.479 178.329 112.374 83.6062 73.333
threshold=1.0000000180025095e-35 1.0000000180025095e-35 1.0000000180025095e-35 1.0000000180025095e-35 1.0000000180025095e-35 1.0000000180025095e-35 1.0000000180025095e-35
decision_type=2 2 2 2 2 2 2
left_child=1 4 6 -4 -1 -3 -2
right_child=2 5 3 -5 -6 -7 -8
leaf_value=0.1077902194523775 -0.11689161104654558 0.0252911090812891 -0.016294067167814334 -0.045141250227653376 0.050363400161144649 -0.014707159911153532 0.019878732601117919
leaf_weight=395.14458598196507 39.167206630110741 3264.7083183079958 8699.7257250100374 2843.4008357226849 2489.5295031517744 621.45600658655167 1657.6829890757799
leaf_count=1617 160 13079 35344 11898 10103 2489 6722
internal_value=-1.60826e-05 0.0356729 -0.0182685 -0.0234032 0.0582644 0.0188926 0.0166548
internal_weight=20010.8 6770.84 13240 11543.1 2884.67 3886.16 1696.85
internal_count=81412 27288 54124 47242 11720 15568 6882
is_linear=0
shrinkage=0.1


Tree=6
num_leaves=8
num_cat=0
split_feature=17 20 15 26 3 1 3
split_gain=1060.23 215.141 196.834 194.877 138.647 42.9749 28.9518
threshold=1.0000000180025095e-35 1.0000000180025095e-35 1.0000000180025095e-35 1.0000000180025095e-35 1.0000000180025095e-35 1.0000000180025095e-35 1.0000000180025095e-35
decision_type=2 2 2 2 2 2 2
left_child=1 5 6 -4 -3 -1 -2
right_child=2 4 3 -5 -6 -7 -8
leaf_value=0.05862236134261737 -0.047033808374222955 -0.01936692385826317 0.032708068198906141 -0.02286248046486937 0.031185970609454678 0.10871643262103536 0.03229900679730658
leaf_weight=333.09723784029484 47.70429852604866 601.79347637295723 666.46584336459637 11611.832264274359 5451.9758266955614 362.63077701628208 870.65514971315861
leaf_count=1375 193 2428 2716 47701 21976 1509 3514
internal_value=-1.52146e-05 0.0322199 -0.0165032 -0.0198437 0.0261582 0.0848512 0.0281314
internal_weight=19946.2 6749.5 13196.7 12278.3 6053.77 695.728 918.359
internal_count=81412 27288 54124 50417 24404 2884 3707
is_linear=0
shrinkage=0.1


Tree=7
num_leaves=8
num_cat=0
split_feature=17 18 14 7 4 14 25
split_gain=862.422 199.574 188.181 168.294 90.1715 80.9468 59.8969
threshold=1.0000000180025095e-35 1.0000000180025095e-35 1.0000000180025095e-35 1.0000000180025095e-35 1.0000000180025095e-35 1.0000000180025095e-35 1.0000000180025095e-35
decision_type=2 2 2 2 2 2 2
left_child=1 4 6 -4 -1 -3 -2
right_child=2 5 3 -5 -6 -7 -8
leaf_value=-0.0018332914223235534 -0.10595891904272921 0.042924155227744266 -0.0099399056684104595 -0.034859469428437477 0.055452480530288499 0.0070659798710668688 0.019057106337995927
leaf_weight=308.09695218503475 38.247894480824471 789.67191578447819 7065.8685656785965 4396.5716804414988 2534.7291250228882 3092.0166662633419 1658.1916110813618
leaf_count=1237 160 3166 29006 18236 10483 12402 6722
internal_value=-1.20885e-05 0.0291189 -0.0148999 -0.0195003 0.0492456 0.01437 0.0161777
internal_weight=19883.4 6724.51 13158.9 11462.4 2842.83 3881.69 1696.44
internal_count=81412 27288 54124 47242 11720 15568 6882
is_linear=0
shrinkage=0.1


Tree=8
num_leaves=8
num_cat=0
split_feature=17 15 23 2 18 3 30
split_gain=701.827 184.541 178.605 118.495 99.1587 86.3414 70.1088
threshold=1.0000000180025095e-35 1.0000000180025095e-35 1.0000000180025095e-35 1.0000000180025095e-35 1.0000000180025095e-35 1.0000000180025095e-35 1.0000000180025095e-35
decision_type=2 2 2 2 2 2 2
left_child=1 5 3 -2 -3 -1 -4
right_child=2 4 6 -5 -6 -7 -8
leaf_value=-0.035897489265892417 -0.041020810661457005 0.035248995330288004 -0.051440784906465836 -0.0013542034231083288 0.0073679890192674532 0.066772307765484304 -0.022475172771885089
leaf_weight=87.161113321781158 831.72136744856834 2076.2423591762781 1120.5930768698454 7876.6430916935205 3307.2076748460531 1225.7025034278631 3292.6451169550419
leaf_count=351 3418 8619 4733 32090 13270 5048 13883
internal_value=-1.04531e-05 0.02633 -0.0134537 -0.00514697 0.0181254 0.0599339 -0.02984
internal_weight=19817.9 6696.31 13121.6 8708.36 5383.45 1312.86 4413.24
internal_count=81412 27288 54124 35508 21889 5399 18616
is_linear=0
shrinkage=0.1


Tree=9
num_leaves=8
num_cat=0
split_feature=17 30 20 26 14 15 1
split_gain=571.051 161.414 159.291 123.948 115.146 43.6889 36.3021
threshold=1.0000000180025095e-35 1.0000000180025095e-35 1.0000000180025095e-35 1.0000000180025095e-35 1.0000000180025095e-35 1.0000000180025095e-35 1.0000000180025095e-35
decision_type=2 2 2 2 2 2 2
left_child=2 5 6 -3 -4 -2 -1
right_child=1 3 4 -5 -6 -7 -8
leaf_value=0.045825479101821637 0.01806265504677599 0.039738649572996082 0.044404878758348781 -0.0086553930390330623 0.011194322304282583 -0.034788988409833091 0.09274250647973091
leaf_weight=323.18864646553993 164.55285653471947 559.81745311617851 1345.0498262941837 9404.7811696380377 4657.4609436541796 2954.9697347134352 344.06003598868847
leaf_count=1375 665 2275 5490 38869 18914 12315 1509
internal_value=-9.72681e-06 -0.0121489 0.023802 -0.00593287 0.0186423 -0.0319962 0.0701204
internal_weight=19753.9 13084.1 6669.76 9964.6 6002.51 3119.52 667.249
internal_count=81412 54124 27288 41144 24404 12980 2884
is_linear=0
shrinkage=0.1


Tree=10
num_leaves=8
num_cat=0
split_feature=18 22 2 21 7 2 16
split_gain=468.242 232.714 173.445 71.233 67.3558 55.5428 15.752
threshold=1.0000000180025095e-35 1.0000000180025095e-35 1.0000000180025095e-35 1.0000000180025095e-35 1.0000000180025095e-35 1.0000000180025095e-35 1.0000000180025095e-35
decision_type=2 2 2 2 2 2 2
left_child=3 2 -2 6 -3 -5 -1
right_child=1 4 -4 5 -6 -7 -8
leaf_value=0.11206194079701515 -0.035167861628786906 -0.014618299464254561 0.0035880951035968112 -0.010169568759393781 -0.041929277404336808 0.037319382646084601 0.065502015771172692
leaf_weight=105.81814371049404 1276.3339228332043 1749.8727952092886 12030.84472438693 278.03091675043106 1868.5479022264481 2130.8987946212292 257.19520239531994
leaf_count=476 5266 7377 49021 1115 8028 8988 1141
internal_value=-6.4572e-06 -0.00624658 -0.000131476 0.0380845 -0.0287293 0.0318364 0.0793448
internal_weight=19697.5 16925.6 13307.2 2771.94 3618.42 2408.93 363.013
internal_count=81412 69692 54287 11720 15405 10103 1617
is_linear=0
shrinkage=0.1


Tree=11
num_leaves=8
num_cat=0
split_feature=17 14 16 7 14 25 3
split_gain=411.375 144.031 138.607 120.789 85.3943 48.8254 32.5291
threshold=1.0000000180025095e-35 1.0000000180025095e-35 1.0000000180025095e-35 1.0000000180025095e-35 1.0000000180025095e-35 1.0000000180025095e-35 1.0000000180025095e-35
decision_type=2 2 2 2 2 2 2
left_child=2 5 6 -3 -4 -2 -1
right_child=1 3 4 -5 -6 -7 -8
leaf_value=-0.028625501361769248 -0.095373626343273385 -0.0062789263203211158 0.038458342861466592 -0.027535425394788621 0.0099113312431339216 0.019447062092371983 0.077634356023538062
leaf_weight=30.214134857058525 36.90402552485466 7015.0561407655478 1341.6696034967899 4319.036964610219 4778.220684081316 1655.3574696630239 465.44790241122246
leaf_count=122 160 29006 5571 18236 19593 6722 2002
internal_value=-4.42722e-06 -0.0103176 0.0203012 -0.0143808 0.016175 0.0168883 0.0711125
internal_weight=19641.9 13026.4 6615.55 11334.1 6119.89 1692.26 495.662
internal_count=81412 54124 27288 47242 25164 6882 2124
is_linear=0
shrinkage=0.1


Tree=12
num_leaves=8
num_cat=0
split_feature=15 17 26 3 6 7 32
split_gain=358.443 210.519 128.709 76.3692 139.702 60.3639 52.875
threshold=1.0000000180025095e-35 1.0000000180025095e-35 1.0000000180025095e-35 1.0000000180025095e-35 1.0000000180025095e-35 1.0000000180025095e-35 1.0000000180025095e-35
decision_type=2 2 2 2 2 2 2
left_child=3 5 -3 4 -1 -2 -5
right_child=1 2 -4 6 -6 -7 -8
leaf_value=0.049661731340890754 0.019612510838794867 0.030568434772431392 -0.014597316151464902 0.082480069334661496 -0.15685394031857247 -0.0026769863144839889 0.036382324371135782
leaf_weight=79.347465991973877 3449.8084145784378 666.95035243034363 11410.937598273158 289.89089611172676 54.383115410804749 1874.9336056411266 1761.9097393602133
leaf_count=323 14207 2716 47701 1264 221 7682 7298
internal_value=-3.76258e-06 -0.00479833 -0.0121009 0.0381584 -0.0348612 0.011765 0.0429323
internal_weight=19588.2 17402.6 12077.9 2185.53 133.731 5324.74 2051.8
internal_count=81412 72306 50417 9106 544 21889 8562
is_linear=0
shrinkage=0.1


Tree=13
num_leaves=8
num_cat=0
split_feature=18 22 2 21 1 2 15
split_gain=296.891 174.202 133.815 57.7434 48.084 40.9251 11.5139
threshold=1.0000000180025095e-35 1.0000000180025095e-35 1.0000000180025095e-35 1.0000000180025095e-35 1.0000000180025095e-35 1.0000000180025095e-35 1.0000000180025095e-35
decision_type=2 2 2 2 2 2 2
left_child=3 2 -2 6 -3 -5 -1
right_child=1 4 -4 5 -6 -7 -8
leaf_value=0.08986946057949674 -0.030611802128756801 -0.004942169032012958 0.0035907625395040521 -0.010914704296299448 -0.031423705300797182 0.029905528886647183 0.052374690283838912
leaf_weight=149.93340738117695 1263.4912258833647 926.24549674987793 11993.837804123759 277.81308627128601 2643.5081966072321 2088.1167037934065 194.97450539469719
leaf_count=728 5266 3992 49021 1115 11413 8988 889
internal_value=-3.03014e-06 -0.00495128 0.00032902 0.0307029 -0.0245558 0.0251097 0.0688866
internal_weight=19537.9 16827.1 13257.3 2710.84 3569.75 2365.93 344.908
internal_count=81412 69692 54287 11720 15405 10103 1617
is_linear=0
shrinkage=0.1


Tree=14
num_leaves=8
num_cat=0
split_feature=15 14 7 10 3 6 16
split_gain=274.284 178.801 157.242 65.0807 58.0719 116.424 43.9045
threshold=1.0000000180025095e-35 1.0000000180025095e-35 1.0000000180025095e-35 1.0000000180025095e-35 1.0000000180025095e-35 1.0000000180025095e-35 1.0000000180025095e-35
decision_type=2 2 2 2 2 2 2
left_child=4 3 -3 -2 5 -1 -6
right_child=1 2 -4 -5 6 -7 -8
leaf_value=0.046028581666560819 0.031128816271992328 -0.00033477296363014334 -0.021567515012918315 -0.0043539819377574401 0.059291574119043983 -0.14391483001009506 0.027681227738042553
leaf_weight=79.481740355491638 1748.3671227395535 9241.7972925454378 5601.0834714174271 733.39516721665859 645.45897223055363 52.939519762992859 1384.7485654652119
leaf_count=323 7212 38371 23692 3031 2817 221 5745
internal_value=-1.46336e-06 -0.00419373 -0.00834804 0.0206456 0.0335689 -0.0304167 0.0377553
internal_weight=19487.3 17324.6 14842.9 2481.76 2162.63 132.421 2030.21
internal_count=81412 72306 62063 10243 9106 544 8562
is_linear=0
shrinkage=0.1


Tree=15
num_leaves=8
num_cat=0
split_feature=17 30 19 26 2 1 28
split_gain=228.316 127.892 83.8673 77.4517 51.1904 34.0913 32.9227
threshold=1.0000000180025095e-35 1.0000000180025095e-35 1.0000000180025095e-35 1.0000000180025095e-35 1.0000000180025095e-35 1.0000000180025095e-35 1.0000000180025095e-35
decision_type=2 2 2 2 2 2 2
left_child=2 6 5 -3 -4 -1 -2
right_child=1 3 4 -5 -6 -7 -8
leaf_value=0.022538984602275516 0.036995387366068146 0.033866089100874443 -0.020070054086080528 -0.0043350273349880434 0.013003759931197746 0.055852565069198272 -0.027254292640926034
leaf_weight=635.64099967479706 81.11094830930233 561.86383552849293 517.8818526417017 9298.2816754132509 4777.6863970458508 597.66706268489361 2983.1084799468517
leaf_count=2813 341 2275 2103 38869 19581 2791 12639
internal_value=-1.51362e-06 -0.00770134 0.0152397 -0.00215499 0.00976612 0.0387151 -0.0255421
internal_weight=19453.2 12924.4 6528.88 9860.15 5295.57 1233.31 3064.22
internal_count=81412 54124 27288 41144 21684 5604 12980
is_linear=0
shrinkage=0.1


Tree=16
num_leaves=8
num_cat=0
split_feature=15 13 11 3 6 24 32
split_gain=211.778 146.304 159.21 45.471 97.5284 42.0216 37.1919
threshold=1.0000000180025095e-35 1.0000000180025095e-35 1.0000000180025095e-35 1.0000000180025095e-35 1.0000000180025095e-35 1.0000000180025095e-35 1.0000000180025095e-35
decision_type=2 2 2 2 2 2 2
left_child=3 2 -2 4 -1 -3 -5
right_child=1 5 -4 6 -6 -7 -8
leaf_value=0.041810537460565851 -0.0071329532486767294 -0.0016461921033796294 0.015747678814207588 0.067597371404712947 -0.13374653727254976 -0.024605135115599891 0.027944448159989782
leaf_weight=79.669695630669594 7825.4141779094934 1039.0769840031862 4972.8325398564339 273.76087126135826 51.134554833173752 3425.84924505651 1736.5115888863802
leaf_count=323 32755 4371 20680 1264 221 14500 7298
internal_value=-1.25842e-07 -0.00367984 0.00175798 0.0296567 -0.027313 -0.0192637 0.0333753
internal_weight=19404.2 17263.2 12798.2 2141.08 130.804 4464.93 2010.27
internal_count=81412 72306 53435 9106 544 18871 8562
is_linear=0
shrinkage=0.1


Tree=17
num_leaves=8
num_cat=0
split_feature=14 7 13 22 9 2 25
split_gain=197.625 135.927 132.061 74.3266 62.1045 58.0112 28.0594
threshold=1.0000000180025095e-35 1.0000000180025095e-35 1.0000000180025095e-35 1.0000000180025095e-35 1.0000000180025095e-35 1.0000000180025095e-35 1.0000000180025095e-35
decision_type=2 2 2 2 2 2 2
left_child=4 2 -2 -3 5 -1 -6
right_child=1 3 -4 -5 6 -7 -8
leaf_value=-0.024803412871862131 0.0094765151075814347 -0.009269914536950051 -0.015739898051053362 -0.033832157442420061 -0.10120336670052242 0.033048898006445789 -0.0026606572913124679
leaf_weight=185.68979039788246 7429.7606354653835 4112.9779300391674 2881.5418960899115 1758.5797557234764 29.645601108670235 2470.844132527709 507.13541997969151
leaf_count=758 30910 17139 12129 7862 134 10369 2111
internal_value=-6.21083e-07 -0.00448717 0.00242883 -0.016631 0.0227303 0.0289973 -0.00828109
internal_weight=19376.2 16182.9 10311.3 5871.56 3193.31 2656.53 536.781
internal_count=81412 68040 43039 25001 13372 11127 2245
is_linear=0
shrinkage=0.1


Tree=18
num_leaves=8
num_cat=0
split_feature=18 26 8 6 4 2 28
split_gain=173.678 112.875 108.142 56.412 373.226 15.2426 3.11423
threshold=1.0000000180025095e-35 1.0000000180025095e-35 1.0000000180025095e-35 1.0000000180025095e-35 1.0000000180025095e-35 1.0000000180025095e-35 1.0000000180025095e-35
decision_type=2 2 2 2 2 2 2
left_child=3 5 -3 6 -5 -2 -1
right_child=1 2 -4 4 -6 -7 -8
leaf_value=0.12739747985361424 -0.011129408634907072 0.0023806885435744027 -0.014235482539793795 -0.16834232862209292 0.027725805822294777 0.031800095128595114 0.070374864990280922
leaf_weight=10.940310522913931 90.079309567809105 7870.5581862777472 7795.5155125558376 100.31515409052372 2330.7690446078777 952.1823832988739 194.79535779356956
leaf_count=44 371 32713 32750 409 10483 3858 784
internal_value=-2.84379e-06 -0.00376734 -0.00588798 0.0238435 0.0195694 0.0280827 0.0740087
internal_weight=19345.2 16708.3 15666.1 2636.82 2431.08 1042.26 205.736
internal_count=81412 69692 65463 11720 10892 4229 828
is_linear=0
shrinkage=0.1


Tree=19
num_leaves=8
num_cat=0
split_feature=15 26 14 21 3 2 3
split_gain=157.217 112.829 102.677 34.5412 31.1088 14.4155 2.49726
threshold=1.0000000180025095e-35 1.0000000180025095e-35 1.0000000180025095e-35 1.0000000180025095e-35 1.0000000180025095e-35 1.0000000180025095e-35 1.0000000180025095e-35
decision_type=2 2 2 2 2 2 2
left_child=3 5 -3 6 -5 -2 -1
right_child=1 2 -4 4 -6 -7 -8
leaf_value=0.020777687747942943 -0.0065522735593837415 0.014272839698720521 -0.0086290624807790883 -0.027024676895733287 0.025554751770273006 0.030368778673111493 0.07864959451814002
leaf_weight=8.842081740498541 117.09666348993778 2282.1309454888105 13733.003582924604 118.95760257542133 1863.6324337571859 1060.4376775473356 123.73260040581226
leaf_count=37 479 9484 57976 507 7871 4367 691
internal_value=-2.1224e-06 -0.00316768 -0.00536489 0.0257178 0.0223879 0.0266948 0.0749743
internal_weight=19307.8 17192.7 16015.1 2115.16 1982.59 1177.53 132.575
internal_count=81412 72306 67460 9106 8378 4846 728
is_linear=0
shrinkage=0.1


Tree=20
num_leaves=8
num_cat=0
split_feature=17 30 6 4 24 0 18
split_gain=135.426 94.5882 70.943 553.575 66.8469 27.5544 11.6012
threshold=1.0000000180025095e-35 1.0000000180025095e-35 1.0000000180025095e-35 1.0000000180025095e-35 1.0000000180025095e-35 1.0000000180025095e-35 1.0000000180025095e-35
decision_type=2 2 2 2 2 2 2
left_child=2 5 6 -4 -3 -2 -1
right_child=1 4 3 -5 -6 -7 -8
leaf_value=0.067361434802309939 0.015203085665105229 0.012938484848529911 -0.15511397890324063 0.014555390615875555 -0.0059992364947406181 -0.023879237456622817 0.035122291494582958
leaf_weight=205.57077695429325 192.00277183949947 2500.8825395256281 197.90853980183601 5785.6279101222754 7308.6447322815657 2833.0168123394251 253.33018752932549
leaf_count=828 828 10442 823 24602 30702 12152 1035
internal_value=-4.89374e-08 -0.00593832 0.0118292 0.00891851 -0.00117035 -0.0213944 0.0496793
internal_weight=19277 12834.5 6442.44 5983.54 9809.53 3025.02 458.901
internal_count=81412 54124 27288 25425 41144 12980 1863
is_linear=0
shrinkage=0.1


Tree=21
num_leaves=8
num_cat=0
split_feature=14 7 13 22 10 2 25
split_gain=127.617 105.458 93.9049 58.4714 50.7495 49.4154 24.7615
threshold=1.0000000180025095e-35 1.0000000180025095e-35 1.0000000180025095e-35 1.0000000180025095e-35 1.0000000180025095e-35 1.0000000180025095e-35 1.0000000180025095e-35
decision_type=2 2 2 2 2 2 2
left_child=4 2 -2 -3 5 -1 -6
right_child=1 3 -4 -5 6 -7 -8
leaf_value=-0.029391187685878836 0.0084338442716725293 -0.0078419115920100209 -0.012907526908384337 -0.029767889183832597 -0.086315438688320409 0.030390226449964398 0.001720962630436634
leaf_weight=147.25072304904461 7397.4242517948151 4090.4093087315559 2857.3746749907732 1730.6336928606033 32.143253684043884 2096.9915025532246 885.56798256933689
leaf_count=608 30910 17139 12129 7862 150 8906 3708
internal_value=-3.26383e-06 -0.00361569 0.00248665 -0.0143646 0.0183582 0.0264565 -0.00145315
internal_weight=19237.8 16075.8 10254.8 5821.04 3161.95 2244.24 917.711
internal_count=81412 68040 43039 25001 13372 9514 3858
is_linear=0
shrinkage=0.1


Tree=22
num_leaves=8
num_cat=0
split_feature=15 0 23 21 3 8 30
split_gain=117.056 94.2166 106.628 29.5481 21.656 15.5339 1.9381
threshold=1.0000000180025095e-35 1.0000000180025095e-35 1.0000000180025095e-35 1.0000000180025095e-35 1.0000000180025095e-35 1.0000000180025095e-35 1.0000000180025095e-35
decision_type=2 2 2 2 2 2 2
left_child=3 5 -3 6 -5 -2 -1
right_child=1 2 -4 4 -6 -7 -8
leaf_value=0.04214708663247678 0.039249608719559438 0.00071554963241942391 -0.017076329742189332 -0.022401169408410353 0.021934247868947505 0.014111917782361101 0.075807191632207727
leaf_weight=26.034967318177223 514.45569351315498 11338.216268926859 4791.0500681400299 116.36404512822628 1849.0268511474133 473.25454919040203 99.41915725171566
leaf_count=149 2165 47123 21006 507 7871 2012 579
internal_value=-4.7366e-06 -0.00273355 -0.0045701 0.0223256 0.0192992 0.0272315 0.0692104
internal_weight=19207.8 17117 16129.3 2090.85 1965.39 987.71 125.454
internal_count=81412 72306 68129 9106 8378 4177 728
is_linear=0
shrinkage=0.1


Tree=23
num_leaves=8
num_cat=0
split_feature=18 30 27 6 4 28 19
split_gain=105.428 84.0863 62.3416 41.1257 249.705 33.493 2.92072
threshold=1.0000000180025095e-35 1.0000000180025095e-35 1.0000000180025095e-35 1.0000000180025095e-35 1.0000000180025095e-35 1.0000000180025095e-35 1.0000000180025095e-35
decision_type=2 2 2 2 2 2 2
left_child=3 5 -3 6 -5 -2 -1
right_child=1 2 -4 4 -6 -7 -8
leaf_value=0.074661789457434166 0.036648658030336921 0.047967401336789915 -6.8883066649310499e-05 -0.14257280948168979 0.021762617883853488 -0.017596859646172205 0.049380901667366896
leaf_weight=97.353140130639076 116.51966781914234 275.13459745049477 12509.993812277913 95.388829946517944 2273.9315965175629 3705.7781332880259 107.65827718377113
leaf_count=397 487 1138 52223 409 10483 15844 431
internal_value=-3.23974e-06 -0.00292244 0.000968523 0.0188228 0.0150891 -0.0159341 0.0616901
internal_weight=19181.8 16607.4 12785.1 2574.33 2369.32 3822.3 205.011
internal_count=81412 69692 53361 11720 10892 16331 828
is_linear=0
shrinkage=0.1


Tree=24
num_leaves=8
num_cat=0
split_feature=14 0 30 10 2 25 11
split_gain=96.4194 85.1625 75.7061 40.2663 37.9084 20.2799 11.9363
threshold=1.0000000180025095e-35 1.0000000180025095e-35 1.0000000180025095e-35 1.0000000180025095e-35 1.0000000180025095e-35 1.0000000180025095e-35 1.0000000180025095e-35
decision_type=2 2 2 2 2 2 2
left_child=3 6 -3 4 -1 -5 -2
right_child=1 2 -4 5 -6 -7 -8
leaf_value=-0.025894741870251606 0.017343057533850428 -0.018038765990826291 -0.0011216104750295219 -0.079924726350664388 0.02672125699324648 0.0011682299060375375 0.040742088106302657
leaf_weight=145.79490725696087 583.11536586284637 3421.0084717571735 11655.428618341684 30.954843163490295 2080.8608437776566 882.3954815864563 350.01557648181915
leaf_count=608 2467 14808 49283 150 8906 3708 1482
internal_value=-3.37218e-06 -0.00314613 -0.00496124 0.0160161 0.023266 -0.00166454 0.0261542
internal_weight=19149.6 16009.6 15076.4 3140.01 2226.66 913.35 933.131
internal_count=81412 68040 64091 13372 9514 3858 3949
is_linear=0
shrinkage=0.1


end of trees

feature_importances:
discharge_disposition_id_lt=_8.5=14
discharge_disposition_id_lt=_9.5=14
number_inpatient_lt=_0.5=14
number_outpatient_lt=_0.5=13
number_emergency_lt=_0.5=12
number_inpatient_lt=_1.5=11
admission_source_id_lt=_6.5=10
number_diagnoses_lt=_5.5=9
diabetesMed_No_lt=_0.5=8
discharge_disposition_id_lt=_10.0=7
diag_1_428_lt=_0.5=7
discharge_disposition_id_lt=_14.5=6
diag_1_278_lt=_0.5=6
number_inpatient_lt=_4.5=5
discharge_disposition_id_lt=_1.5=4
number_inpatient_lt=_2.5=4
number_diagnoses_lt=_6.5=4
admission_type_id_lt=_5.5=3
num_lab_procedures_lt=_30.5=3
num_medications_lt=_10.5=3
number_emergency_lt=_1.5=3
diag_2_403_lt=_0.5=3
time_in_hospital_lt=_3.5=2
num_procedures_lt=_0.5=2
number_inpatient_lt=_3.5=2
age_(70-80)_lt=_0.5=2
number_emergency_lt=_2.5=2
num_lab_procedures_lt=_18.5=1
diag_1_491_lt=_0.5=1

parameters:
[boosting: gbdt]
[objective: binary]
[metric: binary_logloss]
[tree_learner: serial]
[device_type: cpu]
[data_sample_strategy: bagging]
[data: ]
[valid: ]
[num_iterations: 25]
[learning_rate: 0.1]
[num_leaves: 31]
[num_threads: 8]
[seed: 42]
[deterministic: 0]
[force_col_wise: 0]
[force_row_wise: 0]
[histogram_pool_size: -1]
[max_depth: 3]
[min_data_in_leaf: 20]
[min_sum_hessian_in_leaf: 0.001]
[bagging_fraction: 1]
[pos_bagging_fraction: 1]
[neg_bagging_fraction: 1]
[bagging_freq: 0]
[bagging_seed: 400]
[bagging_by_query: 0]
[feature_fraction: 1]
[feature_fraction_bynode: 1]
[feature_fraction_seed: 30056]
[extra_trees: 0]
[extra_seed: 12879]
[early_stopping_round: 0]
[early_stopping_min_delta: 0]
[first_metric_only: 0]
[max_delta_step: 0]
[lambda_l1: 0]
[lambda_l2: 1]
[linear_lambda: 0]
[min_gain_to_split: 0]
[drop_rate: 0.1]
[max_drop: 50]
[skip_drop: 0.5]
[xgboost_dart_mode: 0]
[uniform_drop: 0]
[drop_seed: 17869]
[top_rate: 0.2]
[other_rate: 0.1]
[min_data_per_group: 100]
[max_cat_threshold: 32]
[cat_l2: 10]
[cat_smooth: 10]
[max_cat_to_onehot: 4]
[top_k: 20]
[monotone_constraints: ]
[monotone_constraints_method: basic]
[monotone_penalty: 0]
[feature_contri: ]
[forcedsplits_filename: ]
[refit_decay_rate: 0.9]
[cegb_tradeoff: 1]
[cegb_penalty_split: 0]
[cegb_penalty_feature_lazy: ]
[cegb_penalty_feature_coupled: ]
[path_smooth: 0]
[interaction_constraints: ]
[verbosity: -1]
[saved_feature_importance_type: 0]
[use_quantized_grad: 0]
[num_grad_quant_bins: 4]
[quant_train_renew_leaf: 0]
[stochastic_rounding: 1]
[linear_tree: 0]
[max_bin: 255]
[max_bin_by_feature: ]
[min_data_in_bin: 3]
[bin_construct_sample_cnt: 200000]
[data_random_seed: 175]
[is_enable_sparse: 1]
[enable_bundle: 1]
[use_missing: 1]
[zero_as_missing: 0]
[feature_pre_filter: 1]
[pre_partition: 0]
[two_round: 0]
[header: 0]
[label_column: ]
[weight_column: ]
[group_column: ]
[ignore_column: ]
[categorical_feature: ]
[forcedbins_filename: ]
[precise_float_parser: 0]
[parser_config_file: ]
[objective_seed: 16083]
[num_class: 1]
[is_unbalance: 0]
[scale_pos_weight: 1]
[sigmoid: 1]
[boost_from_average: 1]
[reg_sqrt: 0]
[alpha: 0.9]
[fair_c: 1]
[poisson_max_delta_step: 0.7]
[tweedie_variance_power: 1.5]
[lambdarank_truncation_level: 30]
[lambdarank_norm: 1]
[label_gain: ]
[lambdarank_position_bias_regularization: 0]
[eval_at: ]
[multi_error_top_k: 1]
[auc_mu_weights: ]
[num_machines: 1]
[local_listen_port: 12400]
[time_out: 120]
[machine_list_filename: ]
[machines: ]
[gpu_platform_id: -1]
[gpu_device_id: -1]
[gpu_use_dp: 0]
[num_gpu: 1]

end of parameters

pandas_categorical:[]
