tree
version=v4
num_class=1
num_tree_per_iteration=1
label_index=0
max_feature_idx=78
objective=binary sigmoid:1
feature_names=V1_lt=_1.7078510522842407 V1_lt=_1.7209604382514954 V1_lt=_1.7543681859970093 V1_lt=_1.9124130606651306 V3_lt=_1.220930814743042 V3_lt=_1.222228229045868 V3_lt=_1.2658931016921997 V3_lt=_1.2661084532737732 V3_lt=_2.2493820190429688 V4_lt=_-0.4560629278421402 V4_lt=_-0.28037790954113007 V4_lt=_-0.24416956305503845 V4_lt=_-0.2029729261994362 V4_lt=_-0.18585658818483353 V4_lt=_-0.03485080227255821 V4_lt=_-0.03328448161482811 V4_lt=_0.013178566936403513 V4_lt=_0.05223605036735535 V4_lt=_0.37996716797351837 V4_lt=_0.38157644867897034 V4_lt=_0.7131027281284332 V4_lt=_0.7563397884368896 V4_lt=_0.7563583552837372 V4_lt=_1.5782626867294312 V4_lt=_1.6225031018257141 V4_lt=_1.6730803847312927 V4_lt=_1.7638410925865173 V4_lt=_1.7797493934631348 V4_lt=_1.7822098135948181 V8_lt=_-0.4466152787208557 V8_lt=_-0.44149668514728546 V8_lt=_-0.4310268461704254 V9_lt=_1.0458337664604187 V9_lt=_1.5200360417366028 V10_lt=_-1.7765860557556152 V10_lt=_-1.7227753400802612 V10_lt=_-1.4274442195892334 V10_lt=_-1.408359408378601 V10_lt=_-0.9040180742740631 V10_lt=_-0.5482346713542938 V10_lt=_-0.4362918436527252 V10_lt=_-0.4279925525188446 V10_lt=_0.6110237240791321 V11_lt=_-1.6836390495300293 V11_lt=_-1.5423219203948975 V11_lt=_0.46571163833141327 V12_lt=_-0.40346352756023407 V12_lt=_-0.24669199436903 V12_lt=_-0.2135860025882721 V12_lt=_-0.07579305022954941 V12_lt=_-0.07515430450439453 V12_lt=_0.024188149720430374 V13_lt=_-0.8007145822048187 V14_lt=_-2.7358014583587646 V14_lt=_-2.7159359455108643 V14_lt=_-1.8273465633392334 V14_lt=_-1.812438189983368 V14_lt=_-1.7687879800796509 V14_lt=_-1.5627466440200806 V14_lt=_-1.4205476641654968 V14_lt=_-1.349036455154419 V14_lt=_-0.7452503144741058 V14_lt=_-0.7145193219184875 V14_lt=_-0.6914466023445129 V14_lt=_-0.641162782907486 V14_lt=_-0.43483254313468933 V14_lt=_-0.4301060438156128 V14_lt=_-0.3910425305366516 V14_lt=_-0.330650269985199 V14_lt=_0.1445845440030098 V14_lt=_0.27450554072856903 V14_lt=_0.27549906075000763 V16_lt=_-0.6649927198886871 V16_lt=_-0.5230162143707275 V18_lt=_1.2691097855567932 V20_lt=_-0.6614329814910889 Amount_lt=_0.4460078626871109 Amount_lt=_0.45466768741607666 V11_lt=_0.2988726496696472
feature_infos=[0:1] [0:1] [0:1] [0:1] [0:1] [0:1] [0:1] [0:1] [0:1] [0:1] [0:1] [0:1] [0:1] [0:1] [0:1] [0:1] [0:1] [0:1] [0:1] [0:1] [0:1] [0:1] [0:1] [0:1] [0:1] [0:1] [0:1] [0:1] [0:1] [0:1] [0:1] [0:1] [0:1] [0:1] [0:1] [0:1] [0:1] [0:1] [0:1] [0:1] [0:1] [0:1] [0:1] [0:1] [0:1] [0:1] [0:1] [0:1] [0:1] [0:1] [0:1] [0:1] [0:1] [0:1] [0:1] [0:1] [0:1] [0:1] [0:1] [0:1] [0:1] [0:1] [0:1] [0:1] [0:1] [0:1] [0:1] [0:1] [0:1] [0:1] [0:1] [0:1] [0:1] [0:1] [0:1] [0:1] [0:1] [0:1] [0:1]
tree_sizes=929 1028 1029 1029 1031 1034 1034 1033 1036 1034 1033 1035 1037 1040 1034 1036 1042 1031 1034 1038 1043 1042 1035 1042 1036

Tree=0
num_leaves=8
num_cat=0
split_feature=56 22 48 9 35 14 3
split_gain=263206 9858.31 8341.71 6185.73 2434.2 825.091 34.652
threshold=1.0000000180025095e-35 1.0000000180025095e-35 1.0000000180025095e-35 1.0000000180025095e-35 1.0000000180025095e-35 1.0000000180025095e-35 1.0000000180025095e-35
decision_type=2 2 2 2 2 2 2
left_child=1 2 -1 4 -2 -3 -5
right_child=3 5 -4 6 -6 -7 -8
leaf_value=-0.14858209793557256 0.11496828235522709 -0.16304598112959179 0.0031741053112292446 -0.12361313760556765 0.19924845514238432 -0.1951615270556126 -0.19330515566556905
leaf_weight=8872.25 3783.25 12546 6120.5 98.5 36879.75 22322.25 357.75
leaf_count=35489 15133 50184 24482 394 147519 89289 1431
internal_value=5.49691e-06 -0.154453 -0.0866345 0.187301 0.19141 -0.183611 -0.178563
internal_weight=90980.2 49861 14992.8 41119.2 40663 34868.2 456.25
internal_count=363921 199444 59971 164477 162652 139473 1825
is_linear=0
shrinkage=1


Tree=1
num_leaves=8
num_cat=0
split_feature=57 22 48 9 35 77 3
split_gain=215123 8006.53 6663.35 5505.7 2126.84 790.757 29.1807
threshold=1.0000000180025095e-35 1.0000000180025095e-35 1.0000000180025095e-35 1.0000000180025095e-35 1.0000000180025095e-35 1.0000000180025095e-35 1.0000000180025095e-35
decision_type=2 2 2 2 2 2 2
left_child=1 2 -1 4 -2 -3 -5
right_child=3 5 -4 6 -6 -7 -8
leaf_value=-0.13471041799044395 0.10310385877799065 -0.12303064430665274 0.0014789578593552071 -0.11407333621569303 0.18115055233721583 -0.17217999097947842 -0.17573558228280864
leaf_weight=8807.5504899024963 3865.6398788094521 3675.9380055367947 6066.9848119020462 105.80135133862495 36532.609656497836 30817.028607964516 385.87829132378101
leaf_count=35425 15514 14828 24268 425 147585 124318 1558
internal_value=3.59443e-06 -0.1405 -0.0791655 0.169636 0.173685 -0.166946 -0.162725
internal_weight=90257.4 49367.5 14874.5 40889.9 40398.2 34493 491.68
internal_count=363921 198839 59693 165082 163099 139146 1983
is_linear=0
shrinkage=0.1


Tree=2
num_leaves=8
num_cat=0
split_feature=56 23 13 31 63 3 37
split_gain=178449 7226.4 4372.47 3324.17 3042.68 1819.11 551.02
threshold=1.0000000180025095e-35 1.0000000180025095e-35 1.0000000180025095e-35 1.0000000180025095e-35 1.0000000180025095e-35 1.0000000180025095e-35 1.0000000180025095e-35
decision_type=2 2 2 2 2 2 2
left_child=1 3 5 -1 -3 -2 -4
right_child=2 4 6 -5 -6 -7 -8
leaf_value=-0.069289294566053955 -0.084949988976641952 -0.15532597264939796 -0.15025077782630941 0.10087308495573027 -0.083513972289555261 0.16347391426292857 0.042531136909145624
leaf_weight=4776.3013128787279 296.44971606135368 35256.034404948354 482.6260636895895 1510.2405532449484 7090.6843504756689 38766.358908236027 213.27591221034527
leaf_count=19293 1202 144975 1981 6080 29096 160417 877
internal_value=1.66476e-05 -0.128452 0.15716 -0.028401 -0.143304 0.161586 -0.0911919
internal_weight=88392 48633.3 39758.7 6286.54 42346.7 39062.8 695.902
internal_count=363921 199444 164477 25373 174071 161619 2858
is_linear=0
shrinkage=0.1


Tree=3
num_leaves=8
num_cat=0
split_feature=57 22 64 13 42 11 37
split_gain=149589 6509.31 6056.63 4011.48 1906.73 753.62 493.939
threshold=1.0000000180025095e-35 1.0000000180025095e-35 1.0000000180025095e-35 1.0000000180025095e-35 1.0000000180025095e-35 1.0000000180025095e-35 1.0000000180025095e-35
decision_type=2 2 2 2 2 2 2
left_child=1 2 -1 4 -2 -3 -5
right_child=3 5 -4 6 -6 -7 -8
leaf_value=-0.098598011340375158 -0.23958716942828981 -0.12666754717978562 0.054941817064106439 -0.13987434400141158 0.15209577296890889 -0.15728533687303006 0.038361853757351745
leaf_weight=11233.37307959795 123.84621189534664 14361.442195609212 3330.1608341932297 508.38796408474445 37672.184853315353 18372.548254683614 223.26765987277031
leaf_count=46169 513 60831 13524 2134 161514 78315 921
internal_value=4.14998e-05 -0.119112 -0.0634876 0.146316 0.150806 -0.143857 -0.0855067
internal_weight=85825.2 47297.5 14563.5 38527.7 37796 32734 731.656
internal_count=363921 198839 59693 165082 162027 139146 3055
is_linear=0
shrinkage=0.1


Tree=4
num_leaves=8
num_cat=0
split_feature=58 22 14 48 35 77 37
split_gain=126521 5341.2 5002.58 4722.68 1776.24 791.322 595.43
threshold=1.0000000180025095e-35 1.0000000180025095e-35 1.0000000180025095e-35 1.0000000180025095e-35 1.0000000180025095e-35 1.0000000180025095e-35 1.0000000180025095e-35
decision_type=2 2 2 2 2 2 2
left_child=1 3 4 -1 -2 -3 -4
right_child=2 5 6 -5 -6 -7 -8
leaf_value=-0.11021633095144907 0.077673815594807946 -0.090225565075498004 -0.12609877562991842 0.0075970937943185286 0.14927350215448562 -0.1416320949866586 0.034963721814119768
leaf_weight=8269.1569835394621 3879.5759576261044 3365.4592123925686 748.21851371228695 5780.6658062785864 32682.40952552855 27681.349223122001 330.3810723721981
leaf_count=34993 16463 14696 3242 23290 147172 122667 1398
internal_value=6.36299e-05 -0.112911 0.135417 -0.061746 0.141678 -0.136063 -0.0767777
internal_weight=82737.2 45096.6 37640.6 14049.8 36562 31046.8 1078.6
internal_count=363921 195646 168275 58283 163635 137363 4640
is_linear=0
shrinkage=0.1


Tree=5
num_leaves=8
num_cat=0
split_feature=56 22 65 35 28 14 9
split_gain=107644 5457.29 5137.81 3018.19 3034.67 779.232 248.411
threshold=1.0000000180025095e-35 1.0000000180025095e-35 1.0000000180025095e-35 1.0000000180025095e-35 1.0000000180025095e-35 1.0000000180025095e-35 1.0000000180025095e-35
decision_type=2 2 2 2 2 2 2
left_child=1 2 -1 4 -2 -3 -5
right_child=3 5 -4 6 -6 -7 -8
leaf_value=-0.091305151023532108 0.13084377655610202 -0.10615331239169704 0.040119957288938669 0.14211667599319644 -0.046958183360241601 -0.13959204544792014 -0.11675494152200504
leaf_weight=10011.429827779531 2058.7556604593992 10997.886616036296 4231.0577288866043 31017.934098556638 1797.0096553564072 19127.809371516109 36.413333594799042
leaf_count=42563 9009 50184 17408 147519 7801 89289 148
internal_value=8.6028e-05 -0.103274 -0.0522622 0.131449 0.0479871 -0.127389 0.141809
internal_weight=79278.3 44368.2 14242.5 34910.1 3855.77 30125.7 31054.3
internal_count=363921 199444 59971 164477 16810 139473 147667
is_linear=0
shrinkage=0.1


Tree=6
num_leaves=8
num_cat=0
split_feature=59 15 22 29 42 77 37
split_gain=92372.7 5092.15 4169.5 4282.39 1868.41 828.209 499.123
threshold=1.0000000180025095e-35 1.0000000180025095e-35 1.0000000180025095e-35 1.0000000180025095e-35 1.0000000180025095e-35 1.0000000180025095e-35 1.0000000180025095e-35
decision_type=2 2 2 2 2 2 2
left_child=2 4 3 -1 -2 -4 -3
right_child=1 6 5 -5 -6 -7 -8
leaf_value=-0.081063062503423391 -0.19746562639312207 -0.11776215907677484 -0.074430565115651437 0.069052738594393981 0.12968974023855137 -0.12935649598434151 0.023204245109436143
leaf_weight=11023.270717710257 174.64598594605923 893.31738120317459 3093.9289480894804 2295.3559586554766 33165.980439066887 24698.470731288195 348.86414024233818
leaf_count=47497 713 4145 14544 9531 164971 120988 1532
internal_value=0.000119544 0.120563 -0.101199 -0.0551886 0.12797 -0.123245 -0.0781852
internal_weight=75693.8 34582.8 41111 13318.6 33340.6 27792.4 1242.18
internal_count=363921 171361 192560 57028 165684 135532 5677
is_linear=0
shrinkage=0.1


Tree=7
num_leaves=8
num_cat=0
split_feature=55 24 34 64 28 45 9
split_gain=79214.9 4913.12 2787.08 2569.33 2493.02 2179.5 193.405
threshold=1.0000000180025095e-35 1.0000000180025095e-35 1.0000000180025095e-35 1.0000000180025095e-35 1.0000000180025095e-35 1.0000000180025095e-35 1.0000000180025095e-35
decision_type=2 2 2 2 2 2 2
left_child=1 5 4 -3 -2 -1 -4
right_child=2 3 6 -5 -6 -7 -8
leaf_value=0.07165799183663675 0.11713661255600126 -0.11832928867343107 0.13189079973050011 -0.049764147605809501 -0.048506331629081273 -0.054123640891385043 -0.1053104879844587
leaf_weight=2229.0172894597054 1912.0040980577469 28425.400511085987 27363.188015118241 6768.7656283676624 1729.787165120244 3602.954543069005 33.726123705506325
leaf_count=9350 9179 143096 147185 31995 7735 15242 139
internal_value=0.000134993 -0.0910575 0.12067 -0.105144 0.0384674 -0.00604505 0.131595
internal_weight=72064.8 41026.1 31038.7 35194.2 3641.79 5831.97 27396.9
internal_count=363921 199683 164238 175091 16914 24592 147324
is_linear=0
shrinkage=0.1


Tree=8
num_leaves=8
num_cat=0
split_feature=59 34 22 50 27 75 9
split_gain=68317.1 4172.91 3901.41 3837.21 2687.12 896.923 295.996
threshold=1.0000000180025095e-35 1.0000000180025095e-35 1.0000000180025095e-35 1.0000000180025095e-35 1.0000000180025095e-35 1.0000000180025095e-35 1.0000000180025095e-35
decision_type=2 2 2 2 2 2 2
left_child=2 4 3 -1 -2 -4 -3
right_child=1 6 5 -5 -6 -7 -8
leaf_value=-0.097947587998709562 0.11216851060821859 0.12774046756768512 -0.1169167962478819 0.01147429669130059 -0.035462360700895826 -0.021986108960884269 -0.11357332220961297
leaf_weight=6633.9671184271574 2153.5798084139824 25623.926767498255 23890.362021297216 6198.8576944172382 2881.3730874210596 1039.0773718655109 50.21045033633709
leaf_count=31106 10557 147643 129966 25922 12942 5566 219
internal_value=0.000176355 0.11094 -0.0898998 -0.0450949 0.0276929 -0.112961 0.127264
internal_weight=68471.4 30709.1 37762.3 12832.8 5034.95 24929.4 25674.1
internal_count=363921 171361 192560 57028 23499 135532 147862
is_linear=0
shrinkage=0.1


Tree=9
num_leaves=8
num_cat=0
split_feature=59 34 20 29 27 77 9
split_gain=58954.7 3937.08 3676.7 3413.83 2284.87 885.816 260.592
threshold=1.0000000180025095e-35 1.0000000180025095e-35 1.0000000180025095e-35 1.0000000180025095e-35 1.0000000180025095e-35 1.0000000180025095e-35 1.0000000180025095e-35
decision_type=2 2 2 2 2 2 2
left_child=2 4 3 -1 -2 -4 -3
right_child=1 6 5 -5 -6 -7 -8
leaf_value=-0.066161968061343265 0.10606200108779627 0.12418469445743596 -0.054610235113682015 0.068184729796004234 -0.031974082604678565 -0.11590492766252797 -0.10608509509484908
leaf_weight=10628.28720472753 2055.035191744566 23814.902882382274 2667.6367291808128 2299.9855568856001 2876.5167302787304 20472.565106257796 48.537304118275642
leaf_count=49168 10557 147643 14275 9718 12942 119399 219
internal_value=0.000204924 0.106903 -0.0849772 -0.0422578 0.025557 -0.108841 0.123712
internal_weight=64863.5 28795 36068.5 12928.3 4931.55 23140.2 23863.4
internal_count=363921 171361 192560 58886 23499 133674 147862
is_linear=0
shrinkage=0.1


Tree=10
num_leaves=8
num_cat=0
split_feature=53 62 11 30 42 46 13
split_gain=51034.4 5480.82 4358.04 2749.6 922.119 447.594 9.09757
threshold=1.0000000180025095e-35 1.0000000180025095e-35 1.0000000180025095e-35 1.0000000180025095e-35 1.0000000180025095e-35 1.0000000180025095e-35 1.0000000180025095e-35
decision_type=2 2 2 2 2 2 2
left_child=1 3 -3 -1 6 -6 -2
right_child=4 2 -4 -5 5 -7 -8
leaf_value=-0.10383626199653395 -0.20041610929700593 0.041180003647064832 -0.11391819573646489 -0.012689978305588216 0.039646709084991898 0.12083354577596682 -0.13484695165539273
leaf_weight=25379.468888834119 57.915647521615028 6431.0490783751011 2521.0216975808144 3806.4002882242203 701.51597888767719 22442.003009408712 51.972715750336647
leaf_count=146018 236 30217 14107 19845 4062 149169 267
internal_value=0.000237945 -0.0709553 -0.00250555 -0.0919499 0.117 0.118374 -0.1709
internal_weight=61391.3 38137.9 8952.07 29185.9 23253.4 23143.5 109.888
internal_count=363921 210187 44324 165863 153734 153231 503
is_linear=0
shrinkage=0.1


Tree=11
num_leaves=8
num_cat=0
split_feature=53 19 65 42 76 46 13
split_gain=44368.6 5094.13 4870.33 806.268 648.524 442.424 4.84277
threshold=1.0000000180025095e-35 1.0000000180025095e-35 1.0000000180025095e-35 1.0000000180025095e-35 1.0000000180025095e-35 1.0000000180025095e-35 1.0000000180025095e-35
decision_type=2 2 2 2 2 2 2
left_child=1 2 -1 6 -3 -5 -2
right_child=3 4 -4 5 -6 -7 -8
leaf_value=-0.068385977266622253 -0.18255682068732365 -0.05299554261128564 0.039603946851798535 0.036461848537642762 -0.11033979305167854 0.11807238356319685 -0.13012377923832838
leaf_weight=11391.941957131028 57.342659458518028 2245.4754445254803 6592.3281768262386 687.3686591386795 16371.836667329073 20756.739229410887 48.679143503308296
leaf_count=59555 236 12858 30785 4062 106989 149169 267
internal_value=0.000262677 -0.066761 -0.0288011 0.114096 -0.103427 0.115458 -0.159923
internal_weight=58151.7 36601.6 17984.3 21550.1 18617.3 21444.1 106.022
internal_count=363921 210187 90340 153734 119847 153231 503
is_linear=0
shrinkage=0.1


Tree=12
num_leaves=8
num_cat=0
split_feature=53 18 49 35 27 38 78
split_gain=38640.1 4692.45 4410.6 777.767 1501.84 653.705 93.8033
threshold=1.0000000180025095e-35 1.0000000180025095e-35 1.0000000180025095e-35 1.0000000180025095e-35 1.0000000180025095e-35 1.0000000180025095e-35 1.0000000180025095e-35
decision_type=2 2 2 2 2 2 2
left_child=1 2 -1 4 -2 -3 -5
right_child=3 5 -4 6 -6 -7 -8
leaf_value=-0.073668340772272023 0.10472301987316977 -0.10901732082262948 0.026387362483270532 0.11708723550211755 -0.1284463625409305 -0.059766023229454714 -0.073793301348794929
leaf_weight=9345.1805077195168 967.91214728355408 14112.514758661389 8333.738402441144 18554.244520813227 385.45079866051674 3336.2058749943972 25.156505063176155
leaf_count=51237 6091 97914 39230 145668 1801 21806 174
internal_value=0.000287431 -0.0628164 -0.0265038 0.111493 0.0382683 -0.0996044 0.116825
internal_weight=55060.4 35127.6 17678.9 19932.8 1353.36 17448.7 18579.4
internal_count=363921 210187 90467 153734 7892 119720 145842
is_linear=0
shrinkage=0.1


Tree=13
num_leaves=8
num_cat=0
split_feature=59 17 49 34 28 38 14
split_gain=34004.6 3311.07 4358.5 2947.22 1349.42 198.884 192.701
threshold=1.0000000180025095e-35 1.0000000180025095e-35 1.0000000180025095e-35 1.0000000180025095e-35 1.0000000180025095e-35 1.0000000180025095e-35 1.0000000180025095e-35
decision_type=2 2 2 2 2 2 2
left_child=1 2 -1 4 -2 -3 -5
right_child=3 5 -4 6 -6 -7 -8
leaf_value=-0.084921683328464448 0.091530962296993756 -0.11519822503112637 0.013888518267672801 0.11473273505543105 -0.020937072986729647 -0.083066734774031481 0.001969722834835032
leaf_weight=10113.147356703877 1745.8845262974501 9725.6496064066887 7990.7133281230927 17284.063760712743 2739.5814776718616 2418.9551026821136 152.92381164431572
leaf_count=61765 10548 74350 38942 147008 12951 17503 854
internal_value=0.000317263 -0.068412 -0.0413103 0.0951483 0.0228497 -0.108806 0.113744
internal_weight=52170.9 30248.5 18103.9 21922.5 4485.47 12144.6 17437
internal_count=363921 192560 100707 171361 23499 91853 147862
is_linear=0
shrinkage=0.1


Tree=14
num_leaves=8
num_cat=0
split_feature=60 16 51 34 42 18 38
split_gain=29509 3034.67 3680.82 3026 1312.61 202.264 187.886
threshold=1.0000000180025095e-35 1.0000000180025095e-35 1.0000000180025095e-35 1.0000000180025095e-35 1.0000000180025095e-35 1.0000000180025095e-35 1.0000000180025095e-35
decision_type=2 2 2 2 2 2 2
left_child=1 2 -1 4 -2 -5 -3
right_child=3 6 -4 5 -6 -7 -8
leaf_value=-0.08480367240507064 -0.14870645993863416 -0.11364497520770307 0.0063496604925689483 0.11330458941930231 0.036980128507298878 0.025622128991382623 -0.081004898728791283
leaf_weight=8995.6258567720652 417.15204939246178 8670.7774371504784 8727.0154900252819 15781.35874132812 4250.2105845957994 268.22566875815392 2229.7340269237757
leaf_count=58117 2303 72028 43742 146091 22679 1855 17106
internal_value=0.000332561 -0.0654598 -0.03992 0.091232 0.0203558 0.111841 -0.106976
internal_weight=49340.1 28623.2 17722.6 20716.9 4667.36 16049.6 10900.5
internal_count=363921 190993 101859 172928 24982 147946 89134
is_linear=0
shrinkage=0.1


Tree=15
num_leaves=8
num_cat=0
split_feature=34 64 11 75 13 48 51
split_gain=25792.4 4563.28 3019.67 2334.66 1293.18 159.825 120.33
threshold=1.0000000180025095e-35 1.0000000180025095e-35 1.0000000180025095e-35 1.0000000180025095e-35 1.0000000180025095e-35 1.0000000180025095e-35 1.0000000180025095e-35
decision_type=2 2 2 2 2 2 2
left_child=1 3 -3 -1 5 -2 -6
right_child=4 2 -4 -5 6 -7 -8
leaf_value=-0.084559007024630789 0.033270454058201025 0.036550365266364591 -0.099971438335777818 0.05930410630108629 -0.12093143746769836 0.11247288601447199 -0.010402881311175014
leaf_weight=20726.913044780493 260.30358272045851 7350.9691458567977 2077.100501164794 1192.279405631125 219.12578231096268 14727.221432723105 178.63249377906322
leaf_count=151276 1997 37948 15658 7206 1670 146987 1179
internal_value=0.000336622 -0.0517094 0.0064658 -0.0767313 0.106376 0.1111 -0.0714438
internal_weight=46732.5 31347.3 9428.07 21919.2 15385.3 14987.5 397.758
internal_count=363921 212088 53606 158482 151833 148984 2849
is_linear=0
shrinkage=0.1


Tree=16
num_leaves=8
num_cat=0
split_feature=34 65 11 77 13 48 72
split_gain=22588.9 4046.76 3372.22 2015.83 1160.74 163.465 113.709
threshold=1.0000000180025095e-35 1.0000000180025095e-35 1.0000000180025095e-35 1.0000000180025095e-35 1.0000000180025095e-35 1.0000000180025095e-35 1.0000000180025095e-35
decision_type=2 2 2 2 2 2 2
left_child=1 3 -3 -1 5 -2 -6
right_child=4 2 -4 -5 6 -7 -8
leaf_value=0.0033567899199515583 0.030317269949580141 0.029485872046734991 -0.10050454994789798 -0.089858600526105642 -0.10472652744942552 0.11091157302909055 0.012547333718253685
leaf_weight=2704.843224696815 257.35329703986645 8575.7154137566686 2599.8833543881774 16299.774563349783 259.53746306151152 13503.751766562462 120.82290829718113
leaf_count=17112 1997 45714 21992 127270 1933 146987 916
internal_value=0.000354642 -0.0485133 -0.000761294 -0.0765922 0.104643 0.109407 -0.0675388
internal_weight=44321.7 30180.2 11175.6 19004.6 14141.5 13761.1 380.36
internal_count=363921 212088 67706 144382 151833 148984 2849
is_linear=0
shrinkage=0.1


Tree=17
num_leaves=8
num_cat=0
split_feature=35 25 66 7 18 72 45
split_gain=19799.6 3900.74 2333.13 1823.54 1084.32 473.067 70.642
threshold=1.0000000180025095e-35 1.0000000180025095e-35 1.0000000180025095e-35 1.0000000180025095e-35 1.0000000180025095e-35 1.0000000180025095e-35 1.0000000180025095e-35
decision_type=2 2 2 2 2 2 2
left_child=1 3 -3 -1 6 -6 -2
right_child=4 2 -4 -5 5 -7 -8
leaf_value=-0.082939354752973871 0.10960260551677624 -0.087732451986951274 -0.021278492026698032 0.05522443554351586 -0.10336785060913123 0.077870974769301604 0.046761179673408607
leaf_weight=1199.4891227185726 12317.969512335956 14939.031687155366 8174.8724847063422 4676.5689820051193 352.20609330385923 242.2472080886364 183.60008442401886
leaf_count=5863 146639 128160 51737 25558 2658 2106 1200
internal_value=0.000363711 -0.0457366 -0.0642311 0.0270115 0.102409 -0.029504 0.108684
internal_weight=42086 28990 23113.9 5876.06 13096 594.453 12501.6
internal_count=363921 211318 179897 31421 152603 4764 147839
is_linear=0
shrinkage=0.1


Tree=18
num_leaves=8
num_cat=0
split_feature=34 15 51 9 37 48 72
split_gain=17354.8 3779.32 3334.87 980.84 467.143 236.938 35.4968
threshold=1.0000000180025095e-35 1.0000000180025095e-35 1.0000000180025095e-35 1.0000000180025095e-35 1.0000000180025095e-35 1.0000000180025095e-35 1.0000000180025095e-35
decision_type=2 2 2 2 2 2 2
left_child=1 2 -1 5 -3 -2 -5
right_child=3 4 -4 6 -6 -7 -8
leaf_value=-0.061924068494234222 0.013368590254225422 -0.10261095965163203 0.021290490034460777 -0.11565512936880369 -0.001797256277804284 0.10795591552242081 -0.038249334978715271
leaf_weight=9088.3064929097891 271.44423822313547 8273.4549768194556 10242.507448300719 171.8813019245863 486.70386001467705 11392.18911202997 92.204939648509026
leaf_count=65820 2195 85695 56734 1576 3839 147364 698
internal_value=0.000383833 -0.0425276 -0.0178337 0.10144 -0.0970107 0.105756 -0.0888754
internal_weight=40018.7 28091 19330.8 11927.7 8760.16 11663.6 264.086
internal_count=363921 212088 122554 151833 89534 149559 2274
is_linear=0
shrinkage=0.1


Tree=19
num_leaves=8
num_cat=0
split_feature=53 11 68 34 26 37 78
split_gain=15234.1 3430.85 3224.14 714.281 1113.66 366.068 90.9937
threshold=1.0000000180025095e-35 1.0000000180025095e-35 1.0000000180025095e-35 1.0000000180025095e-35 1.0000000180025095e-35 1.0000000180025095e-35 1.0000000180025095e-35
decision_type=2 2 2 2 2 2 2
left_child=1 2 -1 4 -2 -3 -5
right_child=3 5 -4 6 -6 -7 -8
leaf_value=-0.053300056226529141 0.091207942936708974 -0.10663095502174269 0.028691845869210031 0.10719658370775093 -0.11855444724023356 -0.030671680884195543 -0.11338675624343537
leaf_weight=11384.078622423112 787.24809331446886 6540.7555149048567 8285.8047040998936 10049.884975299239 371.83996357768774 703.6900834813714 17.971143372356892
leaf_count=84256 6323 74602 45344 145422 1820 5985 169
internal_value=0.00038626 -0.0404316 -0.0187618 0.0982337 0.0238712 -0.0992579 0.106792
internal_weight=38141.3 26914.3 19669.9 11226.9 1159.09 7244.45 10067.9
internal_count=363921 210187 129600 153734 8143 80587 145591
is_linear=0
shrinkage=0.1


Tree=20
num_leaves=8
num_cat=0
split_feature=26 78 66 77 9 7 42
split_gain=13532.8 3580.29 2965.77 2611.9 2163.39 1056.86 975.357
threshold=1.0000000180025095e-35 1.0000000180025095e-35 1.0000000180025095e-35 1.0000000180025095e-35 1.0000000180025095e-35 1.0000000180025095e-35 1.0000000180025095e-35
decision_type=2 2 2 2 2 2 2
left_child=1 6 3 -2 -4 -3 -1
right_child=2 5 4 -5 -6 -7 -8
leaf_value=-0.016310596279111158 0.02409627127964702 -0.13814304908976371 0.020278153507380891 -0.097731093904550523 -0.10232625124259268 0.0084723530117918819 0.10868150972539528
leaf_weight=662.50389720499516 2090.6679777726531 646.31646393239498 7243.2765074893832 11107.533140726388 1795.0130075067282 2044.1097998023033 10758.903341881931
leaf_count=3446 15628 3279 47482 115883 19639 10366 148198
internal_value=0.000395017 0.0769856 -0.0482126 -0.0784326 -0.00407983 -0.0267871 0.10143
internal_weight=36348.3 14111.8 22236.5 13198.2 9038.29 2690.43 11421.4
internal_count=363921 165289 198632 131511 67121 13645 151644
is_linear=0
shrinkage=0.1


Tree=21
num_leaves=8
num_cat=0
split_feature=34 14 29 18 37 72 46
split_gain=11914.5 3029.3 2814.64 841.367 456.868 282.11 78.5308
threshold=1.0000000180025095e-35 1.0000000180025095e-35 1.0000000180025095e-35 1.0000000180025095e-35 1.0000000180025095e-35 1.0000000180025095e-35 1.0000000180025095e-35
decision_type=2 2 2 2 2 2 2
left_child=1 2 -1 6 -3 -5 -2
right_child=3 4 -4 5 -6 -7 -8
leaf_value=-0.031485987998775979 0.046109623244929461 -0.097311142558736907 0.072427288401471321 -0.099319315816409862 0.0057123406309819678 0.057930604513950337 0.10597558595527889
leaf_weight=15112.962608963251 227.08172678947449 6620.4433220401406 3148.9133934527636 270.65156903117895 460.25883919745684 195.82781095057726 8558.3968908078969
leaf_count=105297 2324 85618 17337 2388 3836 1959 145162
internal_value=0.000363696 -0.0350954 -0.0135651 0.0974851 -0.0906146 -0.0333232 0.104434
internal_weight=34594.5 25342.6 18261.9 9251.96 7080.7 466.479 8785.48
internal_count=363921 212088 122634 151833 89454 4347 147486
is_linear=0
shrinkage=0.1


Tree=22
num_leaves=8
num_cat=0
split_feature=34 11 51 20 37 72 46
split_gain=10458.7 2815.99 2814 792.094 445.006 392.226 48.2024
threshold=1.0000000180025095e-35 1.0000000180025095e-35 1.0000000180025095e-35 1.0000000180025095e-35 1.0000000180025095e-35 1.0000000180025095e-35 1.0000000180025095e-35
decision_type=2 2 2 2 2 2 2
left_child=1 2 -1 6 -3 -5 -2
right_child=3 4 -4 5 -6 -7 -8
leaf_value=-0.055625413265619428 0.055768090618050603 -0.10279414328917756 0.021409741482177558 -0.10345229451054555 0.006188117145987021 0.066175329783901074 0.10539324262742676
leaf_weight=8830.4036998152733 204.44839303940535 5192.8571806773543 10239.104730583727 278.04057276248932 403.68549357354641 265.5633162856102 7737.5214553140104
leaf_count=72387 2223 74911 61285 2504 3505 3138 143968
internal_value=0.000374375 -0.03257 -0.0142635 0.0961304 -0.0949334 -0.0206159 0.104123
internal_weight=33151.6 24666.1 19069.5 8485.57 5596.54 543.604 7941.97
internal_count=363921 212088 133672 151833 78416 5642 146191
is_linear=0
shrinkage=0.1


Tree=23
num_leaves=8
num_cat=0
split_feature=26 45 66 77 9 7 42
split_gain=9250.24 3023.69 2569.35 2454.04 1637.2 995.836 726.198
threshold=1.0000000180025095e-35 1.0000000180025095e-35 1.0000000180025095e-35 1.0000000180025095e-35 1.0000000180025095e-35 1.0000000180025095e-35 1.0000000180025095e-35
decision_type=2 2 2 2 2 2 2
left_child=1 6 3 -2 -4 -3 -1
right_child=2 5 4 -5 -6 -7 -8
leaf_value=-0.012191273907669784 0.028209743963119118 -0.12799346494825578 0.020682853803949668 -0.093179510186300135 -0.096976050078526388 0.012832671983038566 0.10621379638959856
leaf_weight=551.71826426684856 2018.7888654991984 646.43472173064947 6990.8598111867905 9502.3457809314132 1422.4050716906786 2236.8174712248147 8421.386287085712
leaf_count=2929 15628 3523 47482 115883 19639 11766 147071
internal_value=0.000368683 0.0703095 -0.0412314 -0.0719085 0.00078146 -0.0187744 0.098933
internal_weight=31790.8 11856.4 19934.4 11521.1 8413.26 2883.25 8973.1
internal_count=363921 165289 198632 131511 67121 15289 150000
is_linear=0
shrinkage=0.1


Tree=24
num_leaves=8
num_cat=0
split_feature=34 11 75 51 37 26 73
split_gain=8160.53 2439.53 2441.25 717.904 441.195 267.709 206.654
threshold=1.0000000180025095e-35 1.0000000180025095e-35 1.0000000180025095e-35 1.0000000180025095e-35 1.0000000180025095e-35 1.0000000180025095e-35 1.0000000180025095e-35
decision_type=2 2 2 2 2 2 2
left_child=1 2 -1 5 -3 -2 -5
right_child=3 4 -4 6 -6 -7 -8
leaf_value=-0.023109150432993497 0.079595702195261755 -0.10055083104673211 0.10580687761156782 0.044020443001187959 0.010273693245673017 -0.1265475500593374 0.10549003756370311
leaf_weight=16768.483112875372 91.730984680354595 4449.7570463046432 1608.9556929692626 601.33495643734932 390.56530828773975 196.32207690551877 6272.8884699679911
leaf_count=124237 990 74911 9435 10860 3505 2018 137965
internal_value=0.000331441 -0.0284549 -0.0118173 0.0936385 -0.0916081 -0.0608526 0.10012
internal_weight=30380 23217.8 18377.4 7162.28 4840.32 288.053 6874.22
internal_count=363921 212088 133672 151833 78416 3008 148825
is_linear=0
shrinkage=0.1


end of trees

feature_importances:
V10_lt=_-1.7765860557556152=12
V4_lt=_-0.4560629278421402=9
V10_lt=_-1.408359408378601=9
V4_lt=_-0.24416956305503845=7
V4_lt=_0.7563583552837372=7
V10_lt=_0.6110237240791321=7
Amount_lt=_0.45466768741607666=7
V4_lt=_-0.18585658818483353=6
V10_lt=_-1.7227753400802612=6
V12_lt=_-0.2135860025882721=6
V4_lt=_-0.03485080227255821=5
V12_lt=_0.024188149720430374=5
V16_lt=_-0.6649927198886871=5
V4_lt=_0.37996716797351837=4
V4_lt=_1.7638410925865173=4
V12_lt=_-0.40346352756023407=4
V14_lt=_-2.7358014583587646=4
V14_lt=_-1.4205476641654968=4
V1_lt=_1.9124130606651306=3
V3_lt=_1.2661084532737732=3
V4_lt=_1.7797493934631348=3
V4_lt=_1.7822098135948181=3
V8_lt=_-0.4466152787208557=3
V10_lt=_-0.9040180742740631=3
V11_lt=_0.46571163833141327=3
V14_lt=_-1.812438189983368=3
V14_lt=_-0.641162782907486=3
V14_lt=_-0.43483254313468933=3
V14_lt=_-0.4301060438156128=3
V20_lt=_-0.6614329814910889=3
V11_lt=_0.2988726496696472=3
V4_lt=_-0.03328448161482811=2
V4_lt=_0.7131027281284332=2
V12_lt=_-0.07579305022954941=2
V14_lt=_-1.7687879800796509=2
V4_lt=_0.013178566936403513=1
V4_lt=_0.05223605036735535=1
V4_lt=_0.38157644867897034=1
V4_lt=_1.5782626867294312=1
V4_lt=_1.6225031018257141=1
V4_lt=_1.6730803847312927=1
V8_lt=_-0.44149668514728546=1
V8_lt=_-0.4310268461704254=1
V12_lt=_-0.07515430450439453=1
V14_lt=_-1.8273465633392334=1
V14_lt=_-1.5627466440200806=1
V14_lt=_-1.349036455154419=1
V14_lt=_-0.7145193219184875=1
V14_lt=_-0.6914466023445129=1
V14_lt=_-0.330650269985199=1
V16_lt=_-0.5230162143707275=1
Amount_lt=_0.4460078626871109=1

parameters:
[boosting: gbdt]
[objective: binary]
[metric: binary_logloss]
[tree_learner: serial]
[device_type: cpu]
[data_sample_strategy: bagging]
[data: ]
[valid: ]
[num_iterations: 25]
[learning_rate: 0.1]
[num_leaves: 31]
[num_threads: 8]
[seed: 42]
[deterministic: 0]
[force_col_wise: 0]
[force_row_wise: 0]
[histogram_pool_size: -1]
[max_depth: 3]
[min_data_in_leaf: 20]
[min_sum_hessian_in_leaf: 0.001]
[bagging_fraction: 1]
[pos_bagging_fraction: 1]
[neg_bagging_fraction: 1]
[bagging_freq: 0]
[bagging_seed: 400]
[bagging_by_query: 0]
[feature_fraction: 1]
[feature_fraction_bynode: 1]
[feature_fraction_seed: 30056]
[extra_trees: 0]
[extra_seed: 12879]
[early_stopping_round: 0]
[early_stopping_min_delta: 0]
[first_metric_only: 0]
[max_delta_step: 0]
[lambda_l1: 0]
[lambda_l2: 1]
[linear_lambda: 0]
[min_gain_to_split: 0]
[drop_rate: 0.1]
[max_drop: 50]
[skip_drop: 0.5]
[xgboost_dart_mode: 0]
[uniform_drop: 0]
[drop_seed: 17869]
[top_rate: 0.2]
[other_rate: 0.1]
[min_data_per_group: 100]
[max_cat_threshold: 32]
[cat_l2: 10]
[cat_smooth: 10]
[max_cat_to_onehot: 4]
[top_k: 20]
[monotone_constraints: ]
[monotone_constraints_method: basic]
[monotone_penalty: 0]
[feature_contri: ]
[forcedsplits_filename: ]
[refit_decay_rate: 0.9]
[cegb_tradeoff: 1]
[cegb_penalty_split: 0]
[cegb_penalty_feature_lazy: ]
[cegb_penalty_feature_coupled: ]
[path_smooth: 0]
[interaction_constraints: ]
[verbosity: -1]
[saved_feature_importance_type: 0]
[use_quantized_grad: 0]
[num_grad_quant_bins: 4]
[quant_train_renew_leaf: 0]
[stochastic_rounding: 1]
[linear_tree: 0]
[max_bin: 255]
[max_bin_by_feature: ]
[min_data_in_bin: 3]
[bin_construct_sample_cnt: 200000]
[data_random_seed: 175]
[is_enable_sparse: 1]
[enable_bundle: 1]
[use_missing: 1]
[zero_as_missing: 0]
[feature_pre_filter: 1]
[pre_partition: 0]
[two_round: 0]
[header: 0]
[label_column: ]
[weight_column: ]
[group_column: ]
[ignore_column: ]
[categorical_feature: ]
[forcedbins_filename: ]
[precise_float_parser: 0]
[parser_config_file: ]
[objective_seed: 16083]
[num_class: 1]
[is_unbalance: 0]
[scale_pos_weight: 1]
[sigmoid: 1]
[boost_from_average: 1]
[reg_sqrt: 0]
[alpha: 0.9]
[fair_c: 1]
[poisson_max_delta_step: 0.7]
[tweedie_variance_power: 1.5]
[lambdarank_truncation_level: 30]
[lambdarank_norm: 1]
[label_gain: ]
[lambdarank_position_bias_regularization: 0]
[eval_at: ]
[multi_error_top_k: 1]
[auc_mu_weights: ]
[num_machines: 1]
[local_listen_port: 12400]
[time_out: 120]
[machine_list_filename: ]
[machines: ]
[gpu_platform_id: -1]
[gpu_device_id: -1]
[gpu_use_dp: 0]
[num_gpu: 1]

end of parameters

pandas_categorical:[]
