tree
version=v4
num_class=1
num_tree_per_iteration=1
label_index=0
max_feature_idx=38
objective=binary sigmoid:1
feature_names=season_lt=_1.5 season_lt=_2.5 yr_lt=_0.5 mnth_lt=_4.5 hr_lt=_0.5 hr_lt=_5.5 hr_lt=_6.5 hr_lt=_7.5 hr_lt=_9.5 hr_lt=_10.5 hr_lt=_11.5 hr_lt=_15.5 hr_lt=_16.5 hr_lt=_19.5 hr_lt=_20.5 hr_lt=_21.5 hr_lt=_22.5 weekday_lt=_3.5 workingday_lt=_0.5 weathersit_lt=_2.5 temp_lt=_0.26999999582767487 temp_lt=_0.2900000065565109 temp_lt=_0.3100000023841858 temp_lt=_0.3700000047683716 temp_lt=_0.39000000059604645 temp_lt=_0.45000000298023224 temp_lt=_0.4699999988079071 temp_lt=_0.5099999904632568 atemp_lt=_0.31059999763965607 atemp_lt=_0.3409000039100647 atemp_lt=_0.5227500200271606 atemp_lt=_0.5985000133514404 hum_lt=_0.625 hum_lt=_0.6349999904632568 hum_lt=_0.7450000047683716 hum_lt=_0.8050000071525574 hum_lt=_0.8149999976158142 hum_lt=_0.8349999785423279 temp_lt=_0.4299999922513962
feature_infos=[0:1] [0:1] [0:1] [0:1] [0:1] [0:1] [0:1] [0:1] [0:1] [0:1] [0:1] [0:1] [0:1] [0:1] [0:1] [0:1] [0:1] [0:1] [0:1] [0:1] [0:1] [0:1] [0:1] [0:1] [0:1] [0:1] [0:1] [0:1] [0:1] [0:1] [0:1] [0:1] [0:1] [0:1] [0:1] [0:1] [0:1] [0:1] [0:1]
tree_sizes=895 903 902 1013 1008 1012 1014 1015 1011 1017 1014 1017 1013 1015 1016 1018 1014 1020 1020 1018 1019 1025 1018 1026 1021

Tree=0
num_leaves=7
num_cat=0
split_feature=6 23 16 2 5 2
split_gain=4990.34 1452.91 515.783 265.684 29.252 40.8909
threshold=1.0000000180025095e-35 1.0000000180025095e-35 1.0000000180025095e-35 1.0000000180025095e-35 1.0000000180025095e-35 1.0000000180025095e-35
decision_type=2 2 2 2 2 2
left_child=1 2 -1 -3 5 -2
right_child=4 3 -4 -5 -6 -7
leaf_value=-0.10720773748454829 -0.094061561585856407 0.017288904963985791 0.1336016562898662 -0.1051940292676538 -0.19955032351452004 -0.2011031766378146
leaf_weight=93.249594256281853 73.74967910349369 329.24856738746166 1668.7427390366793 381.49834004044533 854.99627977609634 74.249676927924156
leaf_count=373 295 1317 6675 1526 3420 297
internal_value=-0.00417176 0.0721425 0.120806 -0.0485042 -0.192202 -0.148724
internal_weight=3475.73 2472.74 1761.99 710.747 1003 147.999
internal_count=13903 9891 7048 2843 4012 592
is_linear=0
shrinkage=1


Tree=1
num_leaves=7
num_cat=0
split_feature=6 25 14 16 5 2
split_gain=4077.47 1210.41 372.227 356.469 24.4072 34.1902
threshold=1.0000000180025095e-35 1.0000000180025095e-35 1.0000000180025095e-35 1.0000000180025095e-35 1.0000000180025095e-35 1.0000000180025095e-35
decision_type=2 2 2 2 2 2
left_child=1 3 -3 -1 5 -2
right_child=4 2 -4 -5 -6 -7
leaf_value=-0.081376071797302468 -0.081204475046348118 -0.14123920081519384 0.013765072253086217 0.13845006899385709 -0.17768367280609054 -0.17934290771899247
leaf_weight=77.277739495038986 73.587112054228783 190.5906798094511 808.81145843863487 1387.30013859272 846.54459357261658 73.504318669438362
leaf_count=310 295 764 3243 5574 3420 297
internal_value=-2.49091e-05 0.0689366 -0.0159066 0.126803 -0.17093 -0.131126
internal_weight=3457.62 2463.98 999.402 1464.58 993.636 147.091
internal_count=13903 9891 4007 5884 4012 592
is_linear=0
shrinkage=0.1


Tree=2
num_leaves=7
num_cat=0
split_feature=6 29 15 2 5 2
split_gain=3376.54 1027.44 436.079 196.552 21.6239 29.9192
threshold=1.0000000180025095e-35 1.0000000180025095e-35 1.0000000180025095e-35 1.0000000180025095e-35 1.0000000180025095e-35 1.0000000180025095e-35
decision_type=2 2 2 2 2 2
left_child=1 2 -1 -3 5 -2
right_child=4 3 -4 -5 -6 -7
leaf_value=-0.038351358503289891 -0.073607870636330772 0.012535454779331524 0.11754106981309656 -0.10054397311332275 -0.16425675712759077 -0.16603754109824279
leaf_weight=201.2382745295763 73.186518922448158 283.18782709538937 1623.8159206211567 334.68433614075184 825.28937458992004 71.626787513494492
leaf_count=815 295 1134 6597 1345 3420 297
internal_value=-6.01115e-05 0.0626197 0.10034 -0.04878 -0.157803 -0.12015
internal_weight=3413.03 2442.93 1825.05 617.872 970.103 144.813
internal_count=13903 9891 7412 2479 4012 592
is_linear=0
shrinkage=0.1


Tree=3
num_leaves=8
num_cat=0
split_feature=6 26 2 16 5 2 4
split_gain=2824.58 896.816 322.907 228.623 19.996 27.0402 3.34626
threshold=1.0000000180025095e-35 1.0000000180025095e-35 1.0000000180025095e-35 1.0000000180025095e-35 1.0000000180025095e-35 1.0000000180025095e-35 1.0000000180025095e-35
decision_type=2 2 2 2 2 2 2
left_child=1 3 -3 -1 5 -2 -6
right_child=4 2 -4 -5 6 -7 -8
leaf_value=-0.063654876120594672 -0.066883869763558534 0.045622099895786049 -0.06468590492240188 0.12076940025427177 -0.15734524576744624 -0.15564159835773117 -0.13478355172162096
leaf_weight=70.341745883226395 72.619701400399208 510.01511600613594 551.12949754297733 1280.9027007818222 661.32658660411835 68.971104070544243 133.93956184387207
leaf_count=285 295 2056 2237 5313 2844 297 576
internal_value=-0.000102679 0.0571279 -0.0116758 0.111129 -0.147374 -0.110907 -0.153719
internal_weight=3349.25 2412.39 1061.14 1351.24 936.857 141.591 795.266
internal_count=13903 9891 4293 5598 4012 592 3420
is_linear=0
shrinkage=0.1


Tree=4
num_leaves=8
num_cat=0
split_feature=6 22 35 13 5 2 4
split_gain=2382.05 781.647 385.68 96.2768 19.0765 25 3.23847
threshold=1.0000000180025095e-35 1.0000000180025095e-35 1.0000000180025095e-35 1.0000000180025095e-35 1.0000000180025095e-35 1.0000000180025095e-35 1.0000000180025095e-35
decision_type=2 2 2 2 2 2 2
left_child=1 2 -1 -3 5 -2 -6
right_child=4 3 -4 -5 6 -7 -8
leaf_value=-0.019610211213876627 -0.060876488708894394 -0.1497431613147549 0.099116150156220162 -0.04173755296504493 -0.14884628794179616 -0.14731434607518878 -0.12656001127642375
leaf_weight=328.77400924265385 71.941849291324615 111.5631350427866 1620.9659720808268 314.3912493288517 630.79813903570175 65.801598832011223 128.71377754211426
leaf_count=1368 295 456 6797 1270 2844 297 576
internal_value=-0.000141052 0.0522898 0.0790962 -0.0703101 -0.138868 -0.102933 -0.145241
internal_weight=3272.95 2375.69 1949.74 425.954 897.255 137.743 759.512
internal_count=13903 9891 8165 1726 4012 592 3420
is_linear=0
shrinkage=0.1


Tree=5
num_leaves=8
num_cat=0
split_feature=6 0 15 2 5 2 4
split_gain=2018.98 706.156 365.597 216.704 18.6001 23.4817 3.28062
threshold=1.0000000180025095e-35 1.0000000180025095e-35 1.0000000180025095e-35 1.0000000180025095e-35 1.0000000180025095e-35 1.0000000180025095e-35 1.0000000180025095e-35
decision_type=2 2 2 2 2 2 2
left_child=1 2 -1 -3 5 -2 -6
right_child=4 3 -4 -5 6 -7 -8
leaf_value=-0.044566867672369524 -0.055470431041288959 0.013803263287650306 0.096952888301611861 -0.10594042084671113 -0.14193313649506453 -0.14051066799378928 -0.11946057544813793
leaf_weight=206.62919721007347 71.195193454623222 305.44019484519958 1532.1645567268133 297.76745772361755 597.14814627170563 62.316531836986542 123.07915592193604
leaf_count=849 295 1248 6567 1227 2844 297 576
internal_value=-0.000203733 0.047789 0.0801195 -0.0453845 -0.131761 -0.0959124 -0.138264
internal_weight=3195.74 2342 1738.79 603.208 853.739 133.512 720.227
internal_count=13903 9891 7416 2475 4012 592 3420
is_linear=0
shrinkage=0.1


Tree=6
num_leaves=8
num_cat=0
split_feature=6 26 14 36 5 25 4
split_gain=1720.86 625.736 268.506 196.752 18.4153 22.869 3.42264
threshold=1.0000000180025095e-35 1.0000000180025095e-35 1.0000000180025095e-35 1.0000000180025095e-35 1.0000000180025095e-35 1.0000000180025095e-35 1.0000000180025095e-35
decision_type=2 2 2 2 2 2 2
left_child=1 3 -3 -1 5 -2 -6
right_child=4 2 -4 -5 6 -7 -8
leaf_value=-0.0042370438845973002 -0.04435874871398976 -0.11781206885522542 0.011187107207049008 0.10762766938277686 -0.13621756704765328 -0.12944003291619485 -0.11320822846709749
leaf_weight=184.06803280115128 61.390033394098282 198.39649537205696 845.02544152736664 1074.3333654403687 561.84224027395248 67.686178103089333 117.24806785583496
leaf_count=792 281 823 3470 4806 2844 311 576
internal_value=-0.000253679 0.0438265 -0.0134301 0.0912747 -0.125702 -0.0896266 -0.132417
internal_weight=3109.99 2301.82 1043.42 1258.4 808.167 129.076 679.09
internal_count=13903 9891 4293 5598 4012 592 3420
is_linear=0
shrinkage=0.1


Tree=7
num_leaves=8
num_cat=0
split_feature=6 28 19 13 5 2 4
split_gain=1471.97 538.81 314.429 86.6752 18.9098 24.1307 3.63591
threshold=1.0000000180025095e-35 1.0000000180025095e-35 1.0000000180025095e-35 1.0000000180025095e-35 1.0000000180025095e-35 1.0000000180025095e-35 1.0000000180025095e-35
decision_type=2 2 2 2 2 2 2
left_child=1 2 -1 -3 5 -2 -6
right_child=4 3 -4 -5 6 -7 -8
leaf_value=-0.071428245570714033 -0.042868102041098227 -0.13204627139237965 0.077875242272536685 -0.031162445636769537 -0.13142783056655036 -0.13168221079040038 -0.10760339103689298
leaf_weight=153.52555198967457 68.950427621603012 111.64038582146168 1642.2066309899092 353.27298876643181 525.9687112569809 56.201514601707458 111.37815856933594
leaf_count=659 295 481 7313 1438 2844 297 576
internal_value=-0.000286964 0.0402423 0.0650779 -0.0556193 -0.120343 -0.0834792 -0.12744
internal_weight=3023.14 2260.65 1795.73 464.913 762.499 125.152 637.347
internal_count=13903 9891 7972 1919 4012 592 3420
is_linear=0
shrinkage=0.1


Tree=8
num_leaves=8
num_cat=0
split_feature=6 31 2 16 5 2 4
split_gain=1263.06 495.323 316.984 72.3666 19.0315 22.917 3.90296
threshold=1.0000000180025095e-35 1.0000000180025095e-35 1.0000000180025095e-35 1.0000000180025095e-35 1.0000000180025095e-35 1.0000000180025095e-35 1.0000000180025095e-35
decision_type=2 2 2 2 2 2 2
left_child=1 3 -3 -1 5 -2 -6
right_child=4 2 -4 -5 6 -7 -8
leaf_value=-0.043047010467153771 -0.039099968586067846 0.050551866293047837 -0.041848444680046837 0.11031596470836527 -0.12736766110978823 -0.12740325599550034 -0.10249879339451372
leaf_weight=31.663867712020874 68.174238875508308 728.72114834189415 754.82472518086433 707.53533539175987 490.32707959413528 52.504049688577652 105.58493041992188
leaf_count=127 295 3121 3247 3396 2844 297 576
internal_value=-0.000343483 0.0368816 0.00354228 0.103697 -0.1157 -0.0782498 -0.12314
internal_weight=2939.34 2222.75 1483.55 739.199 716.59 120.678 595.912
internal_count=13903 9891 6368 3523 4012 592 3420
is_linear=0
shrinkage=0.1


Tree=9
num_leaves=8
num_cat=0
split_feature=6 0 34 2 5 38 4
split_gain=1087.61 464.675 298.732 146.442 19.2302 22.4833 4.21234
threshold=1.0000000180025095e-35 1.0000000180025095e-35 1.0000000180025095e-35 1.0000000180025095e-35 1.0000000180025095e-35 1.0000000180025095e-35 1.0000000180025095e-35
decision_type=2 2 2 2 2 2 2
left_child=1 2 -1 -3 5 -2 -6
right_child=4 3 -4 -5 6 -7 -8
leaf_value=-0.011165302447993432 -0.030699012106188708 0.0068346150290667018 0.087396781301886425 -0.093001383428043927 -0.12389152483010071 -0.11901780275432441 -0.097783746017234441
leaf_weight=415.13800141215324 60.923020765185356 298.9307637065649 1182.8408765494823 287.6903692483902 455.49484258890152 55.373187333345413 99.951338768005371
leaf_count=1806 305 1248 5610 1227 2844 287 576
internal_value=-0.000356537 0.0338666 0.0618004 -0.0422018 -0.11154 -0.0734072 -0.119378
internal_weight=2856.34 2184.6 1597.98 586.621 671.742 116.296 555.446
internal_count=13903 9891 7416 2475 4012 592 3420
is_linear=0
shrinkage=0.1


Tree=10
num_leaves=8
num_cat=0
split_feature=6 27 14 16 5 2 4
split_gain=937.741 394.407 243.073 143.112 19.9105 23.4576 4.55586
threshold=1.0000000180025095e-35 1.0000000180025095e-35 1.0000000180025095e-35 1.0000000180025095e-35 1.0000000180025095e-35 1.0000000180025095e-35 1.0000000180025095e-35
decision_type=2 2 2 2 2 2 2
left_child=1 3 -3 -1 5 -2 -6
right_child=4 2 -4 -5 6 -7 -8
leaf_value=-0.067913422257607506 -0.029275588355552013 -0.10710377376380065 0.012316223915626975 0.085218102644419813 -0.12088902594151255 -0.1219337843935574 -0.09337405076744687
leaf_weight=64.411882057785988 65.856538325548172 209.02036125957966 903.72031460702419 967.62760388851166 421.87875294685364 46.775192648172379 94.535207748413086
leaf_count=260 295 905 3839 4887 2844 297 576
internal_value=-0.000386892 0.031108 -0.010192 0.0756043 -0.10765 -0.0684903 -0.116042
internal_weight=2773.83 2144.78 1112.74 1032.04 629.046 112.632 516.414
internal_count=13903 9891 4744 5147 4012 592 3420
is_linear=0
shrinkage=0.1


Tree=11
num_leaves=8
num_cat=0
split_feature=6 0 34 2 5 2 4
split_gain=810.973 358.128 252.838 121.44 20.1457 22.2295 4.92721
threshold=1.0000000180025095e-35 1.0000000180025095e-35 1.0000000180025095e-35 1.0000000180025095e-35 1.0000000180025095e-35 1.0000000180025095e-35 1.0000000180025095e-35
decision_type=2 2 2 2 2 2 2
left_child=1 2 -1 -3 5 -2 -6
right_child=4 3 -4 -5 6 -7 -8
leaf_value=-0.013207514495515283 -0.02665838884102998 0.0063044161890149905 0.078662518892225156 -0.08527699287289521 -0.11827478220294939 -0.11898402042931207 -0.089205076903146677
leaf_weight=409.04707536101341 65.222649648785591 296.79177717864513 1115.6200979948044 281.48327085375786 389.75431591272354 43.342505782842636 89.375049591064453
leaf_count=1806 295 1248 5610 1227 2844 297 576
internal_value=-0.000412837 0.028617 0.0540226 -0.0383443 -0.104162 -0.0642671 -0.113049
internal_weight=2690.64 2102.94 1524.67 578.275 587.695 108.565 479.129
internal_count=13903 9891 7416 2475 4012 592 3420
is_linear=0
shrinkage=0.1


Tree=12
num_leaves=8
num_cat=0
split_feature=6 31 15 2 5 3 4
split_gain=702.193 321.594 242.424 62.4744 20.3714 22.5313 5.32101
threshold=1.0000000180025095e-35 1.0000000180025095e-35 1.0000000180025095e-35 1.0000000180025095e-35 1.0000000180025095e-35 1.0000000180025095e-35 1.0000000180025095e-35
decision_type=2 2 2 2 2 2 2
left_child=1 3 -3 -1 5 -2 -6
right_child=4 2 -4 -5 6 -7 -8
leaf_value=0.1157111685364515 -0.028379940596259187 -0.10294390134999512 0.016463536043038757 0.05251336046275077 -0.11598159331042675 -0.1281742393162108 -0.085227141845427068
leaf_weight=330.02228309214115 72.186518147587776 196.11718232929707 1236.0707048773766 302.2172613888979 359.29659873247147 32.510563731193542 84.494579315185547
leaf_count=1843 403 857 5511 1680 2844 189 576
internal_value=-0.000438413 0.0262902 5.20144e-05 0.0856326 -0.100906 -0.0602876 -0.110331
internal_weight=2612.92 2064.43 1432.19 632.24 548.488 104.697 443.791
internal_count=13903 9891 6368 3523 4012 592 3420
is_linear=0
shrinkage=0.1


Tree=13
num_leaves=8
num_cat=0
split_feature=6 22 2 18 5 2 4
split_gain=608.028 304.988 253.447 50.5242 20.985 22.4297 5.73233
threshold=1.0000000180025095e-35 1.0000000180025095e-35 1.0000000180025095e-35 1.0000000180025095e-35 1.0000000180025095e-35 1.0000000180025095e-35 1.0000000180025095e-35
decision_type=2 2 2 2 2 2 2
left_child=1 2 -1 -3 5 -2 -6
right_child=4 3 -4 -5 6 -7 -8
leaf_value=0.082458412253423777 -0.018871266298425601 -0.026549489939732069 0.0036466780036082044 -0.10013912471127218 -0.1139557150629293 -0.1153220976037031 -0.081402183058267047
leaf_weight=820.08359712362289 63.166192635893822 250.66785530745983 811.33886003494263 148.62483814358711 330.60430186986923 38.492997229099274 79.906293869018555
leaf_count=4195 295 1088 3970 638 2844 297 576
internal_value=-0.000446888 0.0241189 0.04329 -0.0541228 -0.0977054 -0.0561597 -0.107832
internal_weight=2542.88 2030.72 1631.42 399.293 512.17 101.659 410.511
internal_count=13903 9891 8165 1726 4012 592 3420
is_linear=0
shrinkage=0.1


Tree=14
num_leaves=8
num_cat=0
split_feature=6 15 19 17 5 38 4
split_gain=527.324 278.691 270.542 64.4257 21.1122 22.4016 6.1564
threshold=1.0000000180025095e-35 1.0000000180025095e-35 1.0000000180025095e-35 1.0000000180025095e-35 1.0000000180025095e-35 1.0000000180025095e-35 1.0000000180025095e-35
decision_type=2 2 2 2 2 2 2
left_child=1 3 -3 -1 5 -2 -6
right_child=4 2 -4 -5 6 -7 -8
leaf_value=-0.017886164075247676 -0.0084287575000928146 -0.083058715471844638 0.049265859696351069 -0.11967838300566627 -0.11215353062632377 -0.10391935403783326 -0.077701390785701027
leaf_weight=109.93543304502964 53.3820895627141 170.38448998332024 1575.9903907924891 143.35308404266834 303.71857523918152 44.821193791925907 75.614201545715332
leaf_count=494 305 752 8002 643 2844 287 576
internal_value=-0.00046474 0.022091 0.0363155 -0.0757413 -0.0947648 -0.0526201 -0.105508
internal_weight=2477.2 1999.66 1746.37 253.289 477.536 98.2033 379.333
internal_count=13903 9891 8754 1137 4012 592 3420
is_linear=0
shrinkage=0.1


Tree=15
num_leaves=8
num_cat=0
split_feature=6 0 19 2 5 2 4
split_gain=456.724 266.32 195.09 94.1478 21.5228 22.2553 6.58846
threshold=1.0000000180025095e-35 1.0000000180025095e-35 1.0000000180025095e-35 1.0000000180025095e-35 1.0000000180025095e-35 1.0000000180025095e-35 1.0000000180025095e-35
decision_type=2 2 2 2 2 2 2
left_child=1 2 -1 -3 5 -2 -6
right_child=4 3 -4 -5 6 -7 -8
leaf_value=-0.066706253585585296 -0.012365185677842047 0.0018867453787278386 0.055838992359983457 -0.079812635309838689 -0.11053923479422718 -0.11240254893423898 -0.074103420406842133
leaf_weight=143.87076076865196 61.296629801392555 289.28007762134075 1268.748110935092 274.18365560472012 278.63753297924995 34.161599390208721 71.616044998168945
leaf_count=635 295 1248 6781 1227 2844 297 576
internal_value=-0.000492142 0.0201419 0.0433198 -0.0379395 -0.0918144 -0.0489597 -0.103321
internal_weight=2421.79 1976.08 1412.62 563.464 445.712 95.4582 350.254
internal_count=13903 9891 7416 2475 4012 592 3420
is_linear=0
shrinkage=0.1


Tree=16
num_leaves=8
num_cat=0
split_feature=6 31 2 10 5 3 4
split_gain=396.605 245.797 180.696 57.6146 21.5004 21.8344 7.0236
threshold=1.0000000180025095e-35 1.0000000180025095e-35 1.0000000180025095e-35 1.0000000180025095e-35 1.0000000180025095e-35 1.0000000180025095e-35 1.0000000180025095e-35
decision_type=2 2 2 2 2 2 2
left_child=1 3 -3 -1 5 -2 -6
right_child=4 2 -4 -5 6 -7 -8
leaf_value=0.091464145066057795 -0.013943210905564725 0.032984165094014764 -0.039279663543553008 0.01451126009423614 -0.10908299619845714 -0.11973044881223611 -0.070593030267758192
leaf_weight=434.77986589074135 65.419720739126205 671.6677537560463 711.59231303632259 125.80349244177341 255.32797122001648 26.999235346913338 67.905000686645508
leaf_count=2711 403 3121 3247 812 2844 189 576
internal_value=-0.000511923 0.0184567 -0.00419213 0.0742513 -0.089052 -0.0457987 -0.10124
internal_weight=2359.5 1943.84 1383.26 560.583 415.652 92.419 323.233
internal_count=13903 9891 6368 3523 4012 592 3420
is_linear=0
shrinkage=0.1


Tree=17
num_leaves=8
num_cat=0
split_feature=6 15 28 17 5 2 4
split_gain=344.245 240.319 221.451 53.6315 21.708 21.8029 7.45677
threshold=1.0000000180025095e-35 1.0000000180025095e-35 1.0000000180025095e-35 1.0000000180025095e-35 1.0000000180025095e-35 1.0000000180025095e-35 1.0000000180025095e-35
decision_type=2 2 2 2 2 2 2
left_child=1 3 -3 -1 5 -2 -6
right_child=4 2 -4 -5 6 -7 -8
leaf_value=-0.021431641259273465 -0.0069346587364635453 0.050569181794286822 -0.035831725390066113 -0.11524222589242257 -0.10775973218002864 -0.10999098918772628 -0.067159999969337802
leaf_weight=108.15154714882374 59.695037677884102 1282.0020519942045 385.07791903614998 140.25466570258141 233.73411932587624 30.407567672431469 64.470996379852295
leaf_count=494 295 7093 1661 643 2844 297 576
internal_value=-0.000494031 0.0169209 0.030602 -0.0746485 -0.0862232 -0.0425394 -0.099236
internal_weight=2303.79 1915.49 1667.08 248.406 388.308 90.1026 298.205
internal_count=13903 9891 8754 1137 4012 592 3420
is_linear=0
shrinkage=0.1


Tree=18
num_leaves=8
num_cat=0
split_feature=7 2 22 3 18 5 6
split_gain=300.633 215.545 143.052 131.642 95.4431 204.988 106.707
threshold=1.0000000180025095e-35 1.0000000180025095e-35 1.0000000180025095e-35 1.0000000180025095e-35 1.0000000180025095e-35 1.0000000180025095e-35 1.0000000180025095e-35
decision_type=2 2 2 2 2 2 2
left_child=1 2 -1 -3 5 -2 -6
right_child=4 3 -4 -5 6 -7 -8
leaf_value=0.074359011249215234 0.05029030404968985 0.013164257907579508 -0.028746641040204825 -0.066270715755542567 -0.28109164667343206 -0.1083460891928969 -0.086722823602707097
leaf_weight=694.27733798325062 142.61789046227932 578.11308577656746 166.28521490097046 325.20188061147928 37.109895467758179 187.53128045797348 115.68349735438824
leaf_count=3989 802 3101 686 1534 177 2333 1281
internal_value=-0.000506413 0.0186399 0.0544258 -0.0154747 -0.0703297 -0.0398734 -0.135451
internal_weight=2246.82 1763.88 860.563 903.315 482.943 330.149 152.793
internal_count=13903 9310 4675 4635 4593 3135 1458
is_linear=0
shrinkage=0.1


Tree=19
num_leaves=8
num_cat=0
split_feature=6 15 19 27 5 3 4
split_gain=263.827 205.849 195.199 48.9553 19.1574 20.5043 8.9436
threshold=1.0000000180025095e-35 1.0000000180025095e-35 1.0000000180025095e-35 1.0000000180025095e-35 1.0000000180025095e-35 1.0000000180025095e-35 1.0000000180025095e-35
decision_type=2 2 2 2 2 2 2
left_child=1 3 -3 -1 5 -2 -6
right_child=4 2 -4 -5 6 -7 -8
leaf_value=-0.024556413773349821 -0.0096849673854855975 -0.074002618034027592 0.039296252939081587 -0.11406431749558868 -0.10548208895682171 -0.11616850647590944 -0.058520047896914597
leaf_weight=119.14796879887581 63.278108403086662 169.05350679159164 1441.699555516243 125.95403809845448 196.24497807025909 24.437773421406746 56.7115159034729
leaf_count=532 403 752 8002 605 2844 189 576
internal_value=-0.000493163 0.0143667 0.0273666 -0.0708297 -0.0812494 -0.0403265 -0.0952253
internal_weight=2196.53 1855.86 1610.75 245.102 340.672 87.7159 252.956
internal_count=13903 9891 8754 1137 4012 592 3420
is_linear=0
shrinkage=0.1


Tree=20
num_leaves=8
num_cat=0
split_feature=6 2 3 19 5 2 4
split_gain=228.512 186.217 121.999 109.815 19.1769 20.9705 9.31564
threshold=1.0000000180025095e-35 1.0000000180025095e-35 1.0000000180025095e-35 1.0000000180025095e-35 1.0000000180025095e-35 1.0000000180025095e-35 1.0000000180025095e-35
decision_type=2 2 2 2 2 2 2
left_child=1 3 -3 -1 5 -2 -6
right_child=4 2 -4 -5 6 -7 -8
leaf_value=-0.060006608346419625 -0.0031443467164939745 0.0091405712459565001 -0.065509419746372741 0.057747458982689237 -0.1044372925032931 -0.1081280201094162 -0.055338323726368238
leaf_weight=87.11189116537571 58.424810975790024 609.71609461307526 340.39114373922348 796.99621149897575 179.26548430323601 27.260476179420948 54.167676880955696
leaf_count=388 295 3306 1621 4576 2844 297 576
internal_value=-0.000514782 0.0130845 -0.0176447 0.0460904 -0.078477 -0.0374066 -0.0933286
internal_weight=2153.33 1834.22 950.107 884.108 319.118 85.6853 233.433
internal_count=13903 9891 4927 4964 4012 592 3420
is_linear=0
shrinkage=0.1


Tree=21
num_leaves=8
num_cat=0
split_feature=31 5 14 10 16 2 4
split_gain=208.291 120.762 125.542 106.208 70.9357 68.6496 2.84733
threshold=1.0000000180025095e-35 1.0000000180025095e-35 1.0000000180025095e-35 1.0000000180025095e-35 1.0000000180025095e-35 1.0000000180025095e-35 1.0000000180025095e-35
decision_type=2 2 2 2 2 2 2
left_child=3 2 -2 4 -1 -5 -3
right_child=1 6 -4 5 -6 -7 -8
leaf_value=-0.060735209639193669 -0.071103100952647047 -0.10428752761027758 0.0054352226573717083 0.052733807764030576 0.095019702569876824 -0.075797684208043059 -0.069802412522570551
leaf_weight=31.257180333137512 263.50398770719767 135.54028702154756 1128.5902649313211 78.982082668691874 346.4324157088995 85.542910397052765 40.418509557843208
leaf_count=127 1267 2355 5616 745 2584 760 449
internal_value=-0.000514503 -0.0189911 -0.00909305 0.0528553 0.0820033 -0.0141489 -0.0968054
internal_weight=2110.27 1568.05 1392.09 542.215 377.69 164.525 175.959
internal_count=13903 9687 6883 4216 2711 1505 2804
is_linear=0
shrinkage=0.1


Tree=22
num_leaves=8
num_cat=0
split_feature=7 15 0 18 5 6 17
split_gain=183.754 166.489 160.805 91.1425 159.946 81.3506 47.2348
threshold=1.0000000180025095e-35 1.0000000180025095e-35 1.0000000180025095e-35 1.0000000180025095e-35 1.0000000180025095e-35 1.0000000180025095e-35 1.0000000180025095e-35
decision_type=2 2 2 2 2 2 2
left_child=1 6 -3 4 -2 -5 -1
right_child=3 2 -4 5 -6 -7 -8
leaf_value=-0.012576696056390125 0.047245282898952003 0.049648486110337384 -0.022516286120225479 -0.25080611665189001 -0.10482139150167302 -0.076843134698200435 -0.10264515589270373
leaf_weight=103.625478990376 138.56890507787466 983.25273106992245 449.2309202849865 38.242043435573578 136.26080106571317 90.202571272850037 132.82773303240538
leaf_count=494 802 6120 2053 177 2333 1281 643
internal_value=-0.000466818 0.0141781 0.0270175 -0.0609594 -0.0282562 -0.130175 -0.0633919
internal_weight=2072.21 1668.94 1432.48 403.274 274.83 128.445 236.453
internal_count=13903 9310 8173 4593 3135 1458 1137
is_linear=0
shrinkage=0.1


Tree=23
num_leaves=8
num_cat=0
split_feature=31 19 6 10 2 16 30
split_gain=165.758 109.127 113.053 91.3083 57.8619 55.7301 12.5036
threshold=1.0000000180025095e-35 1.0000000180025095e-35 1.0000000180025095e-35 1.0000000180025095e-35 1.0000000180025095e-35 1.0000000180025095e-35 1.0000000180025095e-35
decision_type=2 2 2 2 2 2 2
left_child=3 6 -3 5 -5 -1 -2
right_child=1 2 -4 4 -6 -7 -8
leaf_value=-0.048425254526831246 -0.038228935296242675 0.0053443513322259262 -0.075720857564248206 0.04979647575601507 -0.070259486687924227 0.090334048827053745 -0.10219335367163565
leaf_weight=31.233703553676605 40.716571133583784 1136.0460835695267 201.71242308244109 75.124663084745407 83.992260489612818 315.87226328253746 145.35611195117235
leaf_count=127 223 5629 3038 745 760 2584 797
internal_value=-0.000463567 -0.0169358 -0.00692641 0.0490567 -0.0136199 0.0777448 -0.0884758
internal_weight=2030.05 1523.83 1337.76 506.223 159.117 347.106 186.073
internal_count=13903 9687 8667 4216 1505 2711 1020
is_linear=0
shrinkage=0.1


Tree=24
num_leaves=8
num_cat=0
split_feature=2 21 5 10 14 8 13
split_gain=156.464 115.307 100.061 77.3046 118.198 78.5852 19.6676
threshold=1.0000000180025095e-35 1.0000000180025095e-35 1.0000000180025095e-35 1.0000000180025095e-35 1.0000000180025095e-35 1.0000000180025095e-35 1.0000000180025095e-35
decision_type=2 2 2 2 2 2 2
left_child=1 2 -1 4 -2 -5 -3
right_child=3 6 -4 5 -6 -7 -8
leaf_value=0.055109659212683362 -0.080484913813407152 -0.11854275830884294 -0.066308511990354896 -0.13183805044146563 0.019734261057368828 -0.03378250125848957 -0.030317620586665168
leaf_weight=733.21377297490835 156.5818410590291 30.261651173233986 73.945647712796926 114.04806832969189 463.81324293464422 286.06116576865315 138.73916034772992
leaf_count=4598 851 142 1395 583 2621 2855 858
internal_value=-0.000413101 0.0281943 0.043918 -0.0277782 -0.00564893 -0.0619915 -0.0467198
internal_weight=1996.66 976.16 807.159 1020.5 620.395 400.109 169.001
internal_count=13903 6993 5993 6910 3472 3438 1000
is_linear=0
shrinkage=0.1


end of trees

feature_importances:
yr_lt=_0.5=30
hr_lt=_5.5=24
hr_lt=_6.5=23
hr_lt=_0.5=18
hr_lt=_21.5=7
hr_lt=_22.5=7
weathersit_lt=_2.5=6
season_lt=_1.5=5
mnth_lt=_4.5=5
hr_lt=_20.5=5
atemp_lt=_0.5985000133514404=5
hr_lt=_11.5=4
hr_lt=_19.5=3
weekday_lt=_3.5=3
workingday_lt=_0.5=3
temp_lt=_0.3100000023841858=3
hr_lt=_7.5=2
temp_lt=_0.45000000298023224=2
temp_lt=_0.4699999988079071=2
temp_lt=_0.5099999904632568=2
atemp_lt=_0.31059999763965607=2
hum_lt=_0.7450000047683716=2
temp_lt=_0.4299999922513962=2
hr_lt=_9.5=1
temp_lt=_0.2900000065565109=1
temp_lt=_0.3700000047683716=1
atemp_lt=_0.3409000039100647=1
atemp_lt=_0.5227500200271606=1
hum_lt=_0.8050000071525574=1
hum_lt=_0.8149999976158142=1

parameters:
[boosting: gbdt]
[objective: binary]
[metric: binary_logloss]
[tree_learner: serial]
[device_type: cpu]
[data_sample_strategy: bagging]
[data: ]
[valid: ]
[num_iterations: 25]
[learning_rate: 0.1]
[num_leaves: 31]
[num_threads: 8]
[seed: 42]
[deterministic: 0]
[force_col_wise: 0]
[force_row_wise: 0]
[histogram_pool_size: -1]
[max_depth: 3]
[min_data_in_leaf: 20]
[min_sum_hessian_in_leaf: 0.001]
[bagging_fraction: 1]
[pos_bagging_fraction: 1]
[neg_bagging_fraction: 1]
[bagging_freq: 0]
[bagging_seed: 400]
[bagging_by_query: 0]
[feature_fraction: 1]
[feature_fraction_bynode: 1]
[feature_fraction_seed: 30056]
[extra_trees: 0]
[extra_seed: 12879]
[early_stopping_round: 0]
[early_stopping_min_delta: 0]
[first_metric_only: 0]
[max_delta_step: 0]
[lambda_l1: 0]
[lambda_l2: 1]
[linear_lambda: 0]
[min_gain_to_split: 0]
[drop_rate: 0.1]
[max_drop: 50]
[skip_drop: 0.5]
[xgboost_dart_mode: 0]
[uniform_drop: 0]
[drop_seed: 17869]
[top_rate: 0.2]
[other_rate: 0.1]
[min_data_per_group: 100]
[max_cat_threshold: 32]
[cat_l2: 10]
[cat_smooth: 10]
[max_cat_to_onehot: 4]
[top_k: 20]
[monotone_constraints: ]
[monotone_constraints_method: basic]
[monotone_penalty: 0]
[feature_contri: ]
[forcedsplits_filename: ]
[refit_decay_rate: 0.9]
[cegb_tradeoff: 1]
[cegb_penalty_split: 0]
[cegb_penalty_feature_lazy: ]
[cegb_penalty_feature_coupled: ]
[path_smooth: 0]
[interaction_constraints: ]
[verbosity: -1]
[saved_feature_importance_type: 0]
[use_quantized_grad: 0]
[num_grad_quant_bins: 4]
[quant_train_renew_leaf: 0]
[stochastic_rounding: 1]
[linear_tree: 0]
[max_bin: 255]
[max_bin_by_feature: ]
[min_data_in_bin: 3]
[bin_construct_sample_cnt: 200000]
[data_random_seed: 175]
[is_enable_sparse: 1]
[enable_bundle: 1]
[use_missing: 1]
[zero_as_missing: 0]
[feature_pre_filter: 1]
[pre_partition: 0]
[two_round: 0]
[header: 0]
[label_column: ]
[weight_column: ]
[group_column: ]
[ignore_column: ]
[categorical_feature: ]
[forcedbins_filename: ]
[precise_float_parser: 0]
[parser_config_file: ]
[objective_seed: 16083]
[num_class: 1]
[is_unbalance: 0]
[scale_pos_weight: 1]
[sigmoid: 1]
[boost_from_average: 1]
[reg_sqrt: 0]
[alpha: 0.9]
[fair_c: 1]
[poisson_max_delta_step: 0.7]
[tweedie_variance_power: 1.5]
[lambdarank_truncation_level: 30]
[lambdarank_norm: 1]
[label_gain: ]
[lambdarank_position_bias_regularization: 0]
[eval_at: ]
[multi_error_top_k: 1]
[auc_mu_weights: ]
[num_machines: 1]
[local_listen_port: 12400]
[time_out: 120]
[machine_list_filename: ]
[machines: ]
[gpu_platform_id: -1]
[gpu_device_id: -1]
[gpu_use_dp: 0]
[num_gpu: 1]

end of parameters

pandas_categorical:[]
