tree
version=v4
num_class=1
num_tree_per_iteration=1
label_index=0
max_feature_idx=8
objective=binary sigmoid:1
feature_names=ExternalRiskEstimate_lt=_67.5 ExternalRiskEstimate_lt=_70.5 ExternalRiskEstimate_lt=_73.5 ExternalRiskEstimate_lt=_74.5 ExternalRiskEstimate_lt=_75.5 ExternalRiskEstimate_lt=_78.5 NetFractionRevolvingBurden_lt=_37.5 NetFractionRevolvingBurden_lt=_47.5 MSinceMostRecentInqexcl7days_lt=_0.5
feature_infos=[0:1] [0:1] [0:1] [0:1] [0:1] [0:1] [0:1] [0:1] [0:1]
tree_sizes=1005 1005 1011 1014 1012 1011 1012 1014 1013 1015 1018 1019 1017 1019 1018 1016 1020 1018 1022 1015 1021 1021 1018 1024 1020

Tree=0
num_leaves=8
num_cat=0
split_feature=3 0 5 8 6 8 8
split_gain=1324.43 138.635 80.8595 70.4804 61.1902 30.2953 19.1858
threshold=1.0000000180025095e-35 1.0000000180025095e-35 1.0000000180025095e-35 1.0000000180025095e-35 1.0000000180025095e-35 1.0000000180025095e-35 1.0000000180025095e-35
decision_type=2 2 2 2 2 2 2
left_child=2 3 6 -2 -3 -4 -1
right_child=1 4 5 -5 -6 -7 -8
leaf_value=0.057729223168185434 -0.046806475511535738 -0.19803775536014195 0.014857499282479633 -0.13167318015720481 -0.1422820967940065 -0.064307448874666231 0.018620647062306261
leaf_weight=214.3368384540081 136.98594215512276 480.82315215468407 71.362439811229706 336.10212036967278 338.84682959318161 148.21429806947708 361.05402240157127
leaf_count=859 549 1927 286 1347 1358 594 1447
internal_value=-0.0877819 -0.150226 0.0137139 -0.107065 -0.175083 -0.0382302 0.033416
internal_weight=2087.73 1292.76 794.968 473.088 819.67 219.577 575.391
internal_count=8367 5181 3186 1896 3285 880 2306
is_linear=0
shrinkage=1


Tree=1
num_leaves=8
num_cat=0
split_feature=2 5 0 7 8 8 8
split_gain=1075.5 92.3817 89.1435 50.705 43.6298 38.8045 15.6287
threshold=1.0000000180025095e-35 1.0000000180025095e-35 1.0000000180025095e-35 1.0000000180025095e-35 1.0000000180025095e-35 1.0000000180025095e-35 1.0000000180025095e-35
decision_type=2 2 2 2 2 2 2
left_child=1 6 4 -4 -2 -3 -1
right_child=2 5 3 -5 -6 -7 -8
leaf_value=0.1308644751823527 0.028623607915037381 0.092765902764590916 -0.1040329578590727 -0.053897569165076278 -0.042729304977171118 0.012850682167379848 0.09560141967871516
leaf_weight=214.57118263840675 119.93429660797119 88.736608773469925 407.73913984000683 407.10567680001259 294.22286885976791 189.41830086708069 361.71864888072014
leaf_count=859 480 355 1647 1638 1182 759 1447
internal_value=-6.14442e-06 0.0861055 -0.0598953 -0.0790815 -0.0220473 0.0385861 0.108935
internal_weight=2083.45 854.445 1229 814.845 414.157 278.155 576.29
internal_count=8367 3420 4947 3285 1662 1114 2306
is_linear=0
shrinkage=0.1


Tree=2
num_leaves=8
num_cat=0
split_feature=3 1 5 7 8 8 7
split_gain=878.973 94.5412 52.6479 51.6865 28.7347 19.534 15.0137
threshold=1.0000000180025095e-35 1.0000000180025095e-35 1.0000000180025095e-35 1.0000000180025095e-35 1.0000000180025095e-35 1.0000000180025095e-35 1.0000000180025095e-35
decision_type=2 2 2 2 2 2 2
left_child=2 4 6 -3 -2 -4 -1
right_child=1 3 5 -5 -6 -7 -8
leaf_value=0.004080939934247102 0.052455166416015435 -0.088532786018661158 0.083427231889609821 -0.043279126917678608 -0.019414867950490366 0.019838889318678096 0.10136639862350341
leaf_weight=16.415582627058029 78.735810130834579 488.03285376727581 71.293357133865356 529.46204149723053 183.02285112440586 148.40174183249474 557.0088013112545
leaf_count=66 315 1991 286 2138 737 594 2240
internal_value=-6.74522e-06 -0.0512739 0.0826445 -0.0650503 0.00232067 0.0407585 0.0985933
internal_weight=2072.37 1279.25 793.119 1017.49 261.759 219.695 573.424
internal_count=8367 5181 3186 4129 1052 880 2306
is_linear=0
shrinkage=0.1


Tree=3
num_leaves=8
num_cat=0
split_feature=3 0 5 8 6 8 8
split_gain=718.332 81.9051 43.7785 41.6739 38.4659 16.0905 13.7972
threshold=1.0000000180025095e-35 1.0000000180025095e-35 1.0000000180025095e-35 1.0000000180025095e-35 1.0000000180025095e-35 1.0000000180025095e-35 1.0000000180025095e-35
decision_type=2 2 2 2 2 2 2
left_child=2 3 6 -2 -3 -4 -1
right_child=1 4 5 -5 -6 -7 -8
leaf_value=0.11032781152927862 0.032883781388535135 -0.084597453735291817 0.075685647886961985 -0.032439187914046118 -0.039945858216740224 0.017860530289691309 0.077195212932533369
leaf_weight=210.36189956963062 137.08805845677853 464.93234243988991 70.851505011320114 333.09992650151253 334.67935228347778 148.46289539337158 357.66739785671234
leaf_count=859 549 1927 286 1347 1358 594 1447
internal_value=-4.20093e-06 -0.0465241 0.0749852 -0.0133642 -0.0659817 0.0368002 0.0896377
internal_weight=2057.14 1269.8 787.344 470.188 799.612 219.314 568.029
internal_count=8367 5181 3186 1896 3285 880 2306
is_linear=0
shrinkage=0.1


Tree=4
num_leaves=8
num_cat=0
split_feature=2 0 5 6 8 8 7
split_gain=591.275 53.4949 51.262 32.7491 25.3067 22.1547 12.5995
threshold=1.0000000180025095e-35 1.0000000180025095e-35 1.0000000180025095e-35 1.0000000180025095e-35 1.0000000180025095e-35 1.0000000180025095e-35 1.0000000180025095e-35
decision_type=2 2 2 2 2 2 2
left_child=2 4 6 -3 -2 -4 -1
right_child=1 3 5 -5 -6 -7 -8
leaf_value=-0.0046177148633900307 0.022882279336491673 -0.07756595369342946 0.070436181545278642 -0.0361584324431935 -0.031551331321667549 0.0097489583995261486 0.084406297722414772
leaf_weight=16.271229565143585 119.89012295007706 456.88770559430122 87.419024780392647 332.95933148264885 290.9562112390995 189.44401730597019 544.42614422738552
leaf_count=66 480 1927 355 1358 1182 759 2240
internal_value=2.38769e-06 -0.0449676 0.0644464 -0.0601784 -0.0156499 0.0290954 0.0818192
internal_weight=2038.25 1200.69 837.56 789.847 410.846 276.863 560.697
internal_count=8367 4947 3420 3285 1662 1114 2306
is_linear=0
shrinkage=0.1


Tree=5
num_leaves=8
num_cat=0
split_feature=2 8 6 5 8 0 8
split_gain=485.021 48.7522 44.4528 43.1446 18.3012 12.8184 12.578
threshold=1.0000000180025095e-35 1.0000000180025095e-35 1.0000000180025095e-35 1.0000000180025095e-35 1.0000000180025095e-35 1.0000000180025095e-35 1.0000000180025095e-35
decision_type=2 2 2 2 2 2 2
left_child=3 5 -3 6 -5 -2 -1
right_child=1 2 -4 4 -6 -7 -8
leaf_value=0.094888938697726299 0.020618493405164962 -0.072589008828868526 -0.02836574136778458 0.064111552683509862 0.0087772509260362879 -0.022904015852392993 0.062960325866822681
leaf_weight=202.80533492565155 119.85919596254826 487.4434934258461 428.98537141084671 86.581447571516037 189.48348471522331 152.8088303655386 349.46488218009472
leaf_count=859 480 2065 1755 355 759 647 1447
internal_value=3.84992e-06 -0.0409071 -0.0519413 0.0587111 0.0263003 -0.00376699 0.0748355
internal_weight=2017.43 1189.1 916.429 828.335 276.065 272.668 552.27
internal_count=8367 4947 3820 3420 1114 1127 2306
is_linear=0
shrinkage=0.1


Tree=6
num_leaves=8
num_cat=0
split_feature=1 5 7 8 8 8 8
split_gain=402.611 70.6982 30.7259 21.1623 20.5039 11.5519 11.0751
threshold=1.0000000180025095e-35 1.0000000180025095e-35 1.0000000180025095e-35 1.0000000180025095e-35 1.0000000180025095e-35 1.0000000180025095e-35 1.0000000180025095e-35
decision_type=2 2 2 2 2 2 2
left_child=1 6 4 -3 -2 -4 -1
right_child=2 3 5 -5 -6 -7 -8
leaf_value=0.087663852172223444 -0.026866083257393175 0.047195563110284992 0.0015001227022106 0.001658561099117755 -0.076591324158526097 -0.036340591454048533 0.057432286181004259
leaf_weight=197.90903043746948 110.67612594366074 146.95802646875381 99.809032693505287 329.19878406822681 348.15317066013813 418.10429912805557 345.12061324715614
leaf_count=859 472 601 409 1331 1519 1729 1447
internal_value=1.23045e-05 0.0439589 -0.045842 0.0157823 -0.0646814 -0.0290593 0.0685912
internal_weight=1995.93 1019.19 976.743 476.157 458.829 517.913 543.03
internal_count=8367 4238 4129 1932 1991 2138 2306
is_linear=0
shrinkage=0.1


Tree=7
num_leaves=8
num_cat=0
split_feature=3 0 7 6 8 8 8
split_gain=332.99 43.4692 29.0531 21.8727 19.7049 17.5498 0.700527
threshold=1.0000000180025095e-35 1.0000000180025095e-35 1.0000000180025095e-35 1.0000000180025095e-35 1.0000000180025095e-35 1.0000000180025095e-35 1.0000000180025095e-35
decision_type=2 2 2 2 2 2 2
left_child=2 5 6 -3 -4 -2 -1
right_child=1 3 4 -5 -6 -7 -8
leaf_value=-0.037985725043283708 0.022059840554789902 -0.061587008832558188 0.080579308889680956 -0.027218653801375316 0.04519783657323638 -0.020515084456274004 -0.011943629795478493
leaf_weight=14.231707304716108 136.4301767796278 432.61662350594997 246.5687467455864 327.8866264373064 451.90377290546894 327.04914975166321 37.237521380186081
leaf_count=60 549 1927 1085 1358 1891 1347 150
internal_value=1.45002e-05 -0.0321272 0.052446 -0.0468245 0.0577852 -0.00796218 -0.0197312
internal_weight=1973.92 1223.98 749.942 760.503 698.473 463.479 51.4692
internal_count=8367 5181 3186 3285 2976 1896 210
is_linear=0
shrinkage=0.1


Tree=8
num_leaves=8
num_cat=0
split_feature=1 5 7 8 8 7 8
split_gain=275.888 51.9042 23.4838 17.1775 14.5414 9.26678 8.83953
threshold=1.0000000180025095e-35 1.0000000180025095e-35 1.0000000180025095e-35 1.0000000180025095e-35 1.0000000180025095e-35 1.0000000180025095e-35 1.0000000180025095e-35
decision_type=2 2 2 2 2 2 2
left_child=1 5 3 -2 -3 -1 -4
right_child=2 4 6 -5 -6 -7 -8
leaf_value=-0.0156826293896817 -0.020453961907518515 0.038995715676222537 0.0030047622883759024 -0.066495098244461467 0.0010426267427752489 0.060743983604501617 -0.030188953346305739
leaf_weight=15.996038049459456 108.42132982611656 144.74659210443497 99.318912178277969 333.86751732230186 328.64456263184547 508.65385979413986 412.63515318930149
leaf_count=66 472 601 409 1519 1331 2240 1729
internal_value=1.43993e-05 0.0367543 -0.03841 -0.0552803 0.0127051 0.0583884 -0.0237561
internal_weight=1952.28 998.041 954.243 442.289 473.391 524.65 511.954
internal_count=8367 4238 4129 1991 1932 2306 2138
is_linear=0
shrinkage=0.1


Tree=9
num_leaves=8
num_cat=0
split_feature=4 1 7 7 8 8 8
split_gain=228.287 37.7187 20.0216 15.1763 14.6141 7.90625 0.27791
threshold=1.0000000180025095e-35 1.0000000180025095e-35 1.0000000180025095e-35 1.0000000180025095e-35 1.0000000180025095e-35 1.0000000180025095e-35 1.0000000180025095e-35
decision_type=2 2 2 2 2 2 2
left_child=3 5 -3 6 -5 -2 -1
right_child=1 2 -4 4 -6 -7 -8
leaf_value=-0.025632056981525788 0.028316317659266146 -0.050795884227360137 -0.021504796729300946 0.071979747387679441 0.039738802633799759 -0.005703918086826772 -0.0071620715244870032
leaf_weight=11.438857108354567 97.13621661067009 433.87297303974628 509.302076369524 218.85966514050961 408.84283135831356 223.97954767942429 27.281598031520844
leaf_count=48 400 1991 2138 1012 1756 912 110
internal_value=1.17046e-05 -0.0249493 -0.0350186 0.0473324 0.0510768 0.00464302 -0.0131264
internal_weight=1930.71 1264.29 943.175 666.423 627.702 321.116 38.7205
internal_count=8367 5441 4129 2926 2768 1312 158
is_linear=0
shrinkage=0.1


Tree=10
num_leaves=8
num_cat=0
split_feature=4 0 6 7 8 8 8
split_gain=187.691 32.6396 14.7811 12.6685 12.8631 11.5167 0.227605
threshold=1.0000000180025095e-35 1.0000000180025095e-35 1.0000000180025095e-35 1.0000000180025095e-35 1.0000000180025095e-35 1.0000000180025095e-35 1.0000000180025095e-35
decision_type=2 2 2 2 2 2 2
left_child=3 5 -3 6 -5 -2 -1
right_child=1 2 -4 4 -6 -7 -8
leaf_value=-0.023153548226764256 0.019216192102890984 -0.048906949686496955 -0.020196912405518797 0.066698053893227804 0.036142068568743704 -0.013201228057598486 -0.0064687106303408116
leaf_weight=11.500609606504439 155.12052783370018 408.73103167116642 322.96993009746075 212.9660649895668 404.89102387428284 366.83332191407681 27.291870772838593
leaf_count=48 634 1927 1358 1012 1756 1522 110
internal_value=1.60724e-05 -0.0226658 -0.0362793 0.0432881 0.046765 -0.00354871 -0.0118727
internal_weight=1910.3 1253.65 731.701 656.65 617.857 521.954 38.7925
internal_count=8367 5441 3285 2926 2768 2156 158
is_linear=0
shrinkage=0.1


Tree=11
num_leaves=8
num_cat=0
split_feature=1 5 8 6 6 8 7
split_gain=155.271 32.8445 18.6519 19.8263 8.39519 6.58126 1.42152
threshold=1.0000000180025095e-35 1.0000000180025095e-35 1.0000000180025095e-35 1.0000000180025095e-35 1.0000000180025095e-35 1.0000000180025095e-35 1.0000000180025095e-35
decision_type=2 2 2 2 2 2 2
left_child=1 5 6 -4 -3 -1 -2
right_child=2 4 3 -5 -6 -7 -8
leaf_value=0.061675272261022311 -0.010608532251187365 -0.0089062591739650348 -0.052567524586727532 -0.019259974449387273 0.018948465949711217 0.03723364867505221 0.0060329712171791365
leaf_weight=173.83982594311237 104.96506929397583 167.71098624169827 378.96229849755764 340.79573510587215 301.49394123256207 323.99793638288975 98.641396045684814
leaf_count=859 472 688 1808 1440 1244 1447 409
internal_value=1.78229e-05 0.0280084 -0.0292954 -0.0368455 0.0089944 0.0458749 -0.00255613
internal_weight=1890.41 967.043 923.364 719.758 469.205 497.838 203.606
internal_count=8367 4238 4129 3248 1932 2306 881
is_linear=0
shrinkage=0.1


Tree=12
num_leaves=8
num_cat=0
split_feature=3 8 6 6 8 1 7
split_gain=128.197 22.5961 21.3795 14.7397 9.81049 3.43267 2.12511
threshold=1.0000000180025095e-35 1.0000000180025095e-35 1.0000000180025095e-35 1.0000000180025095e-35 1.0000000180025095e-35 1.0000000180025095e-35 1.0000000180025095e-35
decision_type=2 2 2 2 2 2 2
left_child=3 5 -3 6 -5 -2 -1
right_child=1 2 -4 4 -6 -7 -8
leaf_value=-0.016965451882238525 0.022379425843583295 -0.043380556840667245 -0.012361904065148257 0.057109937237724485 0.03017287100289507 -0.0023065296789936806 0.013586594730840298
leaf_weight=51.56575882434845 76.827292218804359 448.60439574718475 441.53043928742409 206.89338257908821 403.66901613771915 203.35824182629585 39.207590520381927
leaf_count=210 315 2128 1857 1028 1777 881 171
internal_value=1.76489e-05 -0.0202372 -0.0280256 0.0337976 0.0393791 0.00451791 -0.0037649
internal_weight=1871.66 1170.32 890.135 701.336 610.562 280.186 90.7733
internal_count=8367 5181 3985 3186 2805 1196 381
is_linear=0
shrinkage=0.1


Tree=13
num_leaves=8
num_cat=0
split_feature=1 5 8 6 8 8 7
split_gain=107.806 23.4512 13.3242 14.3768 6.3576 5.01458 1.15755
threshold=1.0000000180025095e-35 1.0000000180025095e-35 1.0000000180025095e-35 1.0000000180025095e-35 1.0000000180025095e-35 1.0000000180025095e-35 1.0000000180025095e-35
decision_type=2 2 2 2 2 2 2
left_child=1 5 6 -4 -3 -1 -2
right_child=2 4 3 -5 -6 -7 -8
leaf_value=0.053255055109245268 -0.009367359281179306 0.025338713987295671 -0.044927818441058309 -0.016240280988763459 -8.0611652167860302e-05 0.031482074236541251 0.0056610469772675094
leaf_weight=164.84429050981998 104.56135755777359 139.75432299077511 364.20279444754124 338.23820509016514 326.91184447705746 316.88337163627148 98.69282865524292
leaf_count=859 472 601 1808 1440 1331 1447 409
internal_value=2.06032e-05 0.0235727 -0.0246406 -0.031157 0.00756972 0.0390275 -0.00207812
internal_weight=1854.09 948.394 905.695 702.441 466.666 481.728 203.254
internal_count=8367 4238 4129 3248 1932 2306 881
is_linear=0
shrinkage=0.1


Tree=14
num_leaves=8
num_cat=0
split_feature=1 5 8 6 8 7 7
split_gain=88.3805 19.6428 11.063 12.236 5.20281 4.96685 0.941631
threshold=1.0000000180025095e-35 1.0000000180025095e-35 1.0000000180025095e-35 1.0000000180025095e-35 1.0000000180025095e-35 1.0000000180025095e-35 1.0000000180025095e-35
decision_type=2 2 2 2 2 2 2
left_child=1 5 6 -4 -3 -1 -2
right_child=2 4 3 -5 -6 -7 -8
leaf_value=-0.018211007145036845 -0.0084645833161705198 0.022972494713932042 -0.041301967250349167 -0.014683488658025207 -7.2578392140604475e-05 0.037663474325731194 0.005096469752337459
leaf_weight=15.919435709714888 104.26488560438156 138.88502995669842 357.03454223275185 336.87060008943081 326.91017000377178 458.04101029038429 98.769783809781075
leaf_count=66 472 601 1808 1440 1331 2240 409
internal_value=2.14772e-05 0.0214409 -0.0224193 -0.0284192 0.00683321 0.0357524 -0.00187493
internal_weight=1836.7 939.756 896.94 693.905 465.795 473.96 203.035
internal_count=8367 4238 4129 3248 1932 2306 881
is_linear=0
shrinkage=0.1


Tree=15
num_leaves=8
num_cat=0
split_feature=4 0 7 8 7 8 6
split_gain=73.1895 16.0126 7.48075 7.023 6.08979 3.95681 3.20605
threshold=1.0000000180025095e-35 1.0000000180025095e-35 1.0000000180025095e-35 1.0000000180025095e-35 1.0000000180025095e-35 1.0000000180025095e-35 1.0000000180025095e-35
decision_type=2 2 2 2 2 2 2
left_child=3 5 -3 4 -1 -2 -5
right_child=1 2 -4 6 -6 -7 -8
leaf_value=-0.025623684123490094 0.01252554675504514 -0.035507828532645308 -0.014601639625007344 -0.0038609035694389133 0.047698327997864526 -0.0066145939916166579 0.023711272080354603
leaf_weight=11.43859803676605 153.11359636485577 316.61438907682896 376.52542328834534 47.359231844544411 189.5578548759222 360.05128119885921 365.82301856577396
leaf_count=48 634 1647 1638 197 1012 1522 1669
internal_value=1.84248e-05 -0.0142865 -0.0241886 0.0280922 0.0434194 -0.000890474 0.0205492
internal_weight=1820.48 1206.3 693.14 614.179 200.996 513.165 413.182
internal_count=8367 5441 3285 2926 1060 2156 1866
is_linear=0
shrinkage=0.1


Tree=16
num_leaves=8
num_cat=0
split_feature=1 6 8 6 5 8 7
split_gain=60.0914 14.5977 8.87327 9.52559 6.60527 1.21389 0.556426
threshold=1.0000000180025095e-35 1.0000000180025095e-35 1.0000000180025095e-35 1.0000000180025095e-35 1.0000000180025095e-35 1.0000000180025095e-35 1.0000000180025095e-35
decision_type=2 2 2 2 2 2 2
left_child=1 5 6 -4 -3 -1 -2
right_child=2 4 3 -5 -6 -7 -8
leaf_value=0.0061426996862675122 -0.0053320281248416361 0.032263403128167091 -0.035727319738888749 -0.012016843046538751 0.012825555661162006 -0.01124857454704885 0.005127752131976332
leaf_weight=55.197502851486206 102.90984445810318 430.34818248450756 345.6181522756815 334.44453692436218 297.41781808435917 141.05016426742077 98.615686506032944
leaf_count=239 472 2171 1808 1440 1244 584 409
internal_value=1.85484e-05 0.0178284 -0.0186474 -0.0241016 0.0243482 -0.00635068 -0.000213532
internal_weight=1805.6 924.014 881.588 680.063 727.766 196.248 201.526
internal_count=8367 4238 4129 3248 3415 823 881
is_linear=0
shrinkage=0.1


Tree=17
num_leaves=8
num_cat=0
split_feature=4 0 8 8 7 8 5
split_gain=49.6295 11.4654 6.03802 5.6646 4.89867 2.71424 2.31492
threshold=1.0000000180025095e-35 1.0000000180025095e-35 1.0000000180025095e-35 1.0000000180025095e-35 1.0000000180025095e-35 1.0000000180025095e-35 1.0000000180025095e-35
decision_type=2 2 2 2 2 2 2
left_child=2 5 4 -3 -1 -2 -4
right_child=1 3 6 -5 -6 -7 -8
leaf_value=-0.023738365619820886 0.010651905788294126 -0.0025834330478141389 0.020850383135244566 -0.024991691898112511 0.041935677613410993 -0.0052289952361281415 0.0035150449824337261
leaf_weight=11.485814690589903 152.61830598115921 143.0376370549202 302.79809479415417 537.25403861701488 182.35327142477036 358.43852220475674 103.81721131503582
leaf_count=48 634 647 1447 2638 1012 1522 419
internal_value=1.5746e-05 -0.0117979 0.0234355 -0.0202909 0.0379423 -0.000474898 0.0164438
internal_weight=1791.8 1191.35 600.454 680.292 193.839 511.057 406.615
internal_count=8367 5441 2926 3285 1060 2156 1866
is_linear=0
shrinkage=0.1


Tree=18
num_leaves=8
num_cat=0
split_feature=2 6 7 8 8 0 4
split_gain=40.7391 9.29341 6.93911 6.7724 6.4631 1.80682 0.974468
threshold=1.0000000180025095e-35 1.0000000180025095e-35 1.0000000180025095e-35 1.0000000180025095e-35 1.0000000180025095e-35 1.0000000180025095e-35 1.0000000180025095e-35
decision_type=2 2 2 2 2 2 2
left_child=1 6 3 -2 -3 -4 -1
right_child=2 4 5 -5 -6 -7 -8
leaf_value=-0.00065391153815941392 -0.0015804484943968897 0.03842031193243356 0.00084312860093518319 -0.029562647613212902 0.016196424539353382 -0.010055554914644391 -0.019857569950970714
leaf_weight=68.321968480944633 118.65113110840321 193.60754948854446 257.01917105913162 319.28866049647331 408.95768810808659 371.1634576767683 42.162400111556053
leaf_count=294 538 1074 1074 1697 1879 1638 173
internal_value=1.78919e-05 0.0185061 -0.0123533 -0.0220023 0.0233889 -0.00560214 -0.00809468
internal_weight=1779.17 713.05 1066.12 437.94 602.565 628.183 110.484
internal_count=8367 3420 4947 2235 2953 2712 467
is_linear=0
shrinkage=0.1


Tree=19
num_leaves=8
num_cat=0
split_feature=1 6 7 8 8 8 8
split_gain=34.0467 8.53971 5.5919 4.86636 4.51697 1.83603 0.778135
threshold=1.0000000180025095e-35 1.0000000180025095e-35 1.0000000180025095e-35 1.0000000180025095e-35 1.0000000180025095e-35 1.0000000180025095e-35 1.0000000180025095e-35
decision_type=2 2 2 2 2 2 2
left_child=1 6 3 -2 -3 -4 -1
right_child=2 4 5 -5 -6 -7 -8
leaf_value=0.005100676283635335 -0.0047206924652503264 0.030355619079416914 0.0050609694451579238 -0.030307837024323478 0.013174904365335804 -0.010176884934501123 -0.008850655631346592
leaf_weight=54.97345170378685 102.61556698381901 225.14216266572475 98.484771147370338 272.67411324381828 483.75736248493195 389.60631451010704 140.42611949145794
leaf_count=239 472 1221 409 1519 2194 1729 584
internal_value=1.68668e-05 0.0135702 -0.0141781 -0.0233427 0.0186665 -0.0070982 -0.00491962
internal_weight=1767.68 904.299 863.381 375.29 708.9 488.091 195.4
internal_count=8367 4238 4129 1991 3415 2138 823
is_linear=0
shrinkage=0.1


Tree=20
num_leaves=8
num_cat=0
split_feature=4 0 7 8 7 5 8
split_gain=28.4878 6.86568 4.36457 3.76064 3.48922 1.77227 1.40953
threshold=1.0000000180025095e-35 1.0000000180025095e-35 1.0000000180025095e-35 1.0000000180025095e-35 1.0000000180025095e-35 1.0000000180025095e-35 1.0000000180025095e-35
decision_type=2 2 2 2 2 2 2
left_child=3 6 -3 4 -1 -5 -2
right_child=1 2 -4 5 -6 -7 -8
leaf_value=-0.021881560900991463 0.0078366057957653373 -0.024672908739271748 -0.0083542799419134891 0.016475979867486806 0.033455565776231627 0.0012744650349387281 -0.0036445919959492284
leaf_weight=11.530700683593748 151.59961906075478 296.111836373806 369.14445957541466 296.83319680392742 172.02296669781208 103.52926269173622 356.29684470593929
leaf_count=48 634 1647 1638 1447 1012 419 1522
internal_value=1.44822e-05 -0.00896752 -0.015644 0.0180448 0.0298796 0.012558 -0.000208958
internal_weight=1757.07 1173.15 665.256 583.916 183.554 400.362 507.896
internal_count=8367 5441 3285 2926 1060 1866 2156
is_linear=0
shrinkage=0.1


Tree=21
num_leaves=8
num_cat=0
split_feature=4 0 7 8 7 5 8
split_gain=23.2947 5.63289 3.6464 3.17766 2.91446 1.45666 1.14441
threshold=1.0000000180025095e-35 1.0000000180025095e-35 1.0000000180025095e-35 1.0000000180025095e-35 1.0000000180025095e-35 1.0000000180025095e-35 1.0000000180025095e-35
decision_type=2 2 2 2 2 2 2
left_child=3 6 -3 4 -1 -5 -2
right_child=1 2 -4 5 -6 -7 -8
leaf_value=-0.019786971744624474 0.0070669891270968123 -0.022518499580277383 -0.0075413006693928891 0.014942892237414671 0.030732819361552421 0.0011483802742953144 -0.0032837615496798499
leaf_weight=11.579318732023237 151.41733551025391 292.3018344193697 368.20522463321686 294.77452506124973 168.80081024765968 103.5171904116869 356.02803978323936
leaf_count=48 634 1647 1638 1447 1012 419 1522
internal_value=1.43253e-05 -0.00811348 -0.0141934 0.0164046 0.0273985 0.0113695 -0.000187362
internal_weight=1746.62 1167.95 660.507 578.672 180.38 398.292 507.445
internal_count=8367 5441 3285 2926 1060 1866 2156
is_linear=0
shrinkage=0.1


Tree=22
num_leaves=8
num_cat=0
split_feature=4 8 6 8 7 5 2
split_gain=19.0359 5.05539 7.03578 2.67725 2.43088 1.19591 1.00448
threshold=1.0000000180025095e-35 1.0000000180025095e-35 1.0000000180025095e-35 1.0000000180025095e-35 1.0000000180025095e-35 1.0000000180025095e-35 1.0000000180025095e-35
decision_type=2 2 2 2 2 2 2
left_child=3 6 -3 4 -1 -5 -2
right_child=1 2 -4 5 -6 -7 -8
leaf_value=-0.017902723475610401 0.019946526108568851 -0.020588230099788163 -0.002595449529905914 0.013544615709599851 0.028196157166761368 0.0010347528507883359 0.0018737050534038122
leaf_weight=11.621148705482481 33.957291156053543 413.59144754707813 457.46016897261143 292.89189246296883 165.83961993455887 103.5062480121851 258.18744094669819
leaf_count=48 154 2195 1965 1447 1012 419 1127
internal_value=1.40255e-05 -0.00733785 -0.0111526 0.0149029 0.0250939 0.0102889 0.00403527
internal_weight=1737.06 1163.2 871.052 573.859 177.461 396.398 292.145
internal_count=8367 5441 4160 2926 1060 1866 1281
is_linear=0
shrinkage=0.1


Tree=23
num_leaves=8
num_cat=0
split_feature=1 6 8 6 5 6 8
split_gain=16.2322 4.6195 3.5534 4.32243 2.11048 0.548032 0.389406
threshold=1.0000000180025095e-35 1.0000000180025095e-35 1.0000000180025095e-35 1.0000000180025095e-35 1.0000000180025095e-35 1.0000000180025095e-35 1.0000000180025095e-35
decision_type=2 2 2 2 2 2 2
left_child=1 6 5 -4 -3 -2 -1
right_child=2 4 3 -5 -6 -7 -8
leaf_value=0.0030041657994639048 0.0058074901064429103 0.018061012374848806 -0.021797079043366863 -0.0054173206326666602 0.006838474623263294 -0.0049707894993078258 -0.0069129847046769492
leaf_weight=54.448527112603188 124.79215152561665 396.97099550068378 317.27696523070335 328.03695707023144 292.66527390480042 74.550331681966782 139.60563330352306
leaf_count=239 574 2171 1808 1440 1244 307 584
internal_value=1.47678e-05 0.00948417 -0.00989174 -0.0134919 0.0133152 0.00177193 -0.00412925
internal_weight=1728.35 883.69 844.656 645.314 689.636 199.342 194.054
internal_count=8367 4238 4129 3248 3415 881 823
is_linear=0
shrinkage=0.1


Tree=24
num_leaves=8
num_cat=0
split_feature=1 6 8 6 8 6 8
split_gain=13.2307 3.77315 2.9133 3.59229 2.044 0.444421 0.316365
threshold=1.0000000180025095e-35 1.0000000180025095e-35 1.0000000180025095e-35 1.0000000180025095e-35 1.0000000180025095e-35 1.0000000180025095e-35 1.0000000180025095e-35
decision_type=2 2 2 2 2 2 2
left_child=1 6 5 -4 -3 -2 -1
right_child=2 4 3 -5 -6 -7 -8
leaf_value=0.0027113036879077256 0.0052216092767685251 0.020226700377257645 -0.019868122395294962 -0.0048855376955641598 0.0083849009881179857 -0.0044829485972685624 -0.006230672486220762
leaf_weight=54.407132744789124 125.01462997496128 211.3622629493475 313.5729436725378 327.50691859424114 474.47467835247517 74.507974609732628 139.51861122250557
leaf_count=239 574 1221 1808 1440 2194 307 584
internal_value=1.24844e-05 0.00857995 -0.00895364 -0.0122335 0.0120585 0.00159334 -0.0037209
internal_weight=1720.37 879.763 840.602 641.08 685.837 199.523 193.926
internal_count=8367 4238 4129 3248 3415 881 823
is_linear=0
shrinkage=0.1


end of trees

feature_importances:
MSinceMostRecentInqexcl7days_lt=_0.5=65
NetFractionRevolvingBurden_lt=_47.5=27
NetFractionRevolvingBurden_lt=_37.5=24
ExternalRiskEstimate_lt=_78.5=17
ExternalRiskEstimate_lt=_67.5=12
ExternalRiskEstimate_lt=_70.5=12
ExternalRiskEstimate_lt=_75.5=8
ExternalRiskEstimate_lt=_73.5=5
ExternalRiskEstimate_lt=_74.5=5

parameters:
[boosting: gbdt]
[objective: binary]
[metric: binary_logloss]
[tree_learner: serial]
[device_type: cpu]
[data_sample_strategy: bagging]
[data: ]
[valid: ]
[num_iterations: 25]
[learning_rate: 0.1]
[num_leaves: 31]
[num_threads: 8]
[seed: 42]
[deterministic: 0]
[force_col_wise: 0]
[force_row_wise: 0]
[histogram_pool_size: -1]
[max_depth: 3]
[min_data_in_leaf: 20]
[min_sum_hessian_in_leaf: 0.001]
[bagging_fraction: 1]
[pos_bagging_fraction: 1]
[neg_bagging_fraction: 1]
[bagging_freq: 0]
[bagging_seed: 400]
[bagging_by_query: 0]
[feature_fraction: 1]
[feature_fraction_bynode: 1]
[feature_fraction_seed: 30056]
[extra_trees: 0]
[extra_seed: 12879]
[early_stopping_round: 0]
[early_stopping_min_delta: 0]
[first_metric_only: 0]
[max_delta_step: 0]
[lambda_l1: 0]
[lambda_l2: 1]
[linear_lambda: 0]
[min_gain_to_split: 0]
[drop_rate: 0.1]
[max_drop: 50]
[skip_drop: 0.5]
[xgboost_dart_mode: 0]
[uniform_drop: 0]
[drop_seed: 17869]
[top_rate: 0.2]
[other_rate: 0.1]
[min_data_per_group: 100]
[max_cat_threshold: 32]
[cat_l2: 10]
[cat_smooth: 10]
[max_cat_to_onehot: 4]
[top_k: 20]
[monotone_constraints: ]
[monotone_constraints_method: basic]
[monotone_penalty: 0]
[feature_contri: ]
[forcedsplits_filename: ]
[refit_decay_rate: 0.9]
[cegb_tradeoff: 1]
[cegb_penalty_split: 0]
[cegb_penalty_feature_lazy: ]
[cegb_penalty_feature_coupled: ]
[path_smooth: 0]
[interaction_constraints: ]
[verbosity: -1]
[saved_feature_importance_type: 0]
[use_quantized_grad: 0]
[num_grad_quant_bins: 4]
[quant_train_renew_leaf: 0]
[stochastic_rounding: 1]
[linear_tree: 0]
[max_bin: 255]
[max_bin_by_feature: ]
[min_data_in_bin: 3]
[bin_construct_sample_cnt: 200000]
[data_random_seed: 175]
[is_enable_sparse: 1]
[enable_bundle: 1]
[use_missing: 1]
[zero_as_missing: 0]
[feature_pre_filter: 1]
[pre_partition: 0]
[two_round: 0]
[header: 0]
[label_column: ]
[weight_column: ]
[group_column: ]
[ignore_column: ]
[categorical_feature: ]
[forcedbins_filename: ]
[precise_float_parser: 0]
[parser_config_file: ]
[objective_seed: 16083]
[num_class: 1]
[is_unbalance: 0]
[scale_pos_weight: 1]
[sigmoid: 1]
[boost_from_average: 1]
[reg_sqrt: 0]
[alpha: 0.9]
[fair_c: 1]
[poisson_max_delta_step: 0.7]
[tweedie_variance_power: 1.5]
[lambdarank_truncation_level: 30]
[lambdarank_norm: 1]
[label_gain: ]
[lambdarank_position_bias_regularization: 0]
[eval_at: ]
[multi_error_top_k: 1]
[auc_mu_weights: ]
[num_machines: 1]
[local_listen_port: 12400]
[time_out: 120]
[machine_list_filename: ]
[machines: ]
[gpu_platform_id: -1]
[gpu_device_id: -1]
[gpu_use_dp: 0]
[num_gpu: 1]

end of parameters

pandas_categorical:[]
