tree
version=v4
num_class=1
num_tree_per_iteration=1
label_index=0
max_feature_idx=39
objective=binary sigmoid:1
feature_names=word_freq_our_lt=_0.0950000025331974 word_freq_our_lt=_0.19500000029802322 word_freq_our_lt=_0.35500000417232513 word_freq_our_lt=_0.7049999833106995 word_freq_remove_lt=_0.009999999776482582 word_freq_remove_lt=_0.044999999925494194 word_freq_remove_lt=_0.6949999928474426 word_freq_internet_lt=_0.014999999664723873 word_freq_free_lt=_0.024999999441206455 word_freq_free_lt=_0.11499999836087227 word_freq_free_lt=_0.13499999791383743 word_freq_free_lt=_0.2750000059604645 word_freq_your_lt=_0.6050000190734863 word_freq_your_lt=_0.6349999904632568 word_freq_000_lt=_0.26000000536441803 word_freq_money_lt=_0.009999999776482582 word_freq_hp_lt=_0.11999999731779099 word_freq_george_lt=_0.004999999888241291 word_freq_1999_lt=_0.06499999947845936 word_freq_meeting_lt=_0.4599999934434891 word_freq_re_lt=_0.4749999940395355 word_freq_edu_lt=_0.08500000089406967 word_freq_edu_lt=_0.11499999836087227 word_freq_edu_lt=_0.1249999962747097 char_freq_!_lt=_0.079500000923872 char_freq_!_lt=_0.18849999457597733 char_freq_!_lt=_0.41449999809265137 char_freq_!_lt=_0.5090000033378601 char_freq_!_lt=_0.8664999902248383 char_freq_$_lt=_0.010499999858438969 char_freq_$_lt=_0.02949999924749136 char_freq_$_lt=_0.04450000077486038 char_freq_$_lt=_0.05550000071525574 capital_run_length_average_lt=_2.2984999418258667 capital_run_length_average_lt=_2.6619999408721924 capital_run_length_average_lt=_3.3830000162124634 capital_run_length_longest_lt=_9.5 capital_run_length_total_lt=_64.5 capital_run_length_total_lt=_65.5 capital_run_length_total_lt=_47.5
feature_infos=[0:1] [0:1] [0:1] [0:1] [0:1] [0:1] [0:1] [0:1] [0:1] [0:1] [0:1] [0:1] [0:1] [0:1] [0:1] [0:1] [0:1] [0:1] [0:1] [0:1] [0:1] [0:1] [0:1] [0:1] [0:1] [0:1] [0:1] [0:1] [0:1] [0:1] [0:1] [0:1] [0:1] [0:1] [0:1] [0:1] [0:1] [0:1] [0:1] [0:1]
tree_sizes=997 1002 1006 1001 1004 1004 1005 1004 1006 1006 1013 1008 1006 1015 907 1012 796 798 904 1010 802 910 799 906 797

Tree=0
num_leaves=8
num_cat=0
split_feature=32 5 27 16 23 35 24
split_gain=1243.32 548.849 275.022 127.074 38.8358 18.4954 7.02664
threshold=1.0000000180025095e-35 1.0000000180025095e-35 1.0000000180025095e-35 1.0000000180025095e-35 1.0000000180025095e-35 1.0000000180025095e-35 1.0000000180025095e-35
decision_type=2 2 2 2 2 2 2
left_child=3 6 -3 5 -5 -1 -2
right_child=1 2 -4 4 -6 -7 -8
leaf_value=-0.35844137229334827 -0.19902684702349729 -0.3258206103186469 -0.55072197268144896 -0.46825651104893423 -0.19332088133966951 -0.56306311788568608 -0.29055615578812399
leaf_weight=6.4467523992061624 46.082341223955154 59.692151844501495 539.13951545953751 5.0141407549381247 194.11887779831886 10.267050117254257 17.907645553350449
leaf_count=27 193 250 2258 21 813 43 75
internal_value=-0.430438 -0.498348 -0.528167 -0.222547 -0.200398 -0.484529 -0.222095
internal_weight=878.668 662.822 598.832 215.847 199.133 16.7138 63.99
internal_count=3680 2776 2508 904 834 70 268
is_linear=0
shrinkage=1


Tree=1
num_leaves=8
num_cat=0
split_feature=31 5 27 16 23 25 24
split_gain=988.698 436.203 228.215 128.048 32.3494 16.3678 4.35108
threshold=1.0000000180025095e-35 1.0000000180025095e-35 1.0000000180025095e-35 1.0000000180025095e-35 1.0000000180025095e-35 1.0000000180025095e-35 1.0000000180025095e-35
decision_type=2 2 2 2 2 2 2
left_child=3 6 -3 5 -5 -1 -2
right_child=1 2 -4 4 -6 -7 -8
leaf_value=0.088668865365696958 0.20417175874786456 0.091269322511235165 -0.11301128909613573 -0.040427707269790836 0.20468400417602625 -0.10887442493740028 0.12709270636181882
leaf_weight=4.7661132812500009 45.052374392747879 60.383216619491577 517.74070358276367 5.2172120362520209 207.61384700238705 15.681705355644226 17.135785222053528
leaf_count=20 182 248 2232 22 839 67 70
internal_value=-0.000194373 -0.0644205 -0.0915541 0.175618 0.198515 -0.0608424 0.18528
internal_weight=873.591 640.312 578.124 233.279 212.831 20.4478 62.1882
internal_count=3680 2732 2480 948 861 87 252
is_linear=0
shrinkage=0.1


Tree=2
num_leaves=8
num_cat=0
split_feature=24 33 5 12 15 16 1
split_gain=835.754 257.72 225.891 98.7436 90.7388 72.4169 4.55641
threshold=1.0000000180025095e-35 1.0000000180025095e-35 1.0000000180025095e-35 1.0000000180025095e-35 1.0000000180025095e-35 1.0000000180025095e-35 1.0000000180025095e-35
decision_type=2 2 2 2 2 2 2
left_child=1 5 6 -3 -4 -1 -2
right_child=2 3 4 -5 -6 -7 -8
leaf_value=-0.043203079890366342 0.1694049246159384 0.084794524666539209 0.091703839026946454 -0.093824542273307665 -0.11730761103998613 0.18186723222968665 0.084951856218674446
leaf_weight=14.834212392568586 25.129055291414261 58.576917394995689 21.127500802278519 63.418102651834488 424.34551146626472 239.10902509093285 13.185045063495634
leaf_count=64 101 245 88 272 1886 971 53
internal_value=-0.000283456 0.111402 -0.0871221 -0.00806701 -0.107212 0.168602 0.143242
internal_weight=859.725 375.938 483.787 121.995 445.473 253.943 38.3141
internal_count=3680 1552 2128 517 1974 1035 154
is_linear=0
shrinkage=0.1


Tree=3
num_leaves=8
num_cat=0
split_feature=30 10 5 16 24 23 35
split_gain=692.964 307.14 158.219 130.265 35.6073 27.5478 17.1212
threshold=1.0000000180025095e-35 1.0000000180025095e-35 1.0000000180025095e-35 1.0000000180025095e-35 1.0000000180025095e-35 1.0000000180025095e-35 1.0000000180025095e-35
decision_type=2 2 2 2 2 2 2
left_child=3 4 -3 6 -2 -5 -1
right_child=1 2 -4 5 -6 -7 -8
leaf_value=0.050578422799322668 0.15385939822353289 0.12337395293316591 -0.10416117194462782 -0.040068668000612699 0.020386763339914637 0.17040074869853042 -0.11656763343054821
leaf_weight=8.1862218081951159 60.06956622004509 31.850448280572891 471.52901256084442 6.0488993227481833 30.21811543405056 215.93399442732334 18.835945203900337
leaf_count=35 247 128 2149 26 137 872 86
internal_value=-0.00035328 -0.0590813 -0.0895482 0.13934 0.109901 0.164512 -0.0659337
internal_weight=842.672 593.667 503.379 249.005 90.2877 221.983 27.0222
internal_count=3680 2661 2277 1019 384 898 121
is_linear=0
shrinkage=0.1


Tree=4
num_leaves=8
num_cat=0
split_feature=24 37 5 16 15 4 2
split_gain=603.502 191.275 163.142 101.261 67.9626 46.3269 4.22743
threshold=1.0000000180025095e-35 1.0000000180025095e-35 1.0000000180025095e-35 1.0000000180025095e-35 1.0000000180025095e-35 1.0000000180025095e-35 1.0000000180025095e-35
decision_type=2 2 2 2 2 2 2
left_child=1 3 6 -1 -4 -3 -2
right_child=2 5 4 -5 -6 -7 -8
leaf_value=-0.072608110192516881 0.14732008750051448 0.14924050575656281 0.077123795521354399 0.15325529942877797 -0.10526749821783504 -0.057274822575991473 0.071335331540414895
leaf_weight=20.939486652612686 22.276396542787552 11.558322966098784 20.852805778384209 255.46076290309429 393.42435953021049 80.602956265211105 15.625670686364172
leaf_count=95 91 47 88 1057 1886 353 63
internal_value=-0.000375074 0.0944671 -0.0777167 0.135944 -0.0959232 -0.0300509 0.118633
internal_weight=820.741 368.562 452.179 276.4 414.277 92.1613 37.9021
internal_count=3680 1552 2128 1152 1974 400 154
is_linear=0
shrinkage=0.1


Tree=5
num_leaves=8
num_cat=0
split_feature=24 33 5 11 15 16 2
split_gain=504.307 163.988 138.315 66.5446 58.224 40.5587 3.70897
threshold=1.0000000180025095e-35 1.0000000180025095e-35 1.0000000180025095e-35 1.0000000180025095e-35 1.0000000180025095e-35 1.0000000180025095e-35 1.0000000180025095e-35
decision_type=2 2 2 2 2 2 2
left_child=1 5 6 -3 -4 -1 -2
right_child=2 3 4 -5 -6 -7 -8
leaf_value=-0.029747646832000055 0.13619187324527257 0.11411930062371961 0.069678014782586825 -0.054915671776794156 -0.099286067578936876 0.14324657229103036 0.064945798283346415
leaf_weight=14.064126655459402 21.792838841676712 30.672350704669952 20.877999812364578 87.0453871935606 376.36921969056129 230.31316582858562 15.548913046717642
leaf_count=64 91 127 88 390 1886 971 63
internal_value=-0.000373654 0.0866606 -0.0729222 -0.0102819 -0.0902532 0.13321 0.108993
internal_weight=796.684 362.095 434.589 117.718 397.247 244.377 37.3418
internal_count=3680 1552 2128 517 1974 1035 154
is_linear=0
shrinkage=0.1


Tree=6
num_leaves=8
num_cat=0
split_feature=30 9 4 16 18 23 24
split_gain=447.185 208.599 98.5597 78.8119 31.5888 19.9677 15.2975
threshold=1.0000000180025095e-35 1.0000000180025095e-35 1.0000000180025095e-35 1.0000000180025095e-35 1.0000000180025095e-35 1.0000000180025095e-35 1.0000000180025095e-35
decision_type=2 2 2 2 2 2 2
left_child=3 4 -3 6 -2 -5 -1
right_child=1 2 -4 5 -6 -7 -8
leaf_value=0.079326207744383218 -0.057314504602047095 0.094597690698312684 -0.090268224018208665 -0.039851313856445997 0.11213217624452546 0.14149079296434733 -0.094483820322249001
leaf_weight=5.9620529115200069 12.16870656609535 30.157917484641075 421.04016146063805 5.8594182133674613 77.307733595371246 199.98444844782352 18.740378588438034
leaf_count=26 57 127 2138 26 339 872 95
internal_value=-0.000352323 -0.050073 -0.07773 0.115965 0.0887088 0.136161 -0.0510797
internal_weight=771.221 540.675 451.198 230.546 89.4764 205.844 24.7024
internal_count=3680 2661 2265 1019 396 898 121
is_linear=0
shrinkage=0.1


Tree=7
num_leaves=8
num_cat=0
split_feature=24 37 5 16 32 4 2
split_gain=378.651 127.418 100.778 66.9244 46.5044 31.8592 3.70619
threshold=1.0000000180025095e-35 1.0000000180025095e-35 1.0000000180025095e-35 1.0000000180025095e-35 1.0000000180025095e-35 1.0000000180025095e-35 1.0000000180025095e-35
decision_type=2 2 2 2 2 2 2
left_child=1 3 6 -1 -4 -3 -2
right_child=2 5 4 -5 -6 -7 -8
leaf_value=-0.062299628526102692 0.12033706560055424 0.12667236308461827 0.033504849197197227 0.12701168620506639 -0.09273049252755404 -0.050127026731563107 0.050143894433405417
leaf_weight=19.685119494795799 20.413246795535088 10.760468021035193 31.466143429279327 235.88276116549969 334.56184569001198 76.775335088372231 15.17872543632984
leaf_count=95 91 47 142 1057 1832 353 63
internal_value=-0.000337507 0.0766899 -0.066169 0.112244 -0.0818168 -0.0272084 0.0925906
internal_weight=744.724 343.104 401.62 255.568 366.028 87.5358 35.592
internal_count=3680 1552 2128 1152 1974 400 154
is_linear=0
shrinkage=0.1


Tree=8
num_leaves=8
num_cat=0
split_feature=30 9 4 16 17 36 35
split_gain=331.642 159.947 71.0578 60.3761 25.0087 17.4372 14.8846
threshold=1.0000000180025095e-35 1.0000000180025095e-35 1.0000000180025095e-35 1.0000000180025095e-35 1.0000000180025095e-35 1.0000000180025095e-35 1.0000000180025095e-35
decision_type=2 2 2 2 2 2 2
left_child=3 4 -3 6 -2 -5 -1
right_child=1 2 -4 5 -6 -7 -8
leaf_value=0.062637145660703414 -0.12027296254605208 0.079737705078149465 -0.081445137838830506 0.12922551619212852 0.092249658703118409 -0.011237962795584868 -0.098808698119480828
leaf_weight=7.8051359802484521 5.0911105424165717 28.6341442912817 388.80284078419209 181.00010730326176 81.439091727137566 9.1278871148824674 15.874363258481026
leaf_count=35 25 127 2138 858 371 40 86
internal_value=-0.00030993 -0.0445815 -0.0702246 0.103765 0.0785144 0.122458 -0.0452118
internal_weight=717.775 503.967 417.437 213.807 86.5302 190.128 23.6795
internal_count=3680 2661 2265 1019 396 898 121
is_linear=0
shrinkage=0.1


Tree=9
num_leaves=8
num_cat=0
split_feature=12 17 35 16 17 4 25
split_gain=293.287 107.997 101.427 69.2931 51.7694 37.8415 1.24315
threshold=1.0000000180025095e-35 1.0000000180025095e-35 1.0000000180025095e-35 1.0000000180025095e-35 1.0000000180025095e-35 1.0000000180025095e-35 1.0000000180025095e-35
decision_type=2 2 2 2 2 2 2
left_child=1 6 4 -3 -2 -4 -1
right_child=2 3 5 -5 -6 -7 -8
leaf_value=-0.055427153128194163 -0.12815140375229853 -0.072193109027682154 0.068317766589115925 0.10565169097504855 0.07837154898469724 -0.092376656804077029 -0.13237862282542198
leaf_weight=4.6380500048398998 13.868360131978987 23.250347912311554 14.734501242637633 257.07980825006962 66.28986693918705 290.81836958229542 20.858182817697525
leaf_count=23 79 126 66 1276 330 1659 121
internal_value=-0.000294925 0.0727115 -0.0582193 0.0906972 0.0415018 -0.08443 -0.121
internal_weight=691.537 305.826 385.711 280.33 80.1582 305.553 25.4962
internal_count=3680 1546 2134 1402 409 1725 144
is_linear=0
shrinkage=0.1


Tree=10
num_leaves=8
num_cat=0
split_feature=24 34 5 12 8 23 18
split_gain=258.823 97.8089 64.5826 51.7344 34.9081 16.4454 7.99334
threshold=1.0000000180025095e-35 1.0000000180025095e-35 1.0000000180025095e-35 1.0000000180025095e-35 1.0000000180025095e-35 1.0000000180025095e-35 1.0000000180025095e-35
decision_type=2 2 2 2 2 2 2
left_child=1 5 6 -3 -4 -1 -2
right_child=2 3 4 -5 -6 -7 -8
leaf_value=-0.055186895240268777 -0.045547630200423822 0.059746069951149165 0.01553309201627941 -0.065279307327876845 -0.084002664096927415 0.11884848855703477 0.093064457477221557
leaf_weight=5.0549823343753806 4.2300324738025656 68.531319871544838 39.855367839336395 62.160917580127716 285.28852465748787 175.44063119590282 28.345526024699211
leaf_count=22 19 327 205 316 1769 887 135
internal_value=-0.000380515 0.0661995 -0.058323 0.000236325 -0.0717916 0.113697 0.0742448
internal_weight=668.907 311.188 357.719 130.692 325.144 180.496 32.5756
internal_count=3680 1552 2128 643 1974 909 154
is_linear=0
shrinkage=0.1


Tree=11
num_leaves=8
num_cat=0
split_feature=29 11 16 26 23 0 24
split_gain=233.238 104.093 71.7149 53.7087 19.994 16.8499 14.2882
threshold=1.0000000180025095e-35 1.0000000180025095e-35 1.0000000180025095e-35 1.0000000180025095e-35 1.0000000180025095e-35 1.0000000180025095e-35 1.0000000180025095e-35
decision_type=2 2 2 2 2 2 2
left_child=2 5 6 -3 -4 -2 -1
right_child=1 3 4 -5 -6 -7 -8
leaf_value=0.073424713937297326 0.12089414430228916 0.033377480407941543 -0.055227487561806822 -0.07729471830694512 0.11845040617078213 0.022527606894281897 -0.09117265036933575
leaf_weight=5.9371409863233593 33.000036582350731 50.180065214633942 6.3458930104970923 321.2588804513216 168.65350794792175 36.864311620593071 23.101786345243454
leaf_count=26 161 231 30 2009 908 173 142
internal_value=-0.000364334 -0.0412325 0.0877971 -0.0622938 0.111874 0.0700408 -0.056196
internal_weight=645.342 441.303 204.038 371.439 174.999 69.8643 29.0389
internal_count=3680 2574 1106 2240 938 334 168
is_linear=0
shrinkage=0.1


Tree=12
num_leaves=8
num_cat=0
split_feature=29 5 27 16 23 24 24
split_gain=198.823 88.4549 73.1312 61.9862 17.6024 12.3179 3.40478
threshold=1.0000000180025095e-35 1.0000000180025095e-35 1.0000000180025095e-35 1.0000000180025095e-35 1.0000000180025095e-35 1.0000000180025095e-35 1.0000000180025095e-35
decision_type=2 2 2 2 2 2 2
left_child=3 6 -3 5 -5 -1 -2
right_child=1 2 -4 4 -6 -7 -8
leaf_value=0.066234229857849145 0.11276712477050757 0.055097677292420877 -0.071308488462706196 -0.05105020737909062 0.11312497814305167 -0.086698793424766454 0.04829738153385002
leaf_weight=6.0269810408353832 30.251304820179939 52.340312406420708 330.6518882215023 6.2648042142391196 159.45996843278408 21.975357562303543 14.264480784535406
leaf_count=26 160 237 2114 30 908 142 63
internal_value=-0.000312843 -0.0383874 -0.0539351 0.083474 0.10665 -0.052634 0.0936237
internal_weight=621.235 427.508 382.992 193.727 165.725 28.0023 44.5158
internal_count=3680 2574 2351 1106 938 168 223
is_linear=0
shrinkage=0.1


Tree=13
num_leaves=8
num_cat=0
split_feature=12 17 35 22 16 8 25
split_gain=179.473 77.0705 69.8437 55.1082 39.5999 30.5147 0.775955
threshold=1.0000000180025095e-35 1.0000000180025095e-35 1.0000000180025095e-35 1.0000000180025095e-35 1.0000000180025095e-35 1.0000000180025095e-35 1.0000000180025095e-35
decision_type=2 2 2 2 2 2 2
left_child=1 6 4 -3 -2 -4 -1
right_child=2 3 5 -5 -6 -7 -8
leaf_value=-0.056504517054203299 -0.082535875620946997 -0.10188843645431589 0.013343488662023638 0.089882476337206044 0.082386643921822336 -0.086475757559860866 -0.12717222327681763
leaf_weight=4.3500629663467434 19.085201665759087 15.225614383816717 35.125114947557449 226.9123041331768 52.613318875432014 225.63411167263985 17.250289380550385
leaf_count=23 117 82 182 1320 292 1543 121
internal_value=-0.000248097 0.0612261 -0.0490528 0.0774545 0.037955 -0.0730302 -0.11607
internal_weight=596.196 263.738 332.458 242.138 71.6985 260.759 21.6004
internal_count=3680 1546 2134 1402 409 1725 144
is_linear=0
shrinkage=0.1


Tree=14
num_leaves=7
num_cat=0
split_feature=16 36 23 4 27 11
split_gain=155.567 240.418 98.2019 25.5069 19.3093 2.66168
threshold=1.0000000180025095e-35 1.0000000180025095e-35 1.0000000180025095e-35 1.0000000180025095e-35 1.0000000180025095e-35 1.0000000180025095e-35
decision_type=2 2 2 2 2 2
left_child=4 2 -2 -3 -1 -6
right_child=1 3 -4 -5 5 -7
leaf_value=0.088297119538641874 -0.084357865682026842 0.086079953649845331 0.099796161189539961 -0.081839926188547685 -0.035857444782551373 -0.11189709567945204
leaf_weight=4.4982794374227515 31.745561540126801 8.8262590616941434 264.01579621434212 150.84756888449192 6.0306438505649558 111.01744537055492
leaf_count=19 193 45 1566 1018 29 810
internal_value=-0.000341156 0.0265183 0.0798123 -0.0720799 -0.100379 -0.108316
internal_weight=576.982 455.435 295.761 159.674 121.546 117.048
internal_count=3680 2822 1759 1063 858 839
is_linear=0
shrinkage=0.1


Tree=15
num_leaves=8
num_cat=0
split_feature=29 16 36 17 16 11 7
split_gain=139.308 72.0816 102.926 44.0349 16.8915 1.71552 0.395017
threshold=1.0000000180025095e-35 1.0000000180025095e-35 1.0000000180025095e-35 1.0000000180025095e-35 1.0000000180025095e-35 1.0000000180025095e-35 1.0000000180025095e-35
decision_type=2 2 2 2 2 2 2
left_child=3 5 -3 6 -5 -2 -1
right_child=1 2 -4 4 -6 -7 -8
leaf_value=-0.05293645480767039 -0.041889423531766348 0.047292475790728941 -0.070070128995593284 -0.0048453874758074148 0.10072180972812568 -0.11549504291108764 -0.12506328810995151
leaf_weight=3.3154986426234245 4.8310014456510535 153.01513404399157 144.17356860637665 16.892120577394962 139.3178773894906 83.88785632699728 7.8094209656119329
leaf_count=21 24 862 1022 106 922 666 57
internal_value=-0.000398316 -0.0334368 -0.00968707 0.075541 0.0893479 -0.111999 -0.109706
internal_weight=553.242 385.908 297.189 167.335 156.21 88.7189 11.1249
internal_count=3680 2574 1884 1106 1028 690 78
is_linear=0
shrinkage=0.1


Tree=16
num_leaves=6
num_cat=0
split_feature=17 0 34 16 4
split_gain=128.53 113.476 56.3924 48.4213 0.229167
threshold=1.0000000180025095e-35 1.0000000180025095e-35 1.0000000180025095e-35 1.0000000180025095e-35 1.0000000180025095e-35
decision_type=2 2 2 2 2
left_child=4 3 -3 -2 -1
right_child=1 2 -4 -5 -6
leaf_value=-0.17819829799412978 -0.04169206956750144 0.036614192937273984 -0.055882785264217451 0.1031149937714271 -0.11375275782887258
leaf_weight=3.1057145148515692 26.605885408818722 106.26711747795343 170.28817468136549 152.89542244374752 74.520291328430176
leaf_count=13 189 656 1197 1013 612
internal_value=-0.000465426 0.0198518 -0.0203367 0.0815395 -0.118565
internal_weight=533.683 456.057 276.555 179.501 77.626
internal_count=3680 3055 1853 1202 625
is_linear=0
shrinkage=0.1


Tree=17
num_leaves=6
num_cat=0
split_feature=17 36 16 11 15
split_gain=112.644 99.0634 102.804 27.7936 0.299941
threshold=1.0000000180025095e-35 1.0000000180025095e-35 1.0000000180025095e-35 1.0000000180025095e-35 1.0000000180025095e-35
decision_type=2 2 2 2 2
left_child=4 2 -2 -3 -1
right_child=1 3 -4 -5 -6
leaf_value=-0.052342123695151635 -0.073396131192571532 0.061829910271067462 0.075017552645579258 -0.072874108284627565 -0.11753615880652434
leaf_weight=3.0234570056200019 56.011687040328979 16.921112224459648 259.6381109431386 112.78368213772774 69.105542704463005
leaf_count=16 430 85 1673 867 609
internal_value=-0.000513729 0.0183356 0.0485331 -0.0549622 -0.115557
internal_weight=517.484 445.355 315.65 129.705 72.129
internal_count=3680 3055 2103 952 625
is_linear=0
shrinkage=0.1


Tree=18
num_leaves=7
num_cat=0
split_feature=13 17 22 14 27 24
split_gain=104.106 42.0916 40.3503 39.5217 34.5379 1.50367
threshold=1.0000000180025095e-35 1.0000000180025095e-35 1.0000000180025095e-35 1.0000000180025095e-35 1.0000000180025095e-35 1.0000000180025095e-35
decision_type=2 2 2 2 2 2
left_child=1 5 -3 -2 -5 -1
right_child=3 2 -4 4 -6 -7
leaf_value=-0.040808098291789913 0.11389907280043712 -0.09618688645442286 0.076048144872827336 0.044957636956216518 -0.06306179825321051 -0.1188211589532833
leaf_weight=4.8937029168009767 14.725606046617029 13.817883864045141 187.6325816065073 33.137569837272167 234.13441794365644 11.42154835164547
leaf_count=30 98 82 1305 173 1880 112
internal_value=-0.000596499 0.0512119 0.0638174 -0.0406439 -0.0495514 -0.0991296
internal_weight=499.763 217.766 201.45 281.998 267.272 16.3153
internal_count=3680 1529 1387 2151 2053 142
is_linear=0
shrinkage=0.1


Tree=19
num_leaves=8
num_cat=0
split_feature=29 16 0 17 33 11 7
split_gain=93.2414 54.4118 60.0109 27.1039 15.4667 2.06328 0.855211
threshold=1.0000000180025095e-35 1.0000000180025095e-35 1.0000000180025095e-35 1.0000000180025095e-35 1.0000000180025095e-35 1.0000000180025095e-35 1.0000000180025095e-35
decision_type=2 2 2 2 2 2 2
left_child=3 5 -3 6 -5 -2 -1
right_child=1 2 -4 4 -6 -7 -8
leaf_value=-0.031974026232561223 -0.0309409153482295 0.068854334858588606 -0.036464877439726734 0.10053676467117496 0.023476903703330908 -0.10971817937770181 -0.11078050849769015
leaf_weight=3.0181128084659576 4.4949751049280158 73.122519038617611 199.38561871647835 94.948912344872952 36.76474466919899 67.527418971061707 6.2445115447044355
leaf_count=21 24 456 1428 785 243 666 57
internal_value=-0.000596368 -0.0286287 -0.008056 0.0676308 0.0793663 -0.105293 -0.0907201
internal_weight=485.507 344.531 272.508 140.976 131.714 72.0224 9.26262
internal_count=3680 2574 1884 1106 1028 690 78
is_linear=0
shrinkage=0.1


Tree=20
num_leaves=6
num_cat=0
split_feature=17 33 11 16 15
split_gain=86.0031 76.6468 43.8578 35.708 0.739533
threshold=1.0000000180025095e-35 1.0000000180025095e-35 1.0000000180025095e-35 1.0000000180025095e-35 1.0000000180025095e-35
decision_type=2 2 2 2 2
left_child=4 3 -3 -2 -1
right_child=1 2 -4 -5 -6
leaf_value=-0.040928659316883553 -0.041760108397543211 0.069244883146654529 -0.050935348522697758 0.074394370115851677 -0.11317707045145478
leaf_weight=2.9633446633815756 30.291476130485535 36.404779382050037 161.96253804117441 181.50617984682322 58.043241292238235
leaf_count=16 244 210 1284 1317 609
internal_value=-0.00060216 0.0159552 -0.0286429 0.0576637 -0.110384
internal_weight=471.172 410.165 198.367 211.798 61.0066
internal_count=3680 3055 1494 1561 625
is_linear=0
shrinkage=0.1


Tree=21
num_leaves=7
num_cat=0
split_feature=0 17 25 18 39 15
split_gain=77.7175 44.2312 39.738 26.5265 21.2688 14.5989
threshold=1.0000000180025095e-35 1.0000000180025095e-35 1.0000000180025095e-35 1.0000000180025095e-35 1.0000000180025095e-35 1.0000000180025095e-35
decision_type=2 2 2 2 2 2
left_child=1 -1 4 -3 -2 -4
right_child=2 3 5 -5 -6 -7
leaf_value=-0.11232211954228165 0.060882400840245258 -0.029380864975375998 0.048039236117950461 0.086503401963004115 -0.036629174731159418 -0.063754091268041935
leaf_weight=13.810904480516909 55.493526749312878 22.745528005063534 11.750170856714247 130.22543263435364 36.173591047525406 186.71704771742225
leaf_count=142 376 183 75 1019 213 1672
internal_value=-0.000627206 0.0535826 -0.0318664 0.0691935 0.0224224 -0.0569278
internal_weight=456.916 166.782 290.134 152.971 91.6671 198.467
internal_count=3680 1344 2336 1202 589 1747
is_linear=0
shrinkage=0.1


Tree=22
num_leaves=6
num_cat=0
split_feature=17 35 4 23 15
split_gain=70.3677 62.1203 46.1216 18.3749 0.729231
threshold=1.0000000180025095e-35 1.0000000180025095e-35 1.0000000180025095e-35 1.0000000180025095e-35 1.0000000180025095e-35
decision_type=2 2 2 2 2
left_child=4 3 -3 -2 -1
right_child=1 2 -4 -5 -6
leaf_value=-0.038785631750221365 -0.076935252455378147 0.089220573308129381 -0.029500215894510198 0.082533329122902566 -0.11007153694173466
leaf_weight=2.9228717759251586 6.9399358406662932 37.119955979287624 230.69858753681183 115.46112848818302 50.669741973280907
leaf_count=16 40 278 1805 932 609
internal_value=-0.000612684 0.0142298 -0.0127747 0.0729415 -0.106965
internal_weight=443.812 390.22 267.819 122.401 53.5926
internal_count=3680 3055 2083 972 625
is_linear=0
shrinkage=0.1


Tree=23
num_leaves=7
num_cat=0
split_feature=16 36 23 4 27 30
split_gain=64.5483 87.3956 67.9649 15.4335 14.5406 3.30133
threshold=1.0000000180025095e-35 1.0000000180025095e-35 1.0000000180025095e-35 1.0000000180025095e-35 1.0000000180025095e-35 1.0000000180025095e-35
decision_type=2 2 2 2 2 2
left_child=4 2 -2 -3 -1 -6
right_child=1 3 -4 -5 5 -7
leaf_value=0.082582311248734386 -0.084595135686850564 0.078762117317999925 0.074417091017716833 -0.061056472977128955 -0.04054665839948024 -0.10112981105708028
leaf_weight=4.3567160069942465 30.127730272710323 7.6467254087328902 202.18210465461016 111.42422525584698 12.662910912185906 62.779974389821291
leaf_count=19 193 45 1566 1018 108 731
internal_value=-0.000596737 0.0178891 0.053521 -0.0514962 -0.0812092 -0.0916245
internal_weight=431.18 351.381 232.31 119.071 79.7996 75.4429
internal_count=3680 2822 1759 1063 858 839
is_linear=0
shrinkage=0.1


Tree=24
num_leaves=6
num_cat=0
split_feature=17 0 14 19 15
split_gain=59.3492 55.7126 26.4658 23.7693 0.693009
threshold=1.0000000180025095e-35 1.0000000180025095e-35 1.0000000180025095e-35 1.0000000180025095e-35 1.0000000180025095e-35
decision_type=2 2 2 2 2
left_child=4 3 -3 -2 -1
right_child=1 2 -4 -5 -6
leaf_value=-0.037481268579547214 -0.11358046118904504 0.1002819616283946 -0.026973376741602703 0.071981748140062141 -0.10807559867185666
leaf_weight=2.8449120819568625 6.4046859815716735 16.720211528241634 212.36981557309628 132.7827423363924 44.590760514140129
leaf_count=16 48 143 1710 1154 609
internal_value=-0.000625754 0.0130271 -0.0172901 0.0626938 -0.104703
internal_weight=415.713 368.277 229.09 139.187 47.4357
internal_count=3680 3055 1853 1202 625
is_linear=0
shrinkage=0.1


end of trees

feature_importances:
word_freq_hp_lt=_0.11999999731779099=21
word_freq_george_lt=_0.004999999888241291=13
char_freq_!_lt=_0.079500000923872=13
word_freq_edu_lt=_0.1249999962747097=10
word_freq_remove_lt=_0.009999999776482582=9
word_freq_remove_lt=_0.044999999925494194=9
word_freq_money_lt=_0.009999999776482582=8
word_freq_free_lt=_0.2750000059604645=7
char_freq_!_lt=_0.5090000033378601=6
capital_run_length_average_lt=_3.3830000162124634=6
word_freq_our_lt=_0.0950000025331974=5
capital_run_length_longest_lt=_9.5=5
word_freq_your_lt=_0.6050000190734863=4
char_freq_!_lt=_0.18849999457597733=4
char_freq_$_lt=_0.010499999858438969=4
char_freq_$_lt=_0.02949999924749136=4
capital_run_length_average_lt=_2.2984999418258667=4
word_freq_our_lt=_0.35500000417232513=3
word_freq_1999_lt=_0.06499999947845936=3
word_freq_internet_lt=_0.014999999664723873=2
word_freq_free_lt=_0.024999999441206455=2
word_freq_free_lt=_0.11499999836087227=2
word_freq_000_lt=_0.26000000536441803=2
word_freq_edu_lt=_0.11499999836087227=2
char_freq_$_lt=_0.05550000071525574=2
capital_run_length_average_lt=_2.6619999408721924=2
capital_run_length_total_lt=_64.5=2
word_freq_our_lt=_0.19500000029802322=1
word_freq_free_lt=_0.13499999791383743=1
word_freq_your_lt=_0.6349999904632568=1
word_freq_meeting_lt=_0.4599999934434891=1
char_freq_!_lt=_0.41449999809265137=1
char_freq_$_lt=_0.04450000077486038=1
capital_run_length_total_lt=_47.5=1

parameters:
[boosting: gbdt]
[objective: binary]
[metric: binary_logloss]
[tree_learner: serial]
[device_type: cpu]
[data_sample_strategy: bagging]
[data: ]
[valid: ]
[num_iterations: 25]
[learning_rate: 0.1]
[num_leaves: 31]
[num_threads: 8]
[seed: 42]
[deterministic: 0]
[force_col_wise: 0]
[force_row_wise: 0]
[histogram_pool_size: -1]
[max_depth: 3]
[min_data_in_leaf: 20]
[min_sum_hessian_in_leaf: 0.001]
[bagging_fraction: 1]
[pos_bagging_fraction: 1]
[neg_bagging_fraction: 1]
[bagging_freq: 0]
[bagging_seed: 400]
[bagging_by_query: 0]
[feature_fraction: 1]
[feature_fraction_bynode: 1]
[feature_fraction_seed: 30056]
[extra_trees: 0]
[extra_seed: 12879]
[early_stopping_round: 0]
[early_stopping_min_delta: 0]
[first_metric_only: 0]
[max_delta_step: 0]
[lambda_l1: 0]
[lambda_l2: 1]
[linear_lambda: 0]
[min_gain_to_split: 0]
[drop_rate: 0.1]
[max_drop: 50]
[skip_drop: 0.5]
[xgboost_dart_mode: 0]
[uniform_drop: 0]
[drop_seed: 17869]
[top_rate: 0.2]
[other_rate: 0.1]
[min_data_per_group: 100]
[max_cat_threshold: 32]
[cat_l2: 10]
[cat_smooth: 10]
[max_cat_to_onehot: 4]
[top_k: 20]
[monotone_constraints: ]
[monotone_constraints_method: basic]
[monotone_penalty: 0]
[feature_contri: ]
[forcedsplits_filename: ]
[refit_decay_rate: 0.9]
[cegb_tradeoff: 1]
[cegb_penalty_split: 0]
[cegb_penalty_feature_lazy: ]
[cegb_penalty_feature_coupled: ]
[path_smooth: 0]
[interaction_constraints: ]
[verbosity: -1]
[saved_feature_importance_type: 0]
[use_quantized_grad: 0]
[num_grad_quant_bins: 4]
[quant_train_renew_leaf: 0]
[stochastic_rounding: 1]
[linear_tree: 0]
[max_bin: 255]
[max_bin_by_feature: ]
[min_data_in_bin: 3]
[bin_construct_sample_cnt: 200000]
[data_random_seed: 175]
[is_enable_sparse: 1]
[enable_bundle: 1]
[use_missing: 1]
[zero_as_missing: 0]
[feature_pre_filter: 1]
[pre_partition: 0]
[two_round: 0]
[header: 0]
[label_column: ]
[weight_column: ]
[group_column: ]
[ignore_column: ]
[categorical_feature: ]
[forcedbins_filename: ]
[precise_float_parser: 0]
[parser_config_file: ]
[objective_seed: 16083]
[num_class: 1]
[is_unbalance: 0]
[scale_pos_weight: 1]
[sigmoid: 1]
[boost_from_average: 1]
[reg_sqrt: 0]
[alpha: 0.9]
[fair_c: 1]
[poisson_max_delta_step: 0.7]
[tweedie_variance_power: 1.5]
[lambdarank_truncation_level: 30]
[lambdarank_norm: 1]
[label_gain: ]
[lambdarank_position_bias_regularization: 0]
[eval_at: ]
[multi_error_top_k: 1]
[auc_mu_weights: ]
[num_machines: 1]
[local_listen_port: 12400]
[time_out: 120]
[machine_list_filename: ]
[machines: ]
[gpu_platform_id: -1]
[gpu_device_id: -1]
[gpu_use_dp: 0]
[num_gpu: 1]

end of parameters

pandas_categorical:[]
