tree
version=v4
num_class=1
num_tree_per_iteration=1
label_index=0
max_feature_idx=13
objective=binary sigmoid:1
feature_names=yr_lt=_0.5 hr_lt=_5.5 hr_lt=_6.5 hr_lt=_7.5 hr_lt=_21.5 hr_lt=_22.5 temp_lt=_0.3100000023841858 temp_lt=_0.3500000089406967 temp_lt=_0.3700000047683716 temp_lt=_0.4699999988079071 atemp_lt=_0.3257499933242798 atemp_lt=_0.5985000133514404 atemp_lt=_0.6136500239372253 season_lt=_1.5
feature_infos=[0:1] [0:1] [0:1] [0:1] [0:1] [0:1] [0:1] [0:1] [0:1] [0:1] [0:1] [0:1] [0:1] [0:1]
tree_sizes=893 904 899 898 898 905 905 904 1015 1015 1016 1018 1017 1022 1014 1020 1019 1021 1021 1023 1021 912 915 1025 1023

Tree=0
num_leaves=7
num_cat=0
split_feature=2 8 5 0 1 0
split_gain=4990.34 1452.91 515.783 265.684 29.252 40.8909
threshold=1.0000000180025095e-35 1.0000000180025095e-35 1.0000000180025095e-35 1.0000000180025095e-35 1.0000000180025095e-35 1.0000000180025095e-35
decision_type=2 2 2 2 2 2
left_child=1 2 -1 -3 5 -2
right_child=4 3 -4 -5 -6 -7
leaf_value=-0.10720773748454829 -0.094061561585856407 0.017288904963985791 0.1336016562898662 -0.1051940292676538 -0.19955032351452004 -0.2011031766378146
leaf_weight=93.249594256281853 73.74967910349369 329.24856738746166 1668.7427390366793 381.49834004044533 854.99627977609634 74.249676927924156
leaf_count=373 295 1317 6675 1526 3420 297
internal_value=-0.00417176 0.0721425 0.120806 -0.0485042 -0.192202 -0.148724
internal_weight=3475.73 2472.74 1761.99 710.747 1003 147.999
internal_count=13903 9891 7048 2843 4012 592
is_linear=0
shrinkage=1


Tree=1
num_leaves=7
num_cat=0
split_feature=2 9 0 5 1 0
split_gain=4077.47 1207.63 362.402 317.388 24.4072 34.1902
threshold=1.0000000180025095e-35 1.0000000180025095e-35 1.0000000180025095e-35 1.0000000180025095e-35 1.0000000180025095e-35 1.0000000180025095e-35
decision_type=2 2 2 2 2 2
left_child=1 3 -3 -1 5 -2
right_child=4 2 -4 -5 -6 -7
leaf_value=-0.074770296869321726 -0.081204475046348118 0.04965414378627081 -0.066700729703372916 0.14133226814249858 -0.17768367280609054 -0.17934290771899247
leaf_weight=71.045663729310036 73.587112054228783 513.17080762982368 557.42310070991516 1322.3404442667961 846.54459357261658 73.504318669438362
leaf_count=285 295 2056 2237 5313 3420 297
internal_value=-2.49091e-05 0.0689366 -0.0109337 0.130268 -0.17093 -0.131126
internal_weight=3457.62 2463.98 1070.59 1393.39 993.636 147.091
internal_count=13903 9891 4293 5598 4012 592
is_linear=0
shrinkage=0.1


Tree=2
num_leaves=7
num_cat=0
split_feature=2 7 4 4 1 0
split_gain=3376.94 1031.7 433.015 159.633 21.6239 29.9192
threshold=1.0000000180025095e-35 1.0000000180025095e-35 1.0000000180025095e-35 1.0000000180025095e-35 1.0000000180025095e-35 1.0000000180025095e-35
decision_type=2 2 2 2 2 2
left_child=1 2 -1 -3 5 -2
right_child=4 3 -4 -5 -6 -7
leaf_value=-0.039072606449910674 -0.073607870636330772 -0.17811943894645899 0.11707165532651245 -0.02949684236877332 -0.16425675712759077 -0.16603754109824279
leaf_weight=198.76831850409508 73.186518922448158 82.877953723073006 1633.715339615941 527.1126281619072 825.28937458992004 71.626787513494492
leaf_count=804 295 333 6636 2118 3420 297
internal_value=-5.4982e-05 0.0626384 0.100123 -0.0499483 -0.157803 -0.12015
internal_weight=3412.58 2442.47 1832.48 609.991 970.103 144.813
internal_count=13903 9891 7440 2451 4012 592
is_linear=0
shrinkage=0.1


Tree=3
num_leaves=7
num_cat=0
split_feature=2 9 4 5 1 0
split_gain=2824.15 888.76 299.008 229.56 19.996 27.0402
threshold=1.0000000180025095e-35 1.0000000180025095e-35 1.0000000180025095e-35 1.0000000180025095e-35 1.0000000180025095e-35 1.0000000180025095e-35
decision_type=2 2 2 2 2 2
left_child=1 3 -3 -1 5 -2
right_child=4 2 -4 -5 -6 -7
leaf_value=-0.064177202246539583 -0.066883869763558534 -0.14904555223519925 0.0090904828500603559 0.12056775652482848 -0.15371942308383846 -0.15564159835773117
leaf_weight=70.386661738157272 72.619701400399208 136.26247043907642 926.93219247460365 1280.2770615667105 795.26614844799042 68.971104070544243
leaf_count=285 295 552 3741 5313 3420 297
internal_value=-0.00010134 0.057095 -0.0112978 0.1109 -0.147374 -0.110907
internal_weight=3350.72 2413.86 1063.19 1350.66 936.857 141.591
internal_count=13903 9891 4293 5598 4012 592
is_linear=0
shrinkage=0.1


Tree=4
num_leaves=7
num_cat=0
split_feature=2 6 4 0 1 0
split_gain=2380.99 787.703 369.634 76.9296 19.0649 25
threshold=1.0000000180025095e-35 1.0000000180025095e-35 1.0000000180025095e-35 1.0000000180025095e-35 1.0000000180025095e-35 1.0000000180025095e-35
decision_type=2 2 2 2 2 2
left_child=1 2 -1 -3 5 -2
right_child=4 3 -4 -5 -6 -7
leaf_value=-0.043725443706149475 -0.060876488708894394 -0.023456242538729077 0.094560581801101815 -0.10886583860274941 -0.14522896752875236 -0.14731434607518878
leaf_weight=216.94748362898827 71.941849291324615 191.70859563350677 1733.6359494775534 235.28139309585094 759.4768300652504 65.801598832011223
leaf_count=889 295 769 7276 957 3420 297
internal_value=-0.000143293 0.0522394 0.0791656 -0.0706633 -0.138857 -0.102933
internal_weight=3274.79 2377.57 1950.58 426.99 897.22 137.743
internal_count=13903 9891 8165 1726 4012 592
is_linear=0
shrinkage=0.1


Tree=5
num_leaves=7
num_cat=0
split_feature=2 13 4 0 1 0
split_gain=2018.98 710.036 300.775 228.27 18.5766 23.4817
threshold=1.0000000180025095e-35 1.0000000180025095e-35 1.0000000180025095e-35 1.0000000180025095e-35 1.0000000180025095e-35 1.0000000180025095e-35
decision_type=2 2 2 2 2 2
left_child=1 2 -1 -3 5 -2
right_child=4 3 -4 -5 -6 -7
leaf_value=-0.032881761776142708 -0.055470431041288959 0.01528744990719471 0.095615354449119644 -0.10755749496097358 -0.13823900978739831 -0.14051066799378928
leaf_weight=206.28208318352699 71.195193454623222 305.27582117915154 1529.0595476031303 298.40445464849472 720.16593754291534 62.316531836986542
leaf_count=849 295 1248 6567 1227 3420 297
internal_value=-0.000198592 0.0478459 0.0803306 -0.0455133 -0.131739 -0.0959124
internal_weight=3192.7 2339.02 1735.34 603.68 853.678 133.512
internal_count=13903 9891 7416 2475 4012 592
is_linear=0
shrinkage=0.1


Tree=6
num_leaves=7
num_cat=0
split_feature=2 9 0 5 1 0
split_gain=1720.67 629.035 243.973 150.776 18.3796 22.2933
threshold=1.0000000180025095e-35 1.0000000180025095e-35 1.0000000180025095e-35 1.0000000180025095e-35 1.0000000180025095e-35 1.0000000180025095e-35
decision_type=2 2 2 2 2 2
left_child=1 3 -3 -1 5 -2
right_child=4 2 -4 -5 -6 -7
leaf_value=-0.051531720535096262 -0.050578522370063411 0.036743810694240479 -0.059935692060749148 0.09993969661648576 -0.13237850415608524 -0.1348606763317915
leaf_weight=68.978039100766182 70.411814749240875 501.75217764079571 541.94795134663582 1185.6416298151016 679.01006877422333 58.664396747946739
leaf_count=285 295 2056 2237 5313 3420 297
internal_value=-0.000244389 0.0438902 -0.013467 0.0915775 -0.125669 -0.0896266
internal_weight=3106.41 2298.32 1043.7 1254.62 808.086 129.076
internal_count=13903 9891 4293 5598 4012 592
is_linear=0
shrinkage=0.1


Tree=7
num_leaves=7
num_cat=0
split_feature=2 11 0 0 1 0
split_gain=1473.25 556.456 296.96 52.1502 18.3772 21.3136
threshold=1.0000000180025095e-35 1.0000000180025095e-35 1.0000000180025095e-35 1.0000000180025095e-35 1.0000000180025095e-35 1.0000000180025095e-35
decision_type=2 2 2 2 2 2
left_child=1 3 -3 -1 5 -2
right_child=4 2 -4 -5 -6 -7
leaf_value=0.13503748661529311 -0.046133451797760301 0.050260581714306835 -0.038905346363707731 0.08208452422173497 -0.12738579391140517 -0.13010395913260511
leaf_weight=397.90383020043373 69.615833163261414 732.82896575331688 759.69850373268127 362.85644361376762 637.25396990776062 54.955746173858643
leaf_count=1843 295 3121 3247 1680 3420 297
internal_value=-0.000272178 0.040377 0.00487934 0.109922 -0.120398 -0.0839188
internal_weight=3015.11 2253.29 1492.53 760.76 761.826 124.572
internal_count=13903 9891 6368 3523 4012 592
is_linear=0
shrinkage=0.1


Tree=8
num_leaves=8
num_cat=0
split_feature=2 13 4 0 1 9 12
split_gain=1264.55 509.019 239.559 132.618 18.5036 21.724 0.163077
threshold=1.0000000180025095e-35 1.0000000180025095e-35 1.0000000180025095e-35 1.0000000180025095e-35 1.0000000180025095e-35 1.0000000180025095e-35 1.0000000180025095e-35
decision_type=2 2 2 2 2 2 2
left_child=1 2 -1 -3 5 -2 -6
right_child=4 3 -4 -5 6 -7 -8
leaf_value=-0.035482348573910687 -0.030827198012827642 0.0042000018175252707 0.08043906449186379 -0.090412827393668349 -0.10989078591213704 -0.11678889334519467 -0.12502447318414681
leaf_weight=203.22615081071854 54.050478130578995 301.04623213410378 1422.085756868124 290.54081784188747 84.319520950317383 66.046611726284027 511.49197006225586
leaf_count=849 266 1248 6567 1227 484 326 2936
internal_value=-0.000287132 0.0370327 0.0659315 -0.0423405 -0.115743 -0.0786753 -0.12307
internal_weight=2932.81 2216.9 1625.31 591.587 715.909 120.097 595.811
internal_count=13903 9891 7416 2475 4012 592 3420
is_linear=0
shrinkage=0.1


Tree=9
num_leaves=8
num_cat=0
split_feature=2 10 0 4 1 0 12
split_gain=1087.92 458.558 216.989 71.3885 19.2254 22.1425 0.258507
threshold=1.0000000180025095e-35 1.0000000180025095e-35 1.0000000180025095e-35 1.0000000180025095e-35 1.0000000180025095e-35 1.0000000180025095e-35 1.0000000180025095e-35
decision_type=2 2 2 2 2 2 2
left_child=1 2 -1 -3 5 -2 -6
right_child=4 3 -4 -5 6 -7 -8
leaf_value=0.094877605181318492 -0.035276021168556188 -0.14680526573187105 0.022599727220527735 -0.034443311671580268 -0.10569479735366223 -0.12388089287823806 -0.12133252255461356
leaf_weight=848.11808723211288 67.338950574398041 63.970525950193405 814.71261028945446 446.43207029998302 79.205665349960327 49.027647972106934 476.19843018054962
leaf_count=4012 295 283 3741 1855 484 297 2936
internal_value=-0.000329266 0.0340571 0.0594995 -0.0487856 -0.111457 -0.0733445 -0.119296
internal_weight=2845 2173.23 1662.83 510.403 671.771 116.367 555.404
internal_count=13903 9891 7753 2138 4012 592 3420
is_linear=0
shrinkage=0.1


Tree=10
num_leaves=8
num_cat=0
split_feature=2 11 4 5 1 0 12
split_gain=938.275 431.83 218.617 47.2951 19.4544 21.1248 0.365257
threshold=1.0000000180025095e-35 1.0000000180025095e-35 1.0000000180025095e-35 1.0000000180025095e-35 1.0000000180025095e-35 1.0000000180025095e-35 1.0000000180025095e-35
decision_type=2 2 2 2 2 2 2
left_child=1 3 -3 -1 5 -2 -6
right_child=4 2 -4 -5 6 -7 -8
leaf_value=-0.023531639174290797 -0.032154023566937466 -0.096761786196895141 0.015752296064021166 0.10200165236987307 -0.10180472570060815 -0.12068030590044737 -0.11809027519730264
leaf_weight=31.089591130614281 66.625462904572487 199.42067211866379 1247.1537066549063 658.23004791140556 74.302094757556915 45.502838686108589 442.12686622142792
leaf_count=127 295 857 5511 3396 484 297 2936
internal_value=-0.000370946 0.0312396 0.000185292 0.096314 -0.107665 -0.0688281 -0.115948
internal_weight=2764.45 2135.89 1446.57 689.32 628.557 112.128 516.429
internal_count=13903 9891 6368 3523 4012 592 3420
is_linear=0
shrinkage=0.1


Tree=11
num_leaves=8
num_cat=0
split_feature=2 11 0 0 1 9 12
split_gain=811.152 374.162 203.937 47.3136 19.6988 21.2075 0.480867
threshold=1.0000000180025095e-35 1.0000000180025095e-35 1.0000000180025095e-35 1.0000000180025095e-35 1.0000000180025095e-35 1.0000000180025095e-35 1.0000000180025095e-35
decision_type=2 2 2 2 2 2 2
left_child=1 3 -3 -1 5 -2 -6
right_child=4 2 -4 -5 6 -7 -8
leaf_value=0.11761234464221429 -0.016057923426852718 0.038824233293047093 -0.036410606343404865 0.063560160124007753 -0.098152533901306849 -0.10497158349116026 -0.11521095814247771
leaf_weight=333.9254991710186 49.720564156770706 699.96603444218636 740.3435665667057 323.37028962373734 69.639835894107819 58.350711658596992 409.55937695503235
leaf_count=1843 266 3121 3247 1680 484 326 2936
internal_value=-0.000390533 0.0287001 0.000153819 0.0911572 -0.104168 -0.0645872 -0.112941
internal_weight=2684.88 2097.61 1440.31 657.296 587.27 108.071 479.199
internal_count=13903 9891 6368 3523 4012 592 3420
is_linear=0
shrinkage=0.1


Tree=12
num_leaves=8
num_cat=0
split_feature=2 6 4 4 1 0 12
split_gain=701.615 351.175 193.213 37.0619 20.3783 21.5536 0.603588
threshold=1.0000000180025095e-35 1.0000000180025095e-35 1.0000000180025095e-35 1.0000000180025095e-35 1.0000000180025095e-35 1.0000000180025095e-35 1.0000000180025095e-35
decision_type=2 2 2 2 2 2 2
left_child=1 2 -1 -3 5 -2 -6
right_child=4 3 -4 -5 6 -7 -8
leaf_value=-0.042968237774206469 -0.023622696444336271 -0.13572070846730738 0.059661238976492142 -0.04536224865882349 -0.094684273741292319 -0.11661292209985091 -0.11262574968340913
leaf_weight=209.25934782624245 64.463736936450005 51.625202044844627 1449.8904138356447 351.73959602415562 65.237387955188751 40.344745650887489 378.67559909820557
leaf_count=889 295 248 7276 1478 484 297 2936
internal_value=-0.000389166 0.0263551 0.0466991 -0.0572339 -0.100779 -0.060182 -0.110208
internal_weight=2611.24 2062.51 1659.15 403.365 548.721 104.808 443.913
internal_count=13903 9891 8165 1726 4012 592 3420
is_linear=0
shrinkage=0.1


Tree=13
num_leaves=8
num_cat=0
split_feature=2 13 0 0 1 0 12
split_gain=607.954 321.864 155.053 86.0968 20.5584 20.4085 0.732017
threshold=1.0000000180025095e-35 1.0000000180025095e-35 1.0000000180025095e-35 1.0000000180025095e-35 1.0000000180025095e-35 1.0000000180025095e-35 1.0000000180025095e-35
decision_type=2 2 2 2 2 2 2
left_child=1 2 -1 -3 5 -2 -6
right_child=4 3 -4 -5 6 -7 -8
leaf_value=0.083158394550041717 -0.021483774156991826 -0.0015934454192747677 0.01781488841627955 -0.079367638476247254 -0.091356993770433367 -0.11429066229460445 -0.11027910129394286
leaf_weight=696.41122297942638 63.922752663493156 291.76234759390354 759.11275154352188 276.99749483168125 61.103730082511902 37.228319138288498 349.57733845710754
leaf_count=3716 295 1248 3700 1227 484 297 2936
internal_value=-0.000430597 0.0241973 0.0491148 -0.0395439 -0.0976906 -0.0564255 -0.107693
internal_weight=2536.12 2024.28 1455.52 568.76 511.832 101.151 410.681
internal_count=13903 9891 7416 2475 4012 592 3420
is_linear=0
shrinkage=0.1


Tree=14
num_leaves=8
num_cat=0
split_feature=2 11 4 0 1 9 12
split_gain=527.27 294.029 158.232 42.6265 20.6968 20.59 0.8649
threshold=1.0000000180025095e-35 1.0000000180025095e-35 1.0000000180025095e-35 1.0000000180025095e-35 1.0000000180025095e-35 1.0000000180025095e-35 1.0000000180025095e-35
decision_type=2 2 2 2 2 2 2
left_child=1 3 -3 -1 5 -2 -6
right_child=4 2 -4 -5 6 -7 -8
leaf_value=0.10842696943466608 -0.0040409348444869599 -0.08694374593937966 0.010578071514957481 0.054509613700764827 -0.088136451524304882 -0.095665906165274484 -0.10812548287030313
leaf_weight=291.01845729351044 46.157440423965454 192.01140485703945 1204.6806838661432 302.76114574074745 57.240723013877869 51.557693749666214 322.30757921934128
leaf_count=1843 266 857 5511 1680 484 326 2936
internal_value=-0.000452149 0.0221912 -0.00288143 0.081073 -0.0947374 -0.0528646 -0.10535
internal_weight=2467.74 1990.47 1396.69 593.78 477.263 97.7151 379.548
internal_count=13903 9891 6368 3523 4012 592 3420
is_linear=0
shrinkage=0.1


Tree=15
num_leaves=8
num_cat=0
split_feature=3 9 4 0 1 0 9
split_gain=457.889 262.647 127.988 102.368 53.5705 15.5652 1.0184
threshold=1.0000000180025095e-35 1.0000000180025095e-35 1.0000000180025095e-35 1.0000000180025095e-35 1.0000000180025095e-35 1.0000000180025095e-35 1.0000000180025095e-35
decision_type=2 2 2 2 2 2 2
left_child=1 3 -3 -1 5 -2 -6
right_child=4 2 -4 -5 6 -7 -8
leaf_value=0.095188911774651747 -0.015246735966664107 -0.11215309489790939 -0.00010697887312698481 0.028817696816553565 -0.094741821108460952 -0.069408884235774154 -0.1101247687866741
leaf_weight=451.06698194146156 119.57209873199463 116.04025998711586 790.57342603802681 480.79131500422955 165.67731419205666 95.461719028651714 184.83314576745033
leaf_count=2774 584 552 3423 2561 1592 589 1828
internal_value=-0.000451142 0.0237594 -0.0145559 0.0610124 -0.0790579 -0.0395014 -0.103144
internal_weight=2404.02 1838.47 906.614 931.858 565.544 215.034 350.51
internal_count=13903 9310 3975 5335 4593 1173 3420
is_linear=0
shrinkage=0.1


Tree=16
num_leaves=8
num_cat=0
split_feature=2 13 5 0 1 10 12
split_gain=399.028 234.742 141.965 71.0037 20.6176 19.898 1.20189
threshold=1.0000000180025095e-35 1.0000000180025095e-35 1.0000000180025095e-35 1.0000000180025095e-35 1.0000000180025095e-35 1.0000000180025095e-35 1.0000000180025095e-35
decision_type=2 2 2 2 2 2 2
left_child=1 2 -1 -3 5 -2 -6
right_child=4 3 -4 -5 6 -7 -8
leaf_value=-0.075043764925018852 -0.016504809060523744 -0.0013557390560931431 0.049924864880019036 -0.07270743737375053 -0.081555040022626257 -0.1173191797720838 -0.10428387989158452
leaf_weight=97.01982070505619 65.867004580795765 288.07693608105183 1271.8452899307013 269.42523165047169 49.935387074947357 27.112051337957382 273.6130285859108
leaf_count=421 406 1248 6995 1227 484 186 2936
internal_value=-0.000450722 0.0187494 0.0410193 -0.0359065 -0.0890803 -0.0468371 -0.101038
internal_weight=2342.89 1926.37 1368.87 557.502 416.527 92.9791 323.548
internal_count=13903 9891 7416 2475 4012 592 3420
is_linear=0
shrinkage=0.1


Tree=17
num_leaves=8
num_cat=0
split_feature=3 6 0 1 4 0 9
split_gain=346.635 215.618 170.739 48.3126 24.7434 13.6177 1.37663
threshold=1.0000000180025095e-35 1.0000000180025095e-35 1.0000000180025095e-35 1.0000000180025095e-35 1.0000000180025095e-35 1.0000000180025095e-35 1.0000000180025095e-35
decision_type=2 2 2 2 2 2 2
left_child=1 2 -1 5 -3 -2 -5
right_child=3 4 -4 6 -6 -7 -8
leaf_value=0.073800882763970621 -0.013363383595356222 -0.12000200928584044 0.004567473242767516 -0.089430032393491149 -0.039878378187027538 -0.064702071613535778 -0.10714637828606194
leaf_weight=679.68011808395386 117.34133240580559 43.663158118724823 747.54659566283226 142.59486624598503 302.59933373332024 92.272749774158001 155.95870104432106
leaf_count=3989 584 248 3766 1592 1307 589 1828
internal_value=-0.000476895 0.0203929 0.0375667 -0.073209 -0.0502983 -0.0361627 -0.0990115
internal_weight=2281.66 1773.49 1427.23 508.168 346.262 209.614 298.554
internal_count=13903 9310 7755 4593 1555 1173 3420
is_linear=0
shrinkage=0.1


Tree=18
num_leaves=8
num_cat=0
split_feature=2 11 4 5 1 0 12
split_gain=301.875 209.05 111.393 41.1324 20.3292 20.1942 1.5463
threshold=1.0000000180025095e-35 1.0000000180025095e-35 1.0000000180025095e-35 1.0000000180025095e-35 1.0000000180025095e-35 1.0000000180025095e-35 1.0000000180025095e-35
decision_type=2 2 2 2 2 2 2
left_child=1 3 -3 -1 5 -2 -6
right_child=4 2 -4 -5 6 -7 -8
leaf_value=-0.040614681675882135 -0.0078523301081229162 -0.078027602522576567 0.0062808517552944603 0.076580621795267562 -0.075085532640632779 -0.10874080598476561 -0.10083096178472191
leaf_weight=31.291043415665627 60.086935564875603 180.09093628823757 1163.5622820407152 490.01665245741606 43.676319479942322 28.749155089259148 231.80929893255234
leaf_count=127 295 857 5511 3396 484 297 2936
internal_value=-0.000479012 0.0157963 -0.0050687 0.0694818 -0.0836073 -0.0413489 -0.0970355
internal_weight=2229.28 1864.96 1343.65 521.308 364.322 88.8361 275.486
internal_count=13903 9891 6368 3523 4012 592 3420
is_linear=0
shrinkage=0.1


Tree=19
num_leaves=8
num_cat=0
split_feature=2 11 0 0 1 10 9
split_gain=262.129 179.475 112.256 37.2584 20.1119 19.234 1.76767
threshold=1.0000000180025095e-35 1.0000000180025095e-35 1.0000000180025095e-35 1.0000000180025095e-35 1.0000000180025095e-35 1.0000000180025095e-35 1.0000000180025095e-35
decision_type=2 2 2 2 2 2 2
left_child=1 3 -3 -1 5 -2 -6
right_child=4 2 -4 -5 6 -7 -8
leaf_value=0.095554875582199633 -0.0086753553618536539 0.025677979102627979 -0.032249311506822073 0.040412207149012953 -0.084179982392585784 -0.11263644806464373 -0.10460183420626722
leaf_weight=226.82698541879654 62.246447093784809 639.26840430498123 699.6203840225935 270.84117731451988 122.92965364456177 24.029031157493591 131.27608844637871
leaf_count=1843 406 3121 3247 1680 1592 186 1828
internal_value=-0.000475028 0.0144768 -0.00459271 0.0656863 -0.0809315 -0.0385889 -0.0950947
internal_weight=2177.04 1836.56 1338.89 497.668 340.481 86.2755 254.206
internal_count=13903 9891 6368 3523 4012 592 3420
is_linear=0
shrinkage=0.1


Tree=20
num_leaves=8
num_cat=0
split_feature=3 13 5 4 1 13 9
split_gain=228.738 166.748 114.616 52.8255 40.7108 12.8434 1.94358
threshold=1.0000000180025095e-35 1.0000000180025095e-35 1.0000000180025095e-35 1.0000000180025095e-35 1.0000000180025095e-35 1.0000000180025095e-35 1.0000000180025095e-35
decision_type=2 2 2 2 2 2 2
left_child=1 2 -1 -3 5 -2 -6
right_child=4 3 -4 -5 6 -7 -8
leaf_value=-0.068869362889671881 -0.017461878657413377 -0.12681147466923268 0.045902114298456552 -0.020667772407155852 -0.081623633551985403 -0.076415334951952185 -0.10341483592714538
leaf_weight=93.670650511980057 154.16166946291924 51.324650168418884 1090.3663400933146 458.51695255935192 114.56815761327744 48.005806714296341 120.08866709470749
leaf_count=421 896 288 6548 2053 1592 277 1828
internal_value=-0.00045321 0.016192 0.0367719 -0.0315804 -0.0648883 -0.0317679 -0.0931671
internal_weight=2130.7 1693.88 1184.04 509.842 436.824 202.167 234.657
internal_count=13903 9310 6969 2341 4593 1173 3420
is_linear=0
shrinkage=0.1


Tree=21
num_leaves=7
num_cat=0
split_feature=1 6 0 13 0 9
split_gain=200.291 156.692 137.498 17.742 2.14592 4.27649
threshold=1.0000000180025095e-35 1.0000000180025095e-35 1.0000000180025095e-35 1.0000000180025095e-35 1.0000000180025095e-35 1.0000000180025095e-35
decision_type=2 2 2 2 2 2
left_child=1 2 -1 -3 5 -2
right_child=4 3 -4 -5 -6 -7
leaf_value=0.057457359284845799 -0.057716093244417871 -0.010010435213307793 -0.0037263314069124389 -0.058370440880652352 -0.10264738858474381 -0.099574013177745183
leaf_weight=693.53173497319221 55.02298741787672 103.08189786225557 779.34816636890173 291.37611776590347 106.84165408834815 54.845083948224783
leaf_count=4407 821 481 4180 1415 1686 913
internal_value=-0.000466999 0.0101106 0.0251025 -0.04579 -0.0912399 -0.0793208
internal_weight=2084.05 1867.34 1472.88 394.458 216.71 109.868
internal_count=13903 10483 8587 1896 3420 1734
is_linear=0
shrinkage=0.1


Tree=22
num_leaves=7
num_cat=0
split_feature=2 11 4 0 0 9
split_gain=176.877 138.502 86.3969 33.0669 19.0162 22.3455
threshold=1.0000000180025095e-35 1.0000000180025095e-35 1.0000000180025095e-35 1.0000000180025095e-35 1.0000000180025095e-35 1.0000000180025095e-35
decision_type=2 2 2 2 2 2
left_child=1 3 -3 -1 5 -2
right_child=4 2 -4 -5 -6 -7
leaf_value=0.089339416957079615 -0.013593820658205726 -0.071184111366604297 0.0047761345406498977 0.034899486340814245 -0.10333385280911273 -0.088018151078922857
leaf_weight=198.28124543279409 81.927724875509739 171.47981731593609 1134.7950316667557 258.56673964858055 122.46319137513638 79.315065748989582
leaf_count=1843 955 857 5511 1680 1983 1074
internal_value=-0.000461519 0.0113424 -0.00524229 0.058671 -0.0736002 -0.0505199
internal_weight=2046.83 1763.12 1306.27 456.848 283.706 161.243
internal_count=13903 9891 6368 3523 4012 2029
is_linear=0
shrinkage=0.1


Tree=23
num_leaves=8
num_cat=0
split_feature=1 11 0 0 12 0 9
split_gain=158.193 127.719 86.3809 36.2898 2.44908 2.68265 0.470481
threshold=1.0000000180025095e-35 1.0000000180025095e-35 1.0000000180025095e-35 1.0000000180025095e-35 1.0000000180025095e-35 1.0000000180025095e-35 1.0000000180025095e-35
decision_type=2 2 2 2 2 2 2
left_child=1 3 -3 -1 5 -2 -6
right_child=4 2 -4 -5 6 -7 -8
leaf_value=0.087337825103021599 -0.02845951260132772 0.019201849503162595 -0.030994409187865158 0.029907668919286867 -0.081497435411676505 -0.088197683170986432 -0.10021537829622636
leaf_weight=193.41943614184856 16.668427415192127 665.65038858354092 704.84612614288926 257.33730470389128 63.251929737627506 15.221958719193937 92.300950109958649
leaf_count=1877 239 3382 3501 1723 1108 245 1828
internal_value=-0.000442882 0.00857733 -0.00661785 0.0546897 -0.0876663 -0.0587884 -0.0931734
internal_weight=2008.7 1821.25 1370.5 450.757 187.443 31.8904 155.553
internal_count=13903 10483 6883 3600 3420 484 2936
is_linear=0
shrinkage=0.1


Tree=24
num_leaves=8
num_cat=0
split_feature=3 8 0 4 1 13 12
split_gain=140.621 116.699 89.4666 49.2027 29.0743 8.66752 2.52095
threshold=1.0000000180025095e-35 1.0000000180025095e-35 1.0000000180025095e-35 1.0000000180025095e-35 1.0000000180025095e-35 1.0000000180025095e-35 1.0000000180025095e-35
decision_type=2 2 2 2 2 2 2
left_child=1 2 -1 -3 5 -2 -6
right_child=4 3 -4 -5 6 -7 -8
leaf_value=0.065179921839538066 -0.017560387721815476 -0.10767446800924839 0.0061894726890996087 -0.013768013575564651 -0.056034080592855522 -0.067360048474002274 -0.091559328725914102
leaf_weight=458.83389522880316 150.41932059079409 61.835355833172798 583.66379889845848 502.34297145903111 30.364409253001213 45.021598178893328 143.21778194978833
leaf_count=3471 896 384 3225 2230 484 277 2936
internal_value=-0.000417897 0.0123749 0.0321905 -0.0242327 -0.0559991 -0.0293167 -0.0857015
internal_weight=1975.7 1606.68 1042.5 564.178 369.023 195.441 173.582
internal_count=13903 9310 6696 2614 4593 1173 3420
is_linear=0
shrinkage=0.1


end of trees

feature_importances:
yr_lt=_0.5=42
hr_lt=_5.5=24
hr_lt=_6.5=19
hr_lt=_21.5=17
temp_lt=_0.4699999988079071=14
atemp_lt=_0.6136500239372253=11
hr_lt=_22.5=8
atemp_lt=_0.5985000133514404=8
season_lt=_1.5=8
hr_lt=_7.5=4
temp_lt=_0.3100000023841858=4
atemp_lt=_0.3257499933242798=3
temp_lt=_0.3700000047683716=2
temp_lt=_0.3500000089406967=1

parameters:
[boosting: gbdt]
[objective: binary]
[metric: binary_logloss]
[tree_learner: serial]
[device_type: cpu]
[data_sample_strategy: bagging]
[data: ]
[valid: ]
[num_iterations: 25]
[learning_rate: 0.1]
[num_leaves: 31]
[num_threads: 8]
[seed: 42]
[deterministic: 0]
[force_col_wise: 0]
[force_row_wise: 0]
[histogram_pool_size: -1]
[max_depth: 3]
[min_data_in_leaf: 20]
[min_sum_hessian_in_leaf: 0.001]
[bagging_fraction: 1]
[pos_bagging_fraction: 1]
[neg_bagging_fraction: 1]
[bagging_freq: 0]
[bagging_seed: 400]
[bagging_by_query: 0]
[feature_fraction: 1]
[feature_fraction_bynode: 1]
[feature_fraction_seed: 30056]
[extra_trees: 0]
[extra_seed: 12879]
[early_stopping_round: 0]
[early_stopping_min_delta: 0]
[first_metric_only: 0]
[max_delta_step: 0]
[lambda_l1: 0]
[lambda_l2: 1]
[linear_lambda: 0]
[min_gain_to_split: 0]
[drop_rate: 0.1]
[max_drop: 50]
[skip_drop: 0.5]
[xgboost_dart_mode: 0]
[uniform_drop: 0]
[drop_seed: 17869]
[top_rate: 0.2]
[other_rate: 0.1]
[min_data_per_group: 100]
[max_cat_threshold: 32]
[cat_l2: 10]
[cat_smooth: 10]
[max_cat_to_onehot: 4]
[top_k: 20]
[monotone_constraints: ]
[monotone_constraints_method: basic]
[monotone_penalty: 0]
[feature_contri: ]
[forcedsplits_filename: ]
[refit_decay_rate: 0.9]
[cegb_tradeoff: 1]
[cegb_penalty_split: 0]
[cegb_penalty_feature_lazy: ]
[cegb_penalty_feature_coupled: ]
[path_smooth: 0]
[interaction_constraints: ]
[verbosity: -1]
[saved_feature_importance_type: 0]
[use_quantized_grad: 0]
[num_grad_quant_bins: 4]
[quant_train_renew_leaf: 0]
[stochastic_rounding: 1]
[linear_tree: 0]
[max_bin: 255]
[max_bin_by_feature: ]
[min_data_in_bin: 3]
[bin_construct_sample_cnt: 200000]
[data_random_seed: 175]
[is_enable_sparse: 1]
[enable_bundle: 1]
[use_missing: 1]
[zero_as_missing: 0]
[feature_pre_filter: 1]
[pre_partition: 0]
[two_round: 0]
[header: 0]
[label_column: ]
[weight_column: ]
[group_column: ]
[ignore_column: ]
[categorical_feature: ]
[forcedbins_filename: ]
[precise_float_parser: 0]
[parser_config_file: ]
[objective_seed: 16083]
[num_class: 1]
[is_unbalance: 0]
[scale_pos_weight: 1]
[sigmoid: 1]
[boost_from_average: 1]
[reg_sqrt: 0]
[alpha: 0.9]
[fair_c: 1]
[poisson_max_delta_step: 0.7]
[tweedie_variance_power: 1.5]
[lambdarank_truncation_level: 30]
[lambdarank_norm: 1]
[label_gain: ]
[lambdarank_position_bias_regularization: 0]
[eval_at: ]
[multi_error_top_k: 1]
[auc_mu_weights: ]
[num_machines: 1]
[local_listen_port: 12400]
[time_out: 120]
[machine_list_filename: ]
[machines: ]
[gpu_platform_id: -1]
[gpu_device_id: -1]
[gpu_use_dp: 0]
[num_gpu: 1]

end of parameters

pandas_categorical:[]
