tree
version=v4
num_class=1
num_tree_per_iteration=1
label_index=0
max_feature_idx=27
objective=binary sigmoid:1
feature_names=season_lt=_1.5 season_lt=_3.5 yr_lt=_0.5 mnth_lt=_3.5 hr_lt=_5.5 hr_lt=_6.5 hr_lt=_7.5 hr_lt=_8.5 hr_lt=_11.5 hr_lt=_19.5 hr_lt=_20.5 hr_lt=_21.5 hr_lt=_22.5 weekday_lt=_3.5 workingday_lt=_0.5 weathersit_lt=_2.5 temp_lt=_0.3100000023841858 temp_lt=_0.32999999821186066 temp_lt=_0.3700000047683716 temp_lt=_0.39000000059604645 temp_lt=_0.45000000298023224 temp_lt=_0.4699999988079071 temp_lt=_0.48999999463558197 atemp_lt=_0.3257499933242798 atemp_lt=_0.5227500200271606 atemp_lt=_0.5985000133514404 hum_lt=_0.7950000166893005 weekday_lt=_4.5
feature_infos=[0:1] [0:1] [0:1] [0:1] [0:1] [0:1] [0:1] [0:1] [0:1] [0:1] [0:1] [0:1] [0:1] [0:1] [0:1] [0:1] [0:1] [0:1] [0:1] [0:1] [0:1] [0:1] [0:1] [0:1] [0:1] [0:1] [0:1] [0:1]
tree_sizes=895 903 905 905 898 902 907 908 906 1019 1012 1019 1020 1019 1018 1021 1022 1019 1019 1024 1024 1022 1020 1028 916

Tree=0
num_leaves=7
num_cat=0
split_feature=5 18 12 2 4 2
split_gain=4990.34 1452.91 515.783 265.684 29.252 40.8909
threshold=1.0000000180025095e-35 1.0000000180025095e-35 1.0000000180025095e-35 1.0000000180025095e-35 1.0000000180025095e-35 1.0000000180025095e-35
decision_type=2 2 2 2 2 2
left_child=1 2 -1 -3 5 -2
right_child=4 3 -4 -5 -6 -7
leaf_value=-0.10720773748454829 -0.094061561585856407 0.017288904963985791 0.1336016562898662 -0.1051940292676538 -0.19955032351452004 -0.2011031766378146
leaf_weight=93.249594256281853 73.74967910349369 329.24856738746166 1668.7427390366793 381.49834004044533 854.99627977609634 74.249676927924156
leaf_count=373 295 1317 6675 1526 3420 297
internal_value=-0.00417176 0.0721425 0.120806 -0.0485042 -0.192202 -0.148724
internal_weight=3475.73 2472.74 1761.99 710.747 1003 147.999
internal_count=13903 9891 7048 2843 4012 592
is_linear=0
shrinkage=1


Tree=1
num_leaves=7
num_cat=0
split_feature=5 20 10 12 4 2
split_gain=4077.47 1210.41 372.227 356.469 24.4072 34.1902
threshold=1.0000000180025095e-35 1.0000000180025095e-35 1.0000000180025095e-35 1.0000000180025095e-35 1.0000000180025095e-35 1.0000000180025095e-35
decision_type=2 2 2 2 2 2
left_child=1 3 -3 -1 5 -2
right_child=4 2 -4 -5 -6 -7
leaf_value=-0.081376071797302468 -0.081204475046348118 -0.14123920081519384 0.013765072253086217 0.13845006899385709 -0.17768367280609054 -0.17934290771899247
leaf_weight=77.277739495038986 73.587112054228783 190.5906798094511 808.81145843863487 1387.30013859272 846.54459357261658 73.504318669438362
leaf_count=310 295 764 3243 5574 3420 297
internal_value=-2.49091e-05 0.0689366 -0.0159066 0.126803 -0.17093 -0.131126
internal_weight=3457.62 2463.98 999.402 1464.58 993.636 147.091
internal_count=13903 9891 4007 5884 4012 592
is_linear=0
shrinkage=0.1


Tree=2
num_leaves=7
num_cat=0
split_feature=5 23 11 2 4 2
split_gain=3376.54 1024.6 462.135 142.823 21.6239 29.9192
threshold=1.0000000180025095e-35 1.0000000180025095e-35 1.0000000180025095e-35 1.0000000180025095e-35 1.0000000180025095e-35 1.0000000180025095e-35
decision_type=2 2 2 2 2 2
left_child=1 2 -1 -3 5 -2
right_child=4 3 -4 -5 -6 -7
leaf_value=-0.042631797902728842 -0.073607870636330772 -0.0021789139901656879 0.11413759463789196 -0.10626157246667228 -0.16425675712759077 -0.16603754109824279
leaf_weight=210.90332618355751 73.186518922448158 237.72751484811306 1699.1940977424383 295.10141961276531 825.28937458992004 71.626787513494492
leaf_count=854 295 952 6899 1186 3420 297
internal_value=-6.01115e-05 0.0626197 0.0968147 -0.059915 -0.157803 -0.12015
internal_weight=3413.03 2442.93 1910.1 532.829 970.103 144.813
internal_count=13903 9891 7753 2138 4012 592
is_linear=0
shrinkage=0.1


Tree=3
num_leaves=7
num_cat=0
split_feature=5 21 2 12 4 2
split_gain=2824.13 908.044 329.146 228.208 19.996 27.0402
threshold=1.0000000180025095e-35 1.0000000180025095e-35 1.0000000180025095e-35 1.0000000180025095e-35 1.0000000180025095e-35 1.0000000180025095e-35
decision_type=2 2 2 2 2 2
left_child=1 3 -3 -1 5 -2
right_child=4 2 -4 -5 -6 -7
leaf_value=-0.063259936422167248 -0.066883869763558534 0.045731109551356404 -0.065630326927754487 0.12103908666098438 -0.15371942308383846 -0.15564159835773117
leaf_weight=70.307205632328987 72.619701400399208 509.9086546599865 551.40041851997375 1281.7303601056337 795.26614844799042 68.971104070544243
leaf_count=285 295 2056 2237 5313 3420 297
internal_value=-0.000106271 0.0571003 -0.0121338 0.111416 -0.147374 -0.110907
internal_weight=3350.2 2413.35 1061.31 1352.04 936.857 141.591
internal_count=13903 9891 4293 5598 4012 592
is_linear=0
shrinkage=0.1


Tree=4
num_leaves=7
num_cat=0
split_feature=5 0 26 2 4 2
split_gain=2381.27 774.399 411.372 223.72 19.0649 25
threshold=1.0000000180025095e-35 1.0000000180025095e-35 1.0000000180025095e-35 1.0000000180025095e-35 1.0000000180025095e-35 1.0000000180025095e-35
decision_type=2 2 2 2 2 2
left_child=1 2 -1 -3 5 -2
right_child=4 3 -4 -5 -6 -7
leaf_value=-0.01842189869129816 -0.060876488708894394 0.014924285617629854 0.10801956064251061 -0.1062555349709416 -0.14522896752875236 -0.14731434607518878
leaf_weight=312.13955514132977 71.941849291324615 307.51957951486111 1456.7699308246374 300.51532305777073 759.4768300652504 65.801598832011223
leaf_count=1299 295 1248 6117 1227 3420 297
internal_value=-0.000140066 0.0522577 0.0857101 -0.0450438 -0.138857 -0.102933
internal_weight=3274.16 2376.94 1768.91 608.035 897.22 137.743
internal_count=13903 9891 7416 2475 4012 592
is_linear=0
shrinkage=0.1


Tree=5
num_leaves=7
num_cat=0
split_feature=5 16 11 9 4 2
split_gain=2018.4 694.745 380.696 97.4264 18.5766 23.4817
threshold=1.0000000180025095e-35 1.0000000180025095e-35 1.0000000180025095e-35 1.0000000180025095e-35 1.0000000180025095e-35 1.0000000180025095e-35
decision_type=2 2 2 2 2 2
left_child=1 2 -1 -3 5 -2
right_child=4 3 -4 -5 -6 -7
leaf_value=-0.05125396676037889 -0.055470431041288959 -0.14835068764882928 0.0892302484472106 -0.039303754492856266 -0.13823900978739831 -0.14051066799378928
leaf_weight=216.86884571611881 71.195193454623222 110.65170668065548 1702.8399356603622 312.3595764786005 720.16593754291534 62.316531836986542
leaf_count=889 295 456 7276 1270 3420 297
internal_value=-0.000189845 0.047782 0.0733414 -0.068111 -0.131739 -0.0959124
internal_weight=3196.4 2342.72 1919.71 423.011 853.678 133.512
internal_count=13903 9891 8165 1726 4012 592
is_linear=0
shrinkage=0.1


Tree=6
num_leaves=7
num_cat=0
split_feature=5 22 10 26 4 20
split_gain=1719.8 634.836 277.948 176.982 18.3796 22.869
threshold=1.0000000180025095e-35 1.0000000180025095e-35 1.0000000180025095e-35 1.0000000180025095e-35 1.0000000180025095e-35 1.0000000180025095e-35
decision_type=2 2 2 2 2 2
left_child=1 3 -3 -1 5 -2
right_child=4 2 -4 -5 -6 -7
leaf_value=0.00081215331609033178 -0.04435874871398976 -0.11626491630128442 0.012618965731410426 0.10885671107028071 -0.13237850415608524 -0.12944003291619485
leaf_weight=177.35430206358433 61.390033394098282 205.81867763400078 875.53974698483944 1043.9801057130098 679.01006877422333 67.686178103089333
leaf_count=762 281 854 3607 4668 3420 311
internal_value=-0.000245449 0.043805 -0.0119967 0.0931807 -0.125669 -0.0896266
internal_weight=3110.78 2302.69 1081.36 1221.33 808.086 129.076
internal_count=13903 9891 4461 5430 4012 592
is_linear=0
shrinkage=0.1


Tree=7
num_leaves=7
num_cat=0
split_feature=5 19 15 1 4 2
split_gain=1470.72 542.419 274.783 198.143 18.8607 24.1307
threshold=1.0000000180025095e-35 1.0000000180025095e-35 1.0000000180025095e-35 1.0000000180025095e-35 1.0000000180025095e-35 1.0000000180025095e-35
decision_type=2 2 2 2 2 2
left_child=1 2 -1 -3 5 -2
right_child=4 3 -4 -5 -6 -7
leaf_value=-0.066706382360628133 -0.042868102041098227 0.050599133646167527 0.087291390925569798 -0.062730917854795815 -0.12738579391140517 -0.13168221079040038
leaf_weight=125.66014578938484 68.950427621603012 217.01711916923523 1391.6957489103079 527.43815100193024 637.25396990776062 56.201514601707458
leaf_count=545 295 888 6284 2174 3420 297
internal_value=-0.00027508 0.040217 0.0745025 -0.0296704 -0.120297 -0.0834792
internal_weight=3024.22 2261.81 1517.36 744.455 762.406 125.152
internal_count=13903 9891 6829 3062 4012 592
is_linear=0
shrinkage=0.1


Tree=8
num_leaves=7
num_cat=0
split_feature=5 25 2 12 4 2
split_gain=1262.49 485.319 320.671 72.733 18.9688 22.917
threshold=1.0000000180025095e-35 1.0000000180025095e-35 1.0000000180025095e-35 1.0000000180025095e-35 1.0000000180025095e-35 1.0000000180025095e-35
decision_type=2 2 2 2 2 2
left_child=1 3 -3 -1 5 -2
right_child=4 2 -4 -5 -6 -7
leaf_value=-0.043856890337581111 -0.039099968586067846 0.051237422620304965 -0.041658798581697493 0.10987071566915355 -0.12307046510515177 -0.12740325599550034
leaf_weight=31.672085925936699 68.174238875508308 729.43737822771072 755.38353933393955 705.15584369003773 595.81149101257324 52.504049688577652
leaf_count=127 295 3121 3247 3396 3420 297
internal_value=-0.000307069 0.0369238 0.00398143 0.103212 -0.115641 -0.0782498
internal_weight=2938.14 2221.65 1484.82 736.828 716.49 120.678
internal_count=13903 9891 6368 3523 4012 592
is_linear=0
shrinkage=0.1


Tree=9
num_leaves=8
num_cat=0
split_feature=5 0 11 2 4 20 22
split_gain=1086.83 435.501 289.389 149.897 19.1533 22.4179 0.173906
threshold=1.0000000180025095e-35 1.0000000180025095e-35 1.0000000180025095e-35 1.0000000180025095e-35 1.0000000180025095e-35 1.0000000180025095e-35 1.0000000180025095e-35
decision_type=2 2 2 2 2 2 2
left_child=1 2 -1 -3 5 -2 -6
right_child=4 3 -4 -5 6 -7 -8
leaf_value=-0.050410853309682403 -0.027428059232379967 0.0097970137307044174 0.077220665441782868 -0.091165061201502917 -0.11316174959783086 -0.11556207507226729 -0.12391290962755241
leaf_weight=202.88550581037998 56.414458855986595 299.73846106231213 1393.5207654386759 287.35615201294422 249.7416011095047 59.881749242544174 305.60058081150055
leaf_count=849 281 1248 6567 1227 1538 311 1882
internal_value=-0.000318754 0.0339053 0.0609787 -0.0396903 -0.111466 -0.0734072 -0.11929
internal_weight=2855.14 2183.5 1596.41 587.095 671.638 116.296 555.342
internal_count=13903 9891 7416 2475 4012 592 3420
is_linear=0
shrinkage=0.1


Tree=10
num_leaves=8
num_cat=0
split_feature=5 25 11 2 4 2 22
split_gain=937.155 397.648 246.364 58.5887 19.8162 23.4263 0.285368
threshold=1.0000000180025095e-35 1.0000000180025095e-35 1.0000000180025095e-35 1.0000000180025095e-35 1.0000000180025095e-35 1.0000000180025095e-35 1.0000000180025095e-35
decision_type=2 2 2 2 2 2 2
left_child=1 3 -3 -1 5 -2 -6
right_child=4 2 -4 -5 6 -7 -8
leaf_value=0.12219047140582694 -0.029313512146491125 -0.10059934700649747 0.018180877133559311 0.063154446869726696 -0.10954446835762695 -0.12192236108890531 -0.12080221211398
leaf_weight=356.53781521320343 65.86160147190094 201.76344142854214 1256.995709374547 325.45255072414875 233.08444225788116 46.752816125750542 283.29501181840897
leaf_count=1843 295 857 5511 1680 1538 297 1882
internal_value=-0.000357293 0.0311793 0.00169452 0.0941516 -0.10757 -0.0684956 -0.115942
internal_weight=2769.74 2140.75 1458.76 681.99 628.994 112.614 516.379
internal_count=13903 9891 6368 3523 4012 592 3420
is_linear=0
shrinkage=0.1


Tree=11
num_leaves=8
num_cat=0
split_feature=5 16 15 9 4 2 22
split_gain=809.994 368.541 278.059 64.1988 20.0419 22.2018 0.409103
threshold=1.0000000180025095e-35 1.0000000180025095e-35 1.0000000180025095e-35 1.0000000180025095e-35 1.0000000180025095e-35 1.0000000180025095e-35 1.0000000180025095e-35
decision_type=2 2 2 2 2 2 2
left_child=1 2 -1 -3 5 -2 -6
right_child=4 3 -4 -5 6 -7 -8
leaf_value=-0.077180385465424425 -0.026693092743748544 -0.12544760356004492 0.062050981936864515 -0.033686941994135029 -0.10621053271766639 -0.11897424361667581 -0.1180864834814303
leaf_weight=157.30905091762543 65.227237522602081 101.08712327480316 1540.1165777742863 306.24154010415077 217.21350783109665 43.321299031376839 261.94846299290657
leaf_count=688 295 456 7477 1270 1538 297 1882
internal_value=-0.000376951 0.0286134 0.0491099 -0.0567107 -0.104072 -0.064272 -0.112935
internal_weight=2692.46 2104.75 1697.43 407.329 587.711 108.549 479.162
internal_count=13903 9891 8165 1726 4012 592 3420
is_linear=0
shrinkage=0.1


Tree=12
num_leaves=8
num_cat=0
split_feature=5 21 9 12 4 20 22
split_gain=700.759 328.433 179.758 138.772 20.2575 22.0875 0.543652
threshold=1.0000000180025095e-35 1.0000000180025095e-35 1.0000000180025095e-35 1.0000000180025095e-35 1.0000000180025095e-35 1.0000000180025095e-35 1.0000000180025095e-35
decision_type=2 2 2 2 2 2 2
left_child=1 3 -3 -1 5 -2 -6
right_child=4 2 -4 -5 6 -7 -8
leaf_value=-0.070400808825665115 -0.013636529314419174 -0.089715950969859071 0.009053222566292228 0.074447498539340573 -0.10309751139650905 -0.10538014529442959 -0.11569577151486071
leaf_weight=70.073689490556717 52.086541250348091 241.95388051867485 762.20457568764687 995.47057873010635 202.20213538408279 52.594695210456848 241.68578615784645
leaf_count=285 281 1065 3228 5313 1538 311 1882
internal_value=-0.000422013 0.0262199 -0.014811 0.0648647 -0.100805 -0.060292 -0.110202
internal_weight=2618.27 2069.7 1004.16 1065.54 548.569 104.681 443.888
internal_count=13903 9891 4293 5598 4012 592 3420
is_linear=0
shrinkage=0.1


Tree=13
num_leaves=8
num_cat=0
split_feature=5 2 3 16 4 2 22
split_gain=607.031 318.509 207.403 160.995 20.819 22.3492 0.688025
threshold=1.0000000180025095e-35 1.0000000180025095e-35 1.0000000180025095e-35 1.0000000180025095e-35 1.0000000180025095e-35 1.0000000180025095e-35 1.0000000180025095e-35
decision_type=2 2 2 2 2 2 2
left_child=1 3 -3 -1 5 -2 -6
right_child=4 2 -4 -5 6 -7 -8
leaf_value=0.083100303707329806 -0.018975394134941231 0.012216442971404473 -0.089111531205318173 -0.019323147989073038 -0.10015483700583001 -0.11533234977864476 -0.11357420525304421
leaf_weight=819.82087905704975 63.133765563368797 744.89538948237896 276.06833997368813 188.3474203646183 188.08881567418575 38.404317274689674 222.57915250957012
leaf_count=4195 295 3705 1222 769 1538 297 1882
internal_value=-0.000440012 0.0241235 -0.015243 0.0639652 -0.0976071 -0.0561894 -0.107686
internal_weight=2541.34 2029.13 1020.96 1008.17 512.206 101.538 410.668
internal_count=13903 9891 4927 4964 4012 592 3420
is_linear=0
shrinkage=0.1


Tree=14
num_leaves=8
num_cat=0
split_feature=5 25 15 8 4 2 22
split_gain=526.554 279.352 211.079 55.3949 20.9381 21.0351 0.841453
threshold=1.0000000180025095e-35 1.0000000180025095e-35 1.0000000180025095e-35 1.0000000180025095e-35 1.0000000180025095e-35 1.0000000180025095e-35 1.0000000180025095e-35
decision_type=2 2 2 2 2 2 2
left_child=1 3 -3 -1 5 -2 -6
right_child=4 2 -4 -5 6 -7 -8
leaf_value=0.095948248724162424 -0.017234804142311651 -0.10588466262605301 0.012276654384523682 0.022536386623738785 -0.097341028844854877 -0.11315035766443518 -0.11167638418039248
leaf_weight=460.6470054090023 62.68453261256218 171.36714918911457 1228.9243355542421 133.17377482354641 174.88594733178616 35.403660111129284 204.66105100512505
leaf_count=2711 295 739 5629 812 1538 297 1882
internal_value=-0.000460519 0.0221373 -0.00224913 0.07955 -0.0946547 -0.0526468 -0.105344
internal_weight=2471.75 1994.11 1400.29 593.821 477.635 98.0882 379.547
internal_count=13903 9891 6368 3523 4012 592 3420
is_linear=0
shrinkage=0.1


Tree=15
num_leaves=8
num_cat=0
split_feature=5 2 3 11 4 20 22
split_gain=456.921 268.128 162.687 141.751 21.0012 21.5108 1.00324
threshold=1.0000000180025095e-35 1.0000000180025095e-35 1.0000000180025095e-35 1.0000000180025095e-35 1.0000000180025095e-35 1.0000000180025095e-35 1.0000000180025095e-35
decision_type=2 2 2 2 2 2 2
left_child=1 3 -3 -1 5 -2 -6
right_child=4 2 -4 -5 6 -7 -8
leaf_value=-0.036796179293432041 -0.0024690706732756287 0.0085586484754324576 -0.082054574302485403 0.073238932593475456 -0.094621879820301152 -0.097271711790789986 -0.10996498876659917
leaf_weight=135.61344249546528 48.545456975698471 729.9531424343586 270.87958872318268 831.26447112858295 162.58654037117958 46.31217173486948 187.93425799906254
leaf_count=585 281 3705 1222 4379 1538 311 1882
internal_value=-0.0004578 0.020254 -0.0160236 0.0577834 -0.0918044 -0.0492863 -0.103138
internal_weight=2413.09 1967.71 1000.83 966.878 445.378 94.8576 350.521
internal_count=13903 9891 4927 4964 4012 592 3420
is_linear=0
shrinkage=0.1


Tree=16
num_leaves=8
num_cat=0
split_feature=5 25 15 12 4 2 22
split_gain=396.243 233.417 173.324 56.2772 21.3065 20.8038 1.17264
threshold=1.0000000180025095e-35 1.0000000180025095e-35 1.0000000180025095e-35 1.0000000180025095e-35 1.0000000180025095e-35 1.0000000180025095e-35 1.0000000180025095e-35
decision_type=2 2 2 2 2 2 2
left_child=1 3 -3 -1 5 -2 -6
right_child=4 2 -4 -5 6 -7 -8
leaf_value=-0.054886820586720654 -0.011181035107145439 -0.097494664050020219 0.009853885926852754 0.081040680757551067 -0.091969049905567271 -0.11058403100172194 -0.1084088916887047
leaf_weight=31.661138206720352 60.899520307779312 170.74545852839947 1209.6164977699518 524.14735113084316 151.16952170431614 31.392702162265778 172.37974564731121
leaf_count=127 295 739 5629 3396 1538 297 1882
internal_value=-0.000473591 0.0185583 -0.00348568 0.073213 -0.0889187 -0.0458154 -0.101035
internal_weight=2352.01 1936.17 1380.36 555.808 415.841 92.2922 323.549
internal_count=13903 9891 6368 3523 4012 592 3420
is_linear=0
shrinkage=0.1


Tree=17
num_leaves=8
num_cat=0
split_feature=6 11 0 14 4 5 13
split_gain=347.282 239.159 211.232 91.6481 209.745 109.135 66.2146
threshold=1.0000000180025095e-35 1.0000000180025095e-35 1.0000000180025095e-35 1.0000000180025095e-35 1.0000000180025095e-35 1.0000000180025095e-35 1.0000000180025095e-35
decision_type=2 2 2 2 2 2 2
left_child=1 6 -3 4 -2 -5 -1
right_child=3 2 -4 5 -6 -7 -8
leaf_value=-0.011329976096415072 0.048079704928856874 0.059355755943194526 -0.021357044967083932 -0.2838580881125945 -0.10923268267308806 -0.089001780811167927 -0.11496379728621681
leaf_weight=108.98550172150135 143.73213585466146 1074.5374251306057 463.57085886597633 37.203231140971184 203.984534971416 123.34948145598173 141.67942333221436
leaf_count=494 802 6120 2053 177 2333 1281 643
internal_value=-0.000468041 0.0202642 0.0350316 -0.0733285 -0.0442546 -0.135631 -0.0701294
internal_weight=2297.04 1788.77 1538.11 508.269 347.717 160.553 250.665
internal_count=13903 9310 8173 4593 3135 1458 1137
is_linear=0
shrinkage=0.1


Tree=18
num_leaves=8
num_cat=0
split_feature=5 2 16 3 4 20 22
split_gain=303.503 232.58 124.834 113.575 18.9649 19.5134 1.64519
threshold=1.0000000180025095e-35 1.0000000180025095e-35 1.0000000180025095e-35 1.0000000180025095e-35 1.0000000180025095e-35 1.0000000180025095e-35 1.0000000180025095e-35
decision_type=2 2 2 2 2 2 2
left_child=1 2 -1 -3 5 -2 -6
right_child=4 3 -4 -5 6 -7 -8
leaf_value=0.070554982245783784 0.0011654194117935209 0.0025423244405903553 -0.021024233667970904 -0.074383580647095771 -0.086363425080601741 -0.091703276797149 -0.10571801877194607
leaf_weight=727.4884071201086 47.275329403579235 701.40364919602871 186.57454770803452 263.19737760722637 129.37334984540939 42.348419666290283 145.19956873357296
leaf_count=4195 281 3705 769 1222 1538 311 1882
internal_value=-0.000466019 0.0157415 0.0518597 -0.0185027 -0.0838845 -0.043244 -0.096945
internal_weight=2242.86 1878.66 914.063 964.601 364.197 89.6237 274.573
internal_count=13903 9891 4964 4927 4012 592 3420
is_linear=0
shrinkage=0.1


Tree=19
num_leaves=8
num_cat=0
split_feature=5 26 0 15 4 2 22
split_gain=263.187 200.777 180.786 51.2396 19.0934 20.2136 1.82922
threshold=1.0000000180025095e-35 1.0000000180025095e-35 1.0000000180025095e-35 1.0000000180025095e-35 1.0000000180025095e-35 1.0000000180025095e-35 1.0000000180025095e-35
decision_type=2 2 2 2 2 2 2
left_child=1 3 -3 -1 5 -2 -6
right_child=4 2 -4 -5 6 -7 -8
leaf_value=-0.099918231405761088 -0.0066053626616226525 0.054056197171995495 -0.021890229605225547 -0.022839466488439847 -0.083784888822311734 -0.10859821633815642 -0.10448108340361256
leaf_weight=135.81446515768766 59.387686461210251 1028.2229067534208 450.03161067515612 235.58872033655643 120.51104260981083 27.984574019908905 132.86963160336018
leaf_count=599 295 6117 2059 1116 1538 297 1882
internal_value=-0.00046788 0.0144213 0.0309363 -0.0512182 -0.0810942 -0.040132 -0.0950058
internal_weight=2190.41 1849.66 1478.25 371.403 340.753 87.3723 253.381
internal_count=13903 9891 8176 1715 4012 592 3420
is_linear=0
shrinkage=0.1


Tree=20
num_leaves=8
num_cat=0
split_feature=5 2 10 15 4 2 22
split_gain=228.406 195.063 109.181 108.572 18.8636 18.7495 2.01709
threshold=1.0000000180025095e-35 1.0000000180025095e-35 1.0000000180025095e-35 1.0000000180025095e-35 1.0000000180025095e-35 1.0000000180025095e-35 1.0000000180025095e-35
decision_type=2 2 2 2 2 2 2
left_child=1 3 -3 -1 5 -2 -6
right_child=4 2 -4 -5 6 -7 -8
leaf_value=-0.059875069335393917 -0.0059730165511642022 -0.091083266383054362 -0.0024708993312598016 0.058573764576380472 -0.081200146803733692 -0.10703958938122329 -0.10331499285397966
leaf_weight=84.922350689768791 59.222381129860878 168.35786315053701 777.20363193750381 794.12453094124794 112.36817587167025 25.685230799019337 121.52428214251995
leaf_count=388 295 851 4076 4576 1538 297 1882
internal_value=-0.000466279 0.0131903 -0.0183279 0.0470757 -0.0784246 -0.0374366 -0.0930814
internal_weight=2143.41 1824.61 945.561 879.047 318.8 84.9076 233.892
internal_count=13903 9891 4927 4964 4012 592 3420
is_linear=0
shrinkage=0.1


Tree=21
num_leaves=8
num_cat=0
split_feature=6 11 2 14 4 5 13
split_gain=202.218 194.228 160.061 89.1184 168.986 83.6599 54.3344
threshold=1.0000000180025095e-35 1.0000000180025095e-35 1.0000000180025095e-35 1.0000000180025095e-35 1.0000000180025095e-35 1.0000000180025095e-35 1.0000000180025095e-35
decision_type=2 2 2 2 2 2 2
left_child=1 6 -3 4 -2 -5 -1
right_child=3 2 -4 5 -6 -7 -8
leaf_value=-0.013619039649746478 0.048632080518562333 0.064534409105776055 -0.0021755070101656619 -0.25378973476427619 -0.10521668480554712 -0.078261439134625799 -0.10872684531498754
leaf_weight=106.67102086544037 137.15494146943092 671.91796638071537 772.50637379288673 38.068487420678139 146.91705707460642 94.196846544742584 137.44979798793793
leaf_count=494 802 4090 4083 177 2333 1281 643
internal_value=-0.00046821 0.0149295 0.0288798 -0.0628029 -0.0310258 -0.130307 -0.0673936
internal_weight=2104.88 1688.55 1444.42 416.337 284.072 132.265 244.121
internal_count=13903 9310 8173 4593 3135 1458 1137
is_linear=0
shrinkage=0.1


Tree=22
num_leaves=8
num_cat=0
split_feature=25 8 5 10 2 12 4
split_gain=188.498 110.634 105.761 128.092 60.1 53.3315 10.647
threshold=1.0000000180025095e-35 1.0000000180025095e-35 1.0000000180025095e-35 1.0000000180025095e-35 1.0000000180025095e-35 1.0000000180025095e-35 1.0000000180025095e-35
decision_type=2 2 2 2 2 2 2
left_child=1 5 3 -2 -3 -1 -4
right_child=2 4 6 -5 -6 -7 -8
leaf_value=-0.042065819333410873 -0.069230128387851794 0.047377887755243014 -0.047081525415920804 0.0086415611133869238 -0.075193879413529008 0.093296427914310212 -0.094665499657607149
leaf_weight=31.316207513213158 263.4931907877326 73.881447345018387 71.228810742497444 1048.1913723349571 84.985446862876415 333.44651326537132 159.95462419837713
leaf_count=127 1267 745 515 5101 760 2584 2804
internal_value=-0.000462557 0.0513227 -0.0180597 -0.00704224 -0.0182518 0.0815919 -0.0802706
internal_weight=2066.5 523.63 1542.87 1311.68 158.867 364.763 231.183
internal_count=13903 4216 9687 6368 1505 2711 3319
is_linear=0
shrinkage=0.1


Tree=23
num_leaves=8
num_cat=0
split_feature=26 17 8 14 15 14 24
split_gain=159.818 173.984 151.735 38.7836 35.0549 39.1516 9.99804
threshold=1.0000000180025095e-35 1.0000000180025095e-35 1.0000000180025095e-35 1.0000000180025095e-35 1.0000000180025095e-35 1.0000000180025095e-35 1.0000000180025095e-35
decision_type=2 2 2 2 2 2 2
left_child=4 2 -2 -3 6 -6 -1
right_child=1 3 -4 -5 5 -7 -8
leaf_value=-0.045475779318173926 0.059735695466214628 -0.016748102287468234 -0.019141533352304785 -0.079863166669213462 -0.0069460854002233348 -0.080077321783889807 -0.10640984358735939
leaf_weight=38.349242739379406 785.49639230966568 264.97063785791397 352.9184646718204 153.58030780032277 209.17175045982003 111.79882162809372 111.51990411058068
leaf_count=212 4958 1635 3122 929 1613 816 618
internal_value=-0.000417768 0.0150245 0.0352877 -0.0400423 -0.0514055 -0.0325884 -0.0912225
internal_weight=2027.81 1556.97 1138.41 418.551 470.84 320.971 149.869
internal_count=13903 10644 8080 2564 3259 2429 830
is_linear=0
shrinkage=0.1


Tree=24
num_leaves=7
num_cat=0
split_feature=4 2 17 3 14 22
split_gain=148.539 143.821 107.237 76.8345 10.9103 15.2672
threshold=1.0000000180025095e-35 1.0000000180025095e-35 1.0000000180025095e-35 1.0000000180025095e-35 1.0000000180025095e-35 1.0000000180025095e-35
decision_type=2 2 2 2 2 2
left_child=1 2 -1 -3 -2 -6
right_child=4 3 -4 -5 5 -7
leaf_value=0.058728980035464333 -0.10352840462690434 -0.001558580025329132 -0.019816729726543289 -0.06585626060072651 0.0067453776779735257 -0.095814800381433141
leaf_weight=637.97155544906855 123.08352275192738 691.54778041318059 238.20045225322247 253.1802378334105 26.372142408043146 30.948353491723537
leaf_count=4221 2333 3933 1038 1291 447 640
internal_value=-0.000377282 0.00821517 0.0373769 -0.0188413 -0.0866721 -0.0493221
internal_weight=2001.3 1820.9 876.172 944.728 180.404 57.3205
internal_count=13903 10483 5259 5224 3420 1087
is_linear=0
shrinkage=0.1


end of trees

feature_importances:
yr_lt=_0.5=29
hr_lt=_5.5=24
hr_lt=_6.5=23
temp_lt=_0.48999999463558197=13
hr_lt=_21.5=7
hr_lt=_22.5=7
weathersit_lt=_2.5=7
temp_lt=_0.45000000298023224=6
workingday_lt=_0.5=5
atemp_lt=_0.5985000133514404=5
season_lt=_1.5=4
mnth_lt=_3.5=4
hr_lt=_20.5=4
temp_lt=_0.3100000023841858=4
hum_lt=_0.7950000166893005=4
hr_lt=_11.5=3
hr_lt=_19.5=3
hr_lt=_7.5=2
weekday_lt=_3.5=2
temp_lt=_0.32999999821186066=2
temp_lt=_0.4699999988079071=2
season_lt=_3.5=1
temp_lt=_0.3700000047683716=1
temp_lt=_0.39000000059604645=1
atemp_lt=_0.3257499933242798=1
atemp_lt=_0.5227500200271606=1

parameters:
[boosting: gbdt]
[objective: binary]
[metric: binary_logloss]
[tree_learner: serial]
[device_type: cpu]
[data_sample_strategy: bagging]
[data: ]
[valid: ]
[num_iterations: 25]
[learning_rate: 0.1]
[num_leaves: 31]
[num_threads: 8]
[seed: 42]
[deterministic: 0]
[force_col_wise: 0]
[force_row_wise: 0]
[histogram_pool_size: -1]
[max_depth: 3]
[min_data_in_leaf: 20]
[min_sum_hessian_in_leaf: 0.001]
[bagging_fraction: 1]
[pos_bagging_fraction: 1]
[neg_bagging_fraction: 1]
[bagging_freq: 0]
[bagging_seed: 400]
[bagging_by_query: 0]
[feature_fraction: 1]
[feature_fraction_bynode: 1]
[feature_fraction_seed: 30056]
[extra_trees: 0]
[extra_seed: 12879]
[early_stopping_round: 0]
[early_stopping_min_delta: 0]
[first_metric_only: 0]
[max_delta_step: 0]
[lambda_l1: 0]
[lambda_l2: 1]
[linear_lambda: 0]
[min_gain_to_split: 0]
[drop_rate: 0.1]
[max_drop: 50]
[skip_drop: 0.5]
[xgboost_dart_mode: 0]
[uniform_drop: 0]
[drop_seed: 17869]
[top_rate: 0.2]
[other_rate: 0.1]
[min_data_per_group: 100]
[max_cat_threshold: 32]
[cat_l2: 10]
[cat_smooth: 10]
[max_cat_to_onehot: 4]
[top_k: 20]
[monotone_constraints: ]
[monotone_constraints_method: basic]
[monotone_penalty: 0]
[feature_contri: ]
[forcedsplits_filename: ]
[refit_decay_rate: 0.9]
[cegb_tradeoff: 1]
[cegb_penalty_split: 0]
[cegb_penalty_feature_lazy: ]
[cegb_penalty_feature_coupled: ]
[path_smooth: 0]
[interaction_constraints: ]
[verbosity: -1]
[saved_feature_importance_type: 0]
[use_quantized_grad: 0]
[num_grad_quant_bins: 4]
[quant_train_renew_leaf: 0]
[stochastic_rounding: 1]
[linear_tree: 0]
[max_bin: 255]
[max_bin_by_feature: ]
[min_data_in_bin: 3]
[bin_construct_sample_cnt: 200000]
[data_random_seed: 175]
[is_enable_sparse: 1]
[enable_bundle: 1]
[use_missing: 1]
[zero_as_missing: 0]
[feature_pre_filter: 1]
[pre_partition: 0]
[two_round: 0]
[header: 0]
[label_column: ]
[weight_column: ]
[group_column: ]
[ignore_column: ]
[categorical_feature: ]
[forcedbins_filename: ]
[precise_float_parser: 0]
[parser_config_file: ]
[objective_seed: 16083]
[num_class: 1]
[is_unbalance: 0]
[scale_pos_weight: 1]
[sigmoid: 1]
[boost_from_average: 1]
[reg_sqrt: 0]
[alpha: 0.9]
[fair_c: 1]
[poisson_max_delta_step: 0.7]
[tweedie_variance_power: 1.5]
[lambdarank_truncation_level: 30]
[lambdarank_norm: 1]
[label_gain: ]
[lambdarank_position_bias_regularization: 0]
[eval_at: ]
[multi_error_top_k: 1]
[auc_mu_weights: ]
[num_machines: 1]
[local_listen_port: 12400]
[time_out: 120]
[machine_list_filename: ]
[machines: ]
[gpu_platform_id: -1]
[gpu_device_id: -1]
[gpu_use_dp: 0]
[num_gpu: 1]

end of parameters

pandas_categorical:[]
