tree
version=v4
num_class=1
num_tree_per_iteration=1
label_index=0
max_feature_idx=25
objective=binary sigmoid:1
feature_names=V4_lt=_-0.03485080227255821 V4_lt=_0.38157644867897034 V4_lt=_0.7131027281284332 V4_lt=_0.7563397884368896 V4_lt=_0.7563583552837372 V4_lt=_1.5782626867294312 V4_lt=_1.6225031018257141 V4_lt=_1.6730803847312927 V10_lt=_-1.7765860557556152 V10_lt=_-1.7227753400802612 V10_lt=_-1.408359408378601 V12_lt=_-0.24669199436903 V12_lt=_-0.07579305022954941 V14_lt=_-2.7358014583587646 V14_lt=_-2.7159359455108643 V14_lt=_-1.8273465633392334 V14_lt=_-1.812438189983368 V14_lt=_-1.7687879800796509 V14_lt=_-1.5627466440200806 V14_lt=_-1.4205476641654968 V14_lt=_-1.349036455154419 V14_lt=_-0.7452503144741058 V14_lt=_-0.7145193219184875 V14_lt=_-0.6914466023445129 V14_lt=_-0.641162782907486 V10_lt=_-0.5482346713542938
feature_infos=[0:1] [0:1] [0:1] [0:1] [0:1] [0:1] [0:1] [0:1] [0:1] [0:1] [0:1] [0:1] [0:1] [0:1] [0:1] [0:1] [0:1] [0:1] [0:1] [0:1] [0:1] [0:1] [0:1] [0:1] [0:1] [0:1]
tree_sizes=930 1028 1030 1030 1031 1024 1037 1033 1034 1033 1026 1034 1039 1035 1031 1038 1039 1033 1032 1037 1038 1032 1041 1034 1043

Tree=0
num_leaves=8
num_cat=0
split_feature=16 4 11 0 9 10 0
split_gain=263206 9858.31 8275.81 5795.68 1910.03 995.582 825.091
threshold=1.0000000180025095e-35 1.0000000180025095e-35 1.0000000180025095e-35 1.0000000180025095e-35 1.0000000180025095e-35 1.0000000180025095e-35 1.0000000180025095e-35
decision_type=2 2 2 2 2 2 2
left_child=1 2 -1 4 -2 -5 -3
right_child=3 6 -4 5 -6 -7 -8
leaf_value=-0.14657876674824635 0.12267630074102544 -0.16304598112959179 0.0054418898879752715 -0.15216301149906242 0.19950391260477204 0.075703509734706811 -0.1951615270556126
leaf_weight=9080.5 3555.25 12546 5912.25 546.75 36723 294.25 22322.25
leaf_count=36322 14221 50184 23649 2187 146892 1177 89289
internal_value=5.49691e-06 -0.154453 -0.0866345 0.187301 0.192726 -0.0724416 -0.183611
internal_weight=90980.2 49861 14992.8 41119.2 40278.2 841 34868.2
internal_count=363921 199444 59971 164477 161113 3364 139473
is_linear=0
shrinkage=1


Tree=1
num_leaves=8
num_cat=0
split_feature=17 4 11 0 9 10 0
split_gain=215124 8006.9 6601.58 5195.45 1666.22 856.178 679.22
threshold=1.0000000180025095e-35 1.0000000180025095e-35 1.0000000180025095e-35 1.0000000180025095e-35 1.0000000180025095e-35 1.0000000180025095e-35 1.0000000180025095e-35
decision_type=2 2 2 2 2 2 2
left_child=1 2 -1 4 -2 -5 -3
right_child=3 6 -4 5 -6 -7 -8
leaf_value=-0.13286529440223416 0.11024696941759388 -0.14821241847351715 0.0034745280193503323 -0.1403219138991027 0.18139723490374096 0.066044774356472977 -0.17749769487680062
leaf_weight=9015.4882078170776 3625.1318185776472 12433.682675093412 5859.2066944241524 583.46651500463486 36375.490854248405 305.71526636183262 22059.283938407898
leaf_count=36256 14555 50066 23437 2348 146954 1225 89080
internal_value=4.07201e-06 -0.140499 -0.0791638 0.169637 0.174952 -0.0693752 -0.166946
internal_weight=90257.5 49367.7 14874.7 40889.8 40000.6 889.182 34493
internal_count=363921 198839 59693 165082 161509 3573 139146
is_linear=0
shrinkage=0.1


Tree=2
num_leaves=8
num_cat=0
split_feature=16 5 0 23 11 9 10
split_gain=178464 7222.83 3970.19 3040.65 2408.99 1428.71 668.545
threshold=1.0000000180025095e-35 1.0000000180025095e-35 1.0000000180025095e-35 1.0000000180025095e-35 1.0000000180025095e-35 1.0000000180025095e-35 1.0000000180025095e-35
decision_type=2 2 2 2 2 2 2
left_child=1 4 5 -3 -1 -2 -4
right_child=2 3 6 -5 -6 -7 -8
leaf_value=-0.095507093254083908 0.10084542883552633 -0.15532847509099629 -0.12582752632583319 -0.083540212002024591 0.028683322050686216 0.16780600400974105 0.061904211774147212
leaf_weight=2890.878795593977 3507.4616724699736 35253.699326187372 535.22146989405155 7090.7272643148899 3395.5045140534639 35422.564627110958 292.77687476575375
leaf_count=11790 14221 144975 2187 29096 13583 146892 1177
internal_value=1.74088e-05 -0.128461 0.157167 -0.14331 -0.0284334 0.161776 -0.0594517
internal_weight=88388.8 48630.8 39758 42344.4 6286.38 38930 827.998
internal_count=363921 199444 164477 174071 25373 161113 3364
is_linear=0
shrinkage=0.1


Tree=3
num_leaves=8
num_cat=0
split_feature=17 4 24 0 9 25 10
split_gain=149651 6493.54 6118.27 3703.86 1371.41 678.583 591.805
threshold=1.0000000180025095e-35 1.0000000180025095e-35 1.0000000180025095e-35 1.0000000180025095e-35 1.0000000180025095e-35 1.0000000180025095e-35 1.0000000180025095e-35
decision_type=2 2 2 2 2 2 2
left_child=1 2 -1 4 -2 -3 -5
right_child=3 5 -4 6 -6 -7 -8
leaf_value=-0.098872127531403453 0.091795835559126071 -0.15298113552685969 0.055557915762652371 -0.11880773834914714 0.15722410970955086 -0.12105077903111024 0.054367573852372467
leaf_weight=11218.148848369718 3541.1662173122168 23389.498382776976 3325.2984051853418 562.04599444568157 34107.271301537752 9341.5337748229504 303.08534978330135
leaf_count=46169 14555 99432 13524 2348 146954 39714 1225
internal_value=4.37347e-05 -0.119167 -0.063561 0.146372 0.151073 -0.143872 -0.0581457
internal_weight=85788 47274.5 14543.4 38513.6 37648.4 32731 865.131
internal_count=363921 198839 59693 165082 161509 139146 3573
is_linear=0
shrinkage=0.1


Tree=4
num_leaves=8
num_cat=0
split_feature=18 4 0 12 8 0 10
split_gain=126548 5333.22 4694.67 4499.34 1542.14 627.894 586.674
threshold=1.0000000180025095e-35 1.0000000180025095e-35 1.0000000180025095e-35 1.0000000180025095e-35 1.0000000180025095e-35 1.0000000180025095e-35 1.0000000180025095e-35
decision_type=2 2 2 2 2 2 2
left_child=1 3 4 -1 -2 -3 -4
right_child=2 5 6 -5 -6 -7 -8
leaf_value=-0.11497989872437503 0.083128736522163876 -0.11719495980119084 -0.11805724343015477 -0.001513061689335972 0.14884446462756451 -0.14680692187099825 0.039947044582244323
leaf_weight=7449.6419676542282 4016.612254858017 11278.726911574602 751.18494085967541 6582.0109197497368 32500.020452395082 19766.857773169875 341.16972038149834
leaf_count=31620 16785 49350 3242 26663 146850 88013 1398
internal_value=7.04311e-05 -0.112929 0.135508 -0.0617584 0.141619 -0.136053 -0.0687171
internal_weight=82686.2 45077.2 37609 14031.7 36516.6 31045.6 1092.35
internal_count=363921 195646 168275 58283 163635 137363 4640
is_linear=0
shrinkage=0.1


Tree=5
num_leaves=8
num_cat=0
split_feature=16 4 22 9 7 0 0
split_gain=107767 5444.16 5037.02 2641.95 2895.01 710.726 135.305
threshold=1.0000000180025095e-35 1.0000000180025095e-35 1.0000000180025095e-35 1.0000000180025095e-35 1.0000000180025095e-35 1.0000000180025095e-35 1.0000000180025095e-35
decision_type=2 2 2 2 2 2 2
left_child=1 2 -1 4 -2 -3 -5
right_child=3 5 -4 6 -6 -7 -8
leaf_value=-0.083806308858998063 0.13192161844087358 -0.10721631996801524 0.060153458861714942 0.14194758523143147 -0.040681702157438666 -0.1391136084527963 0.056790150520770757
leaf_weight=11116.423167869449 2160.2114456892014 11065.16193126142 3109.7006386369467 30756.46700206399 1764.9428725987673 19060.070325508714 189.51234929263592
leaf_count=47292 9212 50184 12679 146892 7598 89289 775
internal_value=9.2373e-05 -0.103325 -0.052336 0.131625 0.0543201 -0.127402 0.141428
internal_weight=79222.5 44351.4 14226.1 34871.1 3925.15 30125.2 30946
internal_count=363921 199444 59971 164477 16810 139473 147667
is_linear=0
shrinkage=0.1


Tree=6
num_leaves=8
num_cat=0
split_feature=19 1 4 12 9 10 0
split_gain=92347.2 4822.94 4170.49 3675.77 1252.77 899.537 492.864
threshold=1.0000000180025095e-35 1.0000000180025095e-35 1.0000000180025095e-35 1.0000000180025095e-35 1.0000000180025095e-35 1.0000000180025095e-35 1.0000000180025095e-35
decision_type=2 2 2 2 2 2 2
left_child=2 4 3 -1 -2 -3 -4
right_child=1 5 6 -5 -6 -7 -8
leaf_value=-0.10534990968024048 0.076452823060886965 -0.093562567264171018 -0.10581718056765284 -9.9596915233688234e-05 0.13651642754063689 0.055991298251561461 -0.13345036519597525
leaf_weight=6954.8821729570627 3952.964146733284 1136.8277245759964 10269.466068938375 6344.9639674276114 28836.175252318382 621.23658722639084 17516.103986352682
leaf_count=31122 17054 5192 48549 25906 146336 2779 86983
internal_value=0.000126033 0.120626 -0.101199 -0.0551419 0.129278 -0.0407138 -0.123241
internal_weight=75632.6 34547.2 41085.4 13299.8 32789.1 1758.06 27785.6
internal_count=363921 171361 192560 57028 163390 7971 135532
is_linear=0
shrinkage=0.1


Tree=7
num_leaves=8
num_cat=0
split_feature=15 6 24 8 7 11 0
split_gain=79267 4865.82 2514.79 2329.28 2364.5 1345.97 108.185
threshold=1.0000000180025095e-35 1.0000000180025095e-35 1.0000000180025095e-35 1.0000000180025095e-35 1.0000000180025095e-35 1.0000000180025095e-35 1.0000000180025095e-35
decision_type=2 2 2 2 2 2 2
left_child=1 5 -3 4 -2 -1 -5
right_child=3 2 -4 6 -6 -7 -8
leaf_value=-0.061464706785044482 0.11937972605892855 -0.11821608517547758 -0.050407168880404779 0.13160526638705206 -0.039426786135388178 0.035681112943631819 0.053225372725181345
leaf_weight=2512.5347350239754 2064.6096889972687 28374.377266585827 6777.8386611789465 27012.651585146785 1716.1258620321751 3296.0001014769077 179.08945266902447
leaf_count=11304 9399 143096 31995 146577 7515 13288 747
internal_value=0.000147832 -0.0911333 -0.105143 0.120865 0.047304 -0.00634354 0.131091
internal_weight=71933.2 40960.8 35152.2 30972.5 3780.74 5808.53 27191.7
internal_count=363921 199683 175091 164238 16914 24592 147324
is_linear=0
shrinkage=0.1


Tree=8
num_leaves=8
num_cat=0
split_feature=19 0 4 12 8 0 10
split_gain=68473.3 3956.49 3847.35 2925.07 1504.56 552.306 409.137
threshold=1.0000000180025095e-35 1.0000000180025095e-35 1.0000000180025095e-35 1.0000000180025095e-35 1.0000000180025095e-35 1.0000000180025095e-35 1.0000000180025095e-35
decision_type=2 2 2 2 2 2 2
left_child=2 4 3 -1 -2 -4 -3
right_child=1 6 5 -5 -6 -7 -8
leaf_value=-0.092672192324116526 0.06276138932536518 -0.10431971076397013 -0.093731713896416352 0.0031257731752308291 0.12763225626653982 -0.12451208768646733 0.022898526607642522
leaf_weight=6461.5238352119923 4167.8732495009899 845.4838781952858 9351.3509157449007 6288.9295767843723 25273.83933699131 15570.299661666155 359.99011881649494
leaf_count=31122 18683 4143 48549 25906 147008 86983 1527
internal_value=0.000187762 0.111181 -0.0901084 -0.045425 0.118451 -0.112967 -0.0663411
internal_weight=68319.3 30647.2 37672.1 12750.5 29441.7 24921.7 1205.47
internal_count=363921 171361 192560 57028 165691 135532 5670
is_linear=0
shrinkage=0.1


Tree=9
num_leaves=8
num_cat=0
split_feature=19 7 4 24 8 0 13
split_gain=59083 3647.88 3616.23 2826.92 2404.36 561.97 55.8273
threshold=1.0000000180025095e-35 1.0000000180025095e-35 1.0000000180025095e-35 1.0000000180025095e-35 1.0000000180025095e-35 1.0000000180025095e-35 1.0000000180025095e-35
decision_type=2 2 2 2 2 2 2
left_child=2 6 3 -1 -3 -4 -2
right_child=1 4 5 -5 -6 -7 -8
leaf_value=-0.066106501465050413 0.10181861497491183 -0.032248507216413404 -0.088595297583212648 0.051131580983286268 0.10940512696691643 -0.12050556850731593 0.12434523140119978
leaf_weight=9909.8917400091887 1188.3881940245628 2796.9566309005022 8926.5903083086014 2594.508635237813 2094.8872494697571 14532.734000623226 22662.307870313525
leaf_count=46169 5745 12656 48549 10859 12620 86983 140340
internal_value=0.000207808 0.107094 -0.0852168 -0.0417789 0.0284233 -0.108368 0.123227
internal_weight=64706.3 28742.5 35963.7 12504.4 4891.84 23459.3 23850.7
internal_count=363921 171361 192560 57028 25276 135532 146085
is_linear=0
shrinkage=0.1


Tree=10
num_leaves=8
num_cat=0
split_feature=15 1 12 8 7 0 0
split_gain=51088.2 4103.9 4011.3 2115.21 1662.38 310.002 120.219
threshold=1.0000000180025095e-35 1.0000000180025095e-35 1.0000000180025095e-35 1.0000000180025095e-35 1.0000000180025095e-35 1.0000000180025095e-35 1.0000000180025095e-35
decision_type=2 2 2 2 2 2 2
left_child=1 2 -1 4 -2 -3 -5
right_child=3 5 -4 6 -6 -7 -8
leaf_value=-0.086378408705922172 0.1030457837372 -0.086737896367918926 0.010538852716824795 0.12122106802729869 -0.034604542124200076 -0.11629758267731274 0.036801940801317753
leaf_weight=9140.8238762021065 1825.8116821050644 4776.7071814388037 8014.0508403778076 21654.280467301607 1687.3557260632515 13988.115883007646 171.08671098947525
leaf_count=48044 9399 27116 35125 146577 7515 89398 747
internal_value=0.000240526 -0.07646 -0.0411047 0.108969 0.036942 -0.108778 0.120561
internal_weight=61258.2 35919.7 17154.9 25338.5 3513.17 18764.8 21825.4
internal_count=363921 199683 83169 164238 16914 116514 147324
is_linear=0
shrinkage=0.1


Tree=11
num_leaves=8
num_cat=0
split_feature=19 2 7 24 8 25 8
split_gain=44564.7 3239.9 3130.51 2395.34 1751.59 604.251 75.7377
threshold=1.0000000180025095e-35 1.0000000180025095e-35 1.0000000180025095e-35 1.0000000180025095e-35 1.0000000180025095e-35 1.0000000180025095e-35 1.0000000180025095e-35
decision_type=2 2 2 2 2 2 2
left_child=1 3 6 -1 -4 -3 -2
right_child=2 5 4 -5 -6 -7 -8
leaf_value=-0.05893354443057696 0.098919058024066336 -0.11167373928734943 -0.024395426236889253 0.048628620421146344 0.10162274208574514 -0.073345703981975791 0.11923386109936439
leaf_weight=9758.20408667624 2077.9812427461147 14706.781206920743 2763.5856859982014 2627.0394390374422 1834.242326810956 5722.5474134087563 18453.496264845133
leaf_count=47776 10843 96370 12656 11110 12620 37304 135242
internal_value=0.000267387 -0.0764764 0.100481 -0.0361164 0.025889 -0.100942 0.117183
internal_weight=57943.9 32814.6 25129.3 12385.2 4597.83 20429.3 20531.5
internal_count=363921 192560 171361 58886 25276 133674 146085
is_linear=0
shrinkage=0.1


Tree=12
num_leaves=8
num_cat=0
split_feature=19 2 8 12 7 0 0
split_gain=38579.2 3061.19 2991.28 2246.16 1539.63 607.284 244.699
threshold=1.0000000180025095e-35 1.0000000180025095e-35 1.0000000180025095e-35 1.0000000180025095e-35 1.0000000180025095e-35 1.0000000180025095e-35 1.0000000180025095e-35
decision_type=2 2 2 2 2 2 2
left_child=1 3 4 -1 -2 -3 -4
right_child=2 5 6 -5 -6 -7 -8
leaf_value=-0.077477590360329252 0.093485575746773186 -0.074712757668500288 0.11640006045282639 0.0084284111404000529 -0.022005039247782812 -0.1113088870451884 0.0017457463394138794
leaf_weight=5889.102295011282 1983.8921647816896 7393.3968015611172 18531.708623945713 6297.7375532239676 2757.834295719862 11769.865242794156 188.06490762531757
leaf_count=32359 10843 46691 147008 26527 12656 86983 854
internal_value=0.000300455 -0.0722756 0.0972782 -0.0330873 0.0263246 -0.0971943 0.115248
internal_weight=54811.6 31350.1 23461.5 12186.8 4741.73 19163.3 18719.8
internal_count=363921 192560 171361 58886 23499 133674 147862
is_linear=0
shrinkage=0.1


Tree=13
num_leaves=8
num_cat=0
split_feature=13 24 0 5 9 7 11
split_gain=33520.2 4519.97 3183.35 2166.33 682.952 1316.02 8.06723
threshold=1.0000000180025095e-35 1.0000000180025095e-35 1.0000000180025095e-35 1.0000000180025095e-35 1.0000000180025095e-35 1.0000000180025095e-35 1.0000000180025095e-35
decision_type=2 2 2 2 2 2 2
left_child=1 3 -3 -1 5 -2 -6
right_child=4 2 -4 -5 6 -7 -8
leaf_value=-0.015477057178821949 0.10028323783582832 0.040153851703406684 -0.089142090874256535 -0.09498093186501011 0.091890658593337435 -0.11766486914773998 0.11484068410838305
leaf_weight=4123.7165505737066 1039.4370433688164 6318.5493987798691 2724.4391358047724 20304.722819499671 179.01451037824154 376.6659469306469 16736.598167546093
leaf_count=19165 6244 30465 18116 142441 1527 1648 144315
internal_value=0.000326368 -0.0592037 0.00119448 -0.0815612 0.109018 0.0422696 0.114603
internal_weight=51803.1 33471.4 9042.99 24428.4 18331.7 1416.1 16915.6
internal_count=363921 210187 48581 161606 153734 7892 145842
is_linear=0
shrinkage=0.1


Tree=14
num_leaves=8
num_cat=0
split_feature=13 24 0 5 9 7 3
split_gain=29301.9 3972.1 2681.52 2012.24 664.556 1109.2 10.0146
threshold=1.0000000180025095e-35 1.0000000180025095e-35 1.0000000180025095e-35 1.0000000180025095e-35 1.0000000180025095e-35 1.0000000180025095e-35 1.0000000180025095e-35
decision_type=2 2 2 2 2 2 2
left_child=1 3 -3 -1 5 -2 -6
right_child=4 2 -4 -5 6 -7 -8
leaf_value=-0.013993225021908834 0.096110969476312563 0.036071165422429816 -0.084763615580200291 -0.091159564433020118 0.11322456424381599 -0.1050170684557577 0.094533659335644477
leaf_weight=4105.9778269827366 979.28800398111343 6329.798346914351 2586.0007150247693 19103.152080334723 15204.46302972734 379.75523775815964 329.11939258873463
leaf_count=19165 6244 30465 18116 142441 143254 1648 2588
internal_value=0.00034986 -0.0557158 0.00101782 -0.0775091 0.106968 0.0398742 0.112835
internal_weight=49017.6 32124.9 8915.8 23209.1 16892.6 1359.04 15533.6
internal_count=363921 210187 48581 161606 153734 7892 145842
is_linear=0
shrinkage=0.1


Tree=15
num_leaves=8
num_cat=0
split_feature=9 23 0 5 0 11 12
split_gain=25742.8 4154.17 2186.99 1365.98 1115.57 136.62 126.946
threshold=1.0000000180025095e-35 1.0000000180025095e-35 1.0000000180025095e-35 1.0000000180025095e-35 1.0000000180025095e-35 1.0000000180025095e-35 1.0000000180025095e-35
decision_type=2 2 2 2 2 2 2
left_child=1 3 -3 -1 5 -2 -6
right_child=4 2 -4 -5 6 -7 -8
leaf_value=-0.022267196347668695 0.037939279556738842 0.032675200675856997 -0.081686580624293903 -0.087035928158666009 -0.088089196767224431 0.11282683547432491 0.012932173419563035
leaf_weight=3974.6537938117981 249.05636995285749 6900.3817264288664 2205.9276263341308 18034.267773099244 263.23120518773794 14544.258805789053 234.61837606877089
leaf_count=18694 2085 34079 16233 142312 2144 146941 1433
internal_value=0.000373612 -0.0518384 0.00496608 -0.0753407 0.106614 0.111569 -0.040551
internal_weight=46406.4 31115.2 9106.31 22008.9 15291.2 14793.3 497.85
internal_count=363921 211318 50312 161006 152603 149026 3577
is_linear=0
shrinkage=0.1


Tree=16
num_leaves=8
num_cat=0
split_feature=9 24 0 5 1 13 11
split_gain=22546.9 3632.03 2000.55 1274.04 1037.74 258.378 57.4485
threshold=1.0000000180025095e-35 1.0000000180025095e-35 1.0000000180025095e-35 1.0000000180025095e-35 1.0000000180025095e-35 1.0000000180025095e-35 1.0000000180025095e-35
decision_type=2 2 2 2 2 2 2
left_child=1 3 -3 -1 6 -6 -2
right_child=4 2 -4 -5 5 -7 -8
leaf_value=-0.020548573021429324 0.059014576680301939 0.028511821406123673 -0.07973502373188468 -0.084306004957539399 -0.060866694845055261 0.084575213129999396 0.11149565846647147
leaf_weight=3862.2107356786728 215.51259505003691 7170.2223007380962 2239.8462052121758 16642.951700754464 452.74709233641624 166.17866183072329 13227.126891836524
leaf_count=18321 1881 35559 17616 139822 3508 1264 145950
internal_value=0.000395639 -0.0486952 0.00274046 -0.0722987 0.10483 -0.0217428 0.110659
internal_weight=43976.8 29915.2 9410.07 20505.2 14061.6 618.926 13442.6
internal_count=363921 211318 53175 158143 152603 4772 147831
is_linear=0
shrinkage=0.1


Tree=17
num_leaves=8
num_cat=0
split_feature=10 0 12 1 17 8 16
split_gain=19821.2 3533.03 3426.98 1416.07 232.39 147.849 98.375
threshold=1.0000000180025095e-35 1.0000000180025095e-35 1.0000000180025095e-35 1.0000000180025095e-35 1.0000000180025095e-35 1.0000000180025095e-35 1.0000000180025095e-35
decision_type=2 2 2 2 2 2 2
left_child=1 2 -1 5 -5 -2 -3
right_child=3 6 -4 4 -6 -7 -8
leaf_value=-0.064934729032585028 0.055900760769402938 -0.10464536149107287 0.019312328755500558 -0.046723651881605127 0.047385007842430854 0.10942607665726778 -0.050190039028337442
leaf_weight=10144.976780854166 542.07528296858072 8083.3307174369693 9211.8961462974548 683.51720648258924 424.53957536071539 12274.942893616855 348.78718787431717
leaf_count=70258 3021 83431 48851 6259 2436 147478 2187
internal_value=0.000417123 -0.0483788 -0.0248428 0.0977912 -0.0106568 0.107167 -0.102399
internal_weight=41714.1 27789 19356.9 13925.1 1108.06 12817 8432.12
internal_count=363921 204727 119109 159194 8695 150499 85618
is_linear=0
shrinkage=0.1


Tree=18
num_leaves=8
num_cat=0
split_feature=13 0 12 11 7 10 8
split_gain=17299.5 3038.5 2771.91 650.24 830.31 420.015 164.888
threshold=1.0000000180025095e-35 1.0000000180025095e-35 1.0000000180025095e-35 1.0000000180025095e-35 1.0000000180025095e-35 1.0000000180025095e-35 1.0000000180025095e-35
decision_type=2 2 2 2 2 2 2
left_child=1 2 -1 4 -2 -3 -5
right_child=3 5 -4 6 -6 -7 -8
leaf_value=-0.057670377357833952 0.081957120854741272 -0.10017471791246252 0.018771635026632372 0.064389847191008973 -0.20199128864926214 -0.023307924979282271 0.10789735510840406
leaf_weight=9945.1647795215249 291.02970962226391 7727.5910304859281 9068.2883393988013 953.75042060017586 158.09048023074865 783.65317737311125 10744.042384333909
leaf_count=70906 2632 85272 47412 6320 706 6597 144076
internal_value=0.000423091 -0.0434449 -0.021213 0.0998227 -0.0182195 -0.093101 0.104356
internal_weight=39671.6 27524.7 19013.5 12146.9 449.12 8511.24 11697.8
internal_count=363921 210187 118318 153734 3338 91869 150396
is_linear=0
shrinkage=0.1


Tree=19
num_leaves=8
num_cat=0
split_feature=10 0 12 2 17 8 16
split_gain=15295.1 3077.53 2422.98 1261.86 288.699 122.158 111.797
threshold=1.0000000180025095e-35 1.0000000180025095e-35 1.0000000180025095e-35 1.0000000180025095e-35 1.0000000180025095e-35 1.0000000180025095e-35 1.0000000180025095e-35
decision_type=2 2 2 2 2 2 2
left_child=1 2 -1 5 -5 -2 -3
right_child=3 6 -4 4 -6 -7 -8
leaf_value=-0.05682449334172146 0.053952881409016024 -0.1009967447850251 0.015111101937533528 -0.044539402213941218 0.052154828856964444 0.10770738329578385 -0.040362045198390782
leaf_weight=9483.1184024736285 444.2255832478404 6862.3335164710879 9247.5030939877033 683.56840628385544 561.48715478926897 10201.353562146425 320.05499917268753
leaf_count=70258 2625 83431 48851 6462 3916 146191 2187
internal_value=0.000434556 -0.0426529 -0.0213102 0.0943299 -0.000925999 0.10547 -0.0983008
internal_weight=37803.6 25913 18730.6 11890.6 1245.06 10645.6 7182.39
internal_count=363921 204727 119109 159194 10378 148816 85618
is_linear=0
shrinkage=0.1


Tree=20
num_leaves=8
num_cat=0
split_feature=20 0 12 7 25 10 8
split_gain=13396.2 2102.17 2129.14 2047.36 779.622 159.232 129.91
threshold=1.0000000180025095e-35 1.0000000180025095e-35 1.0000000180025095e-35 1.0000000180025095e-35 1.0000000180025095e-35 1.0000000180025095e-35 1.0000000180025095e-35
decision_type=2 2 2 2 2 2 2
left_child=1 2 -1 6 -5 -3 -2
right_child=3 5 -4 4 -6 -7 -8
leaf_value=-0.063998894405243839 0.07582986776122462 -0.099448588390204817 0.0095451575814400093 -0.072378334127496433 0.03869813046247908 -0.040916182548693447 0.10650109817056777
leaf_weight=7948.9588566720486 1667.3860668987036 6057.7181357517838 7797.0266655832529 809.19801608473063 2870.4769308716059 505.47218713909388 8397.8761824965477
leaf_count=64669 11037 80971 39914 5126 21484 5439 135281
internal_value=0.00044027 -0.0474048 -0.0275834 0.0780946 0.0142583 -0.0949476 0.101428
internal_weight=36054.1 22309.2 15746 13744.9 3679.67 6563.19 10065.3
internal_count=363921 190993 104583 172928 26610 86410 146318
is_linear=0
shrinkage=0.1


Tree=21
num_leaves=8
num_cat=0
split_feature=9 24 0 0 2 13 11
split_gain=11871 2858.84 1092.79 1004.91 830.603 237.762 49.049
threshold=1.0000000180025095e-35 1.0000000180025095e-35 1.0000000180025095e-35 1.0000000180025095e-35 1.0000000180025095e-35 1.0000000180025095e-35 1.0000000180025095e-35
decision_type=2 2 2 2 2 2 2
left_child=1 3 -3 -1 6 -6 -2
right_child=4 2 -4 -5 5 -7 -8
leaf_value=-0.043496256773999722 0.049880049883913417 0.029594372671217402 -0.06101195230323038 -0.097548561143468993 -0.05577391942208592 0.073390581414598699 0.10661006670290869
leaf_weight=11772.325732447207 157.80339389294386 6849.3085273951292 1651.1892940029502 4860.4831715971231 425.42541782557964 213.07213832437992 8436.3466559015214
leaf_count=86683 1791 35559 17616 71460 3650 2448 144714
internal_value=0.000435176 -0.0351869 0.0119893 -0.0592965 0.0973997 -0.0126233 0.105574
internal_weight=34366 25133.3 8500.5 16632.8 9232.65 638.498 8594.15
internal_count=363921 211318 53175 158143 152603 6098 146505
is_linear=0
shrinkage=0.1


Tree=22
num_leaves=8
num_cat=0
split_feature=10 0 24 2 18 8 16
split_gain=10436.1 2470.51 1799.46 996.992 180.109 143.348 122.559
threshold=1.0000000180025095e-35 1.0000000180025095e-35 1.0000000180025095e-35 1.0000000180025095e-35 1.0000000180025095e-35 1.0000000180025095e-35 1.0000000180025095e-35
decision_type=2 2 2 2 2 2 2
left_child=1 2 -1 5 -5 -2 -3
right_child=3 6 -4 4 -6 -7 -8
leaf_value=-0.040614587363088386 0.044503524071354633 -0.096043081984750367 0.025735348003749686 -0.037413683139937037 0.041900456632110186 0.10478672509703529 -0.029245901447810047
leaf_weight=11416.576889149845 417.56845358014107 5386.0586079210043 6366.0808317884803 574.00005189329386 569.25443125516176 7819.4545312821865 290.57516824454069
leaf_count=86204 2625 83431 32905 6255 4123 146191 2187
internal_value=0.000447934 -0.035199 -0.0168616 0.0895921 0.00208088 0.101736 -0.0926296
internal_weight=32839.6 23459.3 17782.7 9380.28 1143.25 8237.02 5676.63
internal_count=363921 204727 119109 159194 10378 148816 85618
is_linear=0
shrinkage=0.1


Tree=23
num_leaves=8
num_cat=0
split_feature=9 24 11 0 2 12 11
split_gain=9136.04 2108.3 1022.83 987.409 745.585 204.002 63.9019
threshold=1.0000000180025095e-35 1.0000000180025095e-35 1.0000000180025095e-35 1.0000000180025095e-35 1.0000000180025095e-35 1.0000000180025095e-35 1.0000000180025095e-35
decision_type=2 2 2 2 2 2 2
left_child=1 3 -3 -1 6 -6 -2
right_child=4 2 -4 -5 5 -7 -8
leaf_value=-0.037058302917259527 0.037870192739910699 -0.021418978404479247 0.049130039102752515 -0.094305045741745391 -0.085384552427780466 0.033959912396289045 0.10481643082530404
leaf_weight=11219.414849847555 147.02187742292881 4599.7032271139324 3713.083758674562 4119.6139233261347 233.58528687059879 366.85670435428619 7026.638480681926
leaf_count=86683 1791 28960 24215 71460 2379 3719 144714
internal_value=0.000452049 -0.0304604 0.0100954 -0.0524382 0.0944914 -0.0125325 0.10345
internal_weight=31425.9 23651.8 8312.79 15339 7774.1 600.442 7173.66
internal_count=363921 211318 53175 158143 152603 6098 146505
is_linear=0
shrinkage=0.1


Tree=24
num_leaves=8
num_cat=0
split_feature=10 0 12 2 8 17 16
split_gain=8032.56 2195.18 1660.99 844.326 150.567 129.709 113.902
threshold=1.0000000180025095e-35 1.0000000180025095e-35 1.0000000180025095e-35 1.0000000180025095e-35 1.0000000180025095e-35 1.0000000180025095e-35 1.0000000180025095e-35
decision_type=2 2 2 2 2 2 2
left_child=1 2 -1 4 -2 -5 -3
right_child=3 6 -4 5 -6 -7 -8
leaf_value=-0.045798772619312922 0.039771148540172996 -0.093119335643211482 0.016341718923682042 -0.028439535510645871 0.10278736218157339 0.040650273480479407 -0.028171861325845756
leaf_weight=8328.5760285183787 404.35086850821972 4649.4797085188329 8894.0434422194958 571.73288521170616 6522.1402673684061 516.05846235156059 287.80601768940687
leaf_count=70258 2625 83431 48851 6462 146191 3916 2187
internal_value=0.000465221 -0.0305633 -0.0137093 0.0862537 0.0991149 0.00434455 -0.0893399
internal_weight=30174.2 22159.9 17222.6 8014.28 6926.49 1087.79 4937.29
internal_count=363921 204727 119109 159194 148816 10378 85618
is_linear=0
shrinkage=0.1


end of trees

feature_importances:
V4_lt=_-0.03485080227255821=33
V10_lt=_-1.7765860557556152=14
V10_lt=_-1.408359408378601=13
V10_lt=_-1.7227753400802612=12
V12_lt=_-0.07579305022954941=12
V12_lt=_-0.24669199436903=11
V4_lt=_1.6730803847312927=10
V14_lt=_-0.641162782907486=10
V4_lt=_0.7563583552837372=8
V4_lt=_0.7131027281284332=7
V14_lt=_-1.812438189983368=7
V14_lt=_-2.7358014583587646=6
V4_lt=_1.5782626867294312=5
V14_lt=_-1.7687879800796509=5
V14_lt=_-1.4205476641654968=5
V4_lt=_0.38157644867897034=4
V10_lt=_-0.5482346713542938=3
V14_lt=_-1.8273465633392334=2
V14_lt=_-1.5627466440200806=2
V14_lt=_-0.6914466023445129=2
V4_lt=_0.7563397884368896=1
V4_lt=_1.6225031018257141=1
V14_lt=_-1.349036455154419=1
V14_lt=_-0.7145193219184875=1

parameters:
[boosting: gbdt]
[objective: binary]
[metric: binary_logloss]
[tree_learner: serial]
[device_type: cpu]
[data_sample_strategy: bagging]
[data: ]
[valid: ]
[num_iterations: 25]
[learning_rate: 0.1]
[num_leaves: 31]
[num_threads: 8]
[seed: 42]
[deterministic: 0]
[force_col_wise: 0]
[force_row_wise: 0]
[histogram_pool_size: -1]
[max_depth: 3]
[min_data_in_leaf: 20]
[min_sum_hessian_in_leaf: 0.001]
[bagging_fraction: 1]
[pos_bagging_fraction: 1]
[neg_bagging_fraction: 1]
[bagging_freq: 0]
[bagging_seed: 400]
[bagging_by_query: 0]
[feature_fraction: 1]
[feature_fraction_bynode: 1]
[feature_fraction_seed: 30056]
[extra_trees: 0]
[extra_seed: 12879]
[early_stopping_round: 0]
[early_stopping_min_delta: 0]
[first_metric_only: 0]
[max_delta_step: 0]
[lambda_l1: 0]
[lambda_l2: 1]
[linear_lambda: 0]
[min_gain_to_split: 0]
[drop_rate: 0.1]
[max_drop: 50]
[skip_drop: 0.5]
[xgboost_dart_mode: 0]
[uniform_drop: 0]
[drop_seed: 17869]
[top_rate: 0.2]
[other_rate: 0.1]
[min_data_per_group: 100]
[max_cat_threshold: 32]
[cat_l2: 10]
[cat_smooth: 10]
[max_cat_to_onehot: 4]
[top_k: 20]
[monotone_constraints: ]
[monotone_constraints_method: basic]
[monotone_penalty: 0]
[feature_contri: ]
[forcedsplits_filename: ]
[refit_decay_rate: 0.9]
[cegb_tradeoff: 1]
[cegb_penalty_split: 0]
[cegb_penalty_feature_lazy: ]
[cegb_penalty_feature_coupled: ]
[path_smooth: 0]
[interaction_constraints: ]
[verbosity: -1]
[saved_feature_importance_type: 0]
[use_quantized_grad: 0]
[num_grad_quant_bins: 4]
[quant_train_renew_leaf: 0]
[stochastic_rounding: 1]
[linear_tree: 0]
[max_bin: 255]
[max_bin_by_feature: ]
[min_data_in_bin: 3]
[bin_construct_sample_cnt: 200000]
[data_random_seed: 175]
[is_enable_sparse: 1]
[enable_bundle: 1]
[use_missing: 1]
[zero_as_missing: 0]
[feature_pre_filter: 1]
[pre_partition: 0]
[two_round: 0]
[header: 0]
[label_column: ]
[weight_column: ]
[group_column: ]
[ignore_column: ]
[categorical_feature: ]
[forcedbins_filename: ]
[precise_float_parser: 0]
[parser_config_file: ]
[objective_seed: 16083]
[num_class: 1]
[is_unbalance: 0]
[scale_pos_weight: 1]
[sigmoid: 1]
[boost_from_average: 1]
[reg_sqrt: 0]
[alpha: 0.9]
[fair_c: 1]
[poisson_max_delta_step: 0.7]
[tweedie_variance_power: 1.5]
[lambdarank_truncation_level: 30]
[lambdarank_norm: 1]
[label_gain: ]
[lambdarank_position_bias_regularization: 0]
[eval_at: ]
[multi_error_top_k: 1]
[auc_mu_weights: ]
[num_machines: 1]
[local_listen_port: 12400]
[time_out: 120]
[machine_list_filename: ]
[machines: ]
[gpu_platform_id: -1]
[gpu_device_id: -1]
[gpu_use_dp: 0]
[num_gpu: 1]

end of parameters

pandas_categorical:[]
