tree
version=v4
num_class=1
num_tree_per_iteration=1
label_index=0
max_feature_idx=58
objective=binary sigmoid:1
feature_names=V1_lt=_1.9643386602401733 V1_lt=_1.9693114161491394 V3_lt=_-0.8456895053386688 V3_lt=_-0.8150797784328461 V4_lt=_-0.45784682035446167 V4_lt=_-0.4557269364595413 V4_lt=_-0.18713511526584625 V4_lt=_-0.09944503754377365 V4_lt=_-0.07750282809138298 V4_lt=_0.05265863426029682 V4_lt=_0.16101506352424622 V4_lt=_0.43584872782230377 V4_lt=_0.5616213083267212 V4_lt=_0.7329509854316711 V4_lt=_0.7523619830608368 V4_lt=_0.7563583552837372 V4_lt=_1.5319359302520752 V4_lt=_1.574686348438263 V4_lt=_1.6579349040985107 V4_lt=_1.793218195438385 V4_lt=_1.7993766069412231 V7_lt=_0.6948569118976593 V7_lt=_2.128561854362488 V7_lt=_2.2519283294677734 V7_lt=_2.2863523960113525 V8_lt=_-0.5857284665107727 V8_lt=_-0.4571485072374344 V8_lt=_-0.11756034195423126 V8_lt=_0.24588628858327866 V10_lt=_-1.8405387997627258 V10_lt=_-1.702573299407959 V10_lt=_-1.3339875936508179 V10_lt=_0.5988569557666779 V10_lt=_0.6370030343532562 V10_lt=_0.6498734056949615 V10_lt=_0.651888370513916 V10_lt=_0.6864130198955536 V12_lt=_-1.4592942595481873 V12_lt=_-0.21973402053117752 V12_lt=_-0.21491257101297379 V12_lt=_-0.09154220670461655 V12_lt=_-0.08311179280281067 V14_lt=_-1.8273465633392334 V14_lt=_-1.8169454336166382 V14_lt=_-1.812438189983368 V14_lt=_-1.786939561367035 V14_lt=_-1.7585361003875732 V14_lt=_-1.5734373927116394 V14_lt=_-1.4366859793663025 V14_lt=_-1.4205476641654968 V14_lt=_-0.6934647560119629 V14_lt=_-0.663888156414032 V14_lt=_-0.6369412541389465 V14_lt=_-0.4301060438156128 V20_lt=_-0.8332254588603973 V26_lt=_-0.12887096405029297 Amount_lt=_-0.14890162646770477 Amount_lt=_0.714294821023941 V10_lt=_-3.774082899093628
feature_infos=[0:1] [0:1] [0:1] [0:1] [0:1] [0:1] [0:1] [0:1] [0:1] [0:1] [0:1] [0:1] [0:1] [0:1] [0:1] [0:1] [0:1] [0:1] [0:1] [0:1] [0:1] [0:1] [0:1] [0:1] [0:1] [0:1] [0:1] [0:1] [0:1] [0:1] [0:1] [0:1] [0:1] [0:1] [0:1] [0:1] [0:1] [0:1] [0:1] [0:1] [0:1] [0:1] [0:1] [0:1] [0:1] [0:1] [0:1] [0:1] [0:1] [0:1] [0:1] [0:1] [0:1] [0:1] [0:1] [0:1] [0:1] [0:1] [0:1]
tree_sizes=924 1029 1030 1034 1035 1032 1034 1040 1035 1033 1039 1037 1040 1028 1034 1029 1033 1037 1030 1037 1044 1040 1042 1042 1040

Tree=0
num_leaves=8
num_cat=0
split_feature=44 15 38 4 37 21 1
split_gain=263206 9858.31 8356.78 6196.26 2464.95 1219.39 33.5986
threshold=1.0000000180025095e-35 1.0000000180025095e-35 1.0000000180025095e-35 1.0000000180025095e-35 1.0000000180025095e-35 1.0000000180025095e-35 1.0000000180025095e-35
decision_type=2 2 2 2 2 2 2
left_child=1 2 -1 4 -2 -3 -5
right_child=3 5 -4 6 -6 -7 -8
leaf_value=-0.14828986974454758 0.11613807755613105 -0.14858601151554227 0.0037627075704095335 -0.12395338028571112 0.19946860469009864 -0.19361891981123971 -0.19362386000974516
leaf_weight=8913 3935 7752.5 6079.75 95 36729.25 27115.75 360
leaf_count=35652 15740 31010 24319 380 146917 108463 1440
internal_value=5.49691e-06 -0.154453 -0.0866345 0.187301 0.191408 -0.183611 -0.179381
internal_weight=90980.2 49861 14992.8 41119.2 40664.2 34868.2 455
internal_count=363921 199444 59971 164477 162657 139473 1820
is_linear=0
shrinkage=1


Tree=1
num_leaves=8
num_cat=0
split_feature=45 15 38 4 0 21 1
split_gain=215126 8065.28 6730.31 5353.19 2312.09 1014.53 27.1768
threshold=1.0000000180025095e-35 1.0000000180025095e-35 1.0000000180025095e-35 1.0000000180025095e-35 1.0000000180025095e-35 1.0000000180025095e-35 1.0000000180025095e-35
decision_type=2 2 2 2 2 2 2
left_child=1 2 -1 4 -2 -3 -5
right_child=3 5 -4 6 -6 -7 -8
leaf_value=-0.13435350038703772 -0.13529260083261138 -0.13479345375848104 0.0025094080049966362 -0.11459888451931058 0.17564228157911319 -0.17604389969049017 -0.1758964873873253
leaf_weight=8854.4836159497499 239.89784660935402 7691.469309926033 6046.2287373095751 99.589460492134094 40115.688024997711 26832.73513674736 376.24342161417007
leaf_count=35613 963 30936 24185 400 161965 108340 1519
internal_value=3.45174e-06 -0.140319 -0.0788225 0.169858 0.173791 -0.166858 -0.163334
internal_weight=90256.3 49424.9 14900.7 40831.4 40355.6 34524.2 475.833
internal_count=363921 199074 59798 164847 162928 139276 1919
is_linear=0
shrinkage=0.1


Tree=2
num_leaves=8
num_cat=0
split_feature=46 16 7 27 50 34 56
split_gain=178476 6996.68 4876.33 4285.21 2839.76 1866 766.655
threshold=1.0000000180025095e-35 1.0000000180025095e-35 1.0000000180025095e-35 1.0000000180025095e-35 1.0000000180025095e-35 1.0000000180025095e-35 1.0000000180025095e-35
decision_type=2 2 2 2 2 2 2
left_child=1 3 5 -1 -3 -2 -4
right_child=2 4 6 -5 -6 -7 -8
leaf_value=-0.10046572379035862 -0.2314577090064549 -0.155473646371598 0.031004439410835107 0.064772626421971305 -0.085257745069723723 0.16278896610747851 -0.16426563807393618
leaf_weight=3799.4568816125393 119.59342855215073 35077.300534069538 342.17551612854004 2672.6540672779083 6896.4350739121437 38999.234708547592 485.58971345424652
leaf_count=15372 489 144309 1405 10755 28274 161322 1995
internal_value=1.31061e-05 -0.129017 0.156495 -0.0322312 -0.143939 0.161578 -0.0836063
internal_weight=88392.4 48445.8 39946.6 6472.11 41973.7 39118.8 827.765
internal_count=363921 198710 165211 26127 172583 161811 3400
is_linear=0
shrinkage=0.1


Tree=3
num_leaves=8
num_cat=0
split_feature=44 14 52 30 19 21 4
split_gain=149583 6620.43 6268.29 3809.36 3257.99 960.643 240.694
threshold=1.0000000180025095e-35 1.0000000180025095e-35 1.0000000180025095e-35 1.0000000180025095e-35 1.0000000180025095e-35 1.0000000180025095e-35 1.0000000180025095e-35
decision_type=2 2 2 2 2 2 2
left_child=1 2 -1 4 -2 -3 -5
right_child=3 5 -4 6 -6 -7 -8
leaf_value=-0.098956264160574792 0.13922491541122886 -0.11202129976743563 0.055594435274805766 0.15773284943236196 -0.042343798682222454 -0.1530077426305235 -0.10485161399418859
leaf_weight=11251.117182508111 2103.1232350468636 7403.4789189696312 3421.745564609766 34390.444312393665 1862.7943293750286 25352.337446585298 34.304016381502151
leaf_count=46266 8907 30959 13907 147650 7775 108312 145
internal_value=3.59695e-05 -0.118742 -0.0629134 0.146776 0.0539528 -0.143748 0.157468
internal_weight=85819.3 47428.7 14672.9 38390.7 3965.92 32755.8 34424.7
internal_count=363921 199444 60173 164477 16682 139271 147795
is_linear=0
shrinkage=0.1


Tree=4
num_leaves=8
num_cat=0
split_feature=47 13 8 25 30 23 31
split_gain=126540 5367.71 5142.11 4946.83 1798.79 968.622 657.173
threshold=1.0000000180025095e-35 1.0000000180025095e-35 1.0000000180025095e-35 1.0000000180025095e-35 1.0000000180025095e-35 1.0000000180025095e-35 1.0000000180025095e-35
decision_type=2 2 2 2 2 2 2
left_child=1 3 4 -1 -2 -3 -4
right_child=2 5 6 -5 -6 -7 -8
leaf_value=-0.086121709539329822 0.076703666748370272 -0.0006939513090600582 -0.13743933014351017 0.082326795069373251 0.14934945115762252 -0.13863670812839554 0.033233784630251603
leaf_weight=12260.688040137291 3808.09324683249 517.74974153935909 712.17623223364353 2031.5311819463968 32753.539244160056 30313.164826005697 329.50726614892483
leaf_count=51095 16277 2226 3030 8271 147376 134257 1389
internal_value=6.44001e-05 -0.112837 0.135543 -0.0621739 0.141785 -0.13632 -0.0834716
internal_weight=82726.4 45123.1 37603.3 14292.2 36561.6 30830.9 1041.68
internal_count=363921 195849 168072 59366 163653 136483 4419
is_linear=0
shrinkage=0.1


Tree=5
num_leaves=8
num_cat=0
split_feature=44 11 40 37 20 22 32
split_gain=107607 5545.42 6031.93 3241.77 2642.58 589.751 249.561
threshold=1.0000000180025095e-35 1.0000000180025095e-35 1.0000000180025095e-35 1.0000000180025095e-35 1.0000000180025095e-35 1.0000000180025095e-35 1.0000000180025095e-35
decision_type=2 2 2 2 2 2 2
left_child=1 2 -1 4 -2 -3 -5
right_child=3 5 -4 6 -6 -7 -8
leaf_value=-0.11171045933802717 0.12828258644094856 -0.026442259593154077 0.0038910147271840828 -0.18363746578504053 -0.034632387546456034 -0.13501634231431378 0.14257737464132039
leaf_weight=10308.479204878211 1981.0418798029423 510.8384545147419 8028.7199850976467 22.65985681116581 1999.9726515263319 25537.423118263483 30920.388338431716
leaf_count=45379 8929 2206 33381 96 8529 118478 146923
internal_value=9.12488e-05 -0.103231 -0.0610983 0.131404 0.0464496 -0.132888 0.142333
internal_weight=79309.5 44385.5 18337.2 34924.1 3981.01 26048.3 30943
internal_count=363921 199444 78760 164477 17458 120684 147019
is_linear=0
shrinkage=0.1


Tree=6
num_leaves=8
num_cat=0
split_feature=49 8 14 25 35 57 2
split_gain=92523.9 5325.27 4200.72 3818.81 1862.62 994.074 568.768
threshold=1.0000000180025095e-35 1.0000000180025095e-35 1.0000000180025095e-35 1.0000000180025095e-35 1.0000000180025095e-35 1.0000000180025095e-35 1.0000000180025095e-35
decision_type=2 2 2 2 2 2 2
left_child=2 4 3 -1 -2 -4 -3
right_child=1 6 5 -5 -6 -7 -8
leaf_value=-0.077177011815934102 -0.19893900873220022 -0.14658445205497891 -0.060068355432843196 0.074891200371093827 0.12985783576077811 -0.12911943201221607 -0.010032282166490358
leaf_weight=11428.933387309313 172.34592980146408 663.23489411175251 2273.4361115396023 1929.4643262773752 33196.49745477736 25480.751729115844 564.33507861196995
leaf_count=49354 705 3029 10744 7868 165158 124594 2469
internal_value=0.000119767 0.120628 -0.101289 -0.0552086 0.128154 -0.123466 -0.0838683
internal_weight=75709 34596.4 41112.6 13358.4 33368.8 27754.2 1227.57
internal_count=363921 171361 192560 57222 165863 135338 5498
is_linear=0
shrinkage=0.1


Tree=7
num_leaves=8
num_cat=0
split_feature=48 37 14 53 19 57 32
split_gain=79306.5 4678.99 4004.91 3828.98 2795.33 937.234 250.736
threshold=1.0000000180025095e-35 1.0000000180025095e-35 1.0000000180025095e-35 1.0000000180025095e-35 1.0000000180025095e-35 1.0000000180025095e-35 1.0000000180025095e-35
decision_type=2 2 2 2 2 2 2
left_child=2 4 3 -1 -2 -4 -3
right_child=1 6 5 -5 -6 -7 -8
leaf_value=-0.082520394107337525 0.1172772071074405 -0.15845020265225174 -0.055535533682785326 0.039628196707954401 -0.033522619353300545 -0.12344366607650502 0.13221508235066329
leaf_weight=9685.9321877658367 2065.8091761171818 28.916228532791138 2222.2688498198986 3490.4979086667299 3032.4187499582767 24083.83034285903 27464.739630773664
leaf_count=42632 10038 130 10755 14747 13361 124805 147453
internal_value=0.000135253 0.115588 -0.0951687 -0.0501621 0.0275927 -0.117709 0.131904
internal_weight=72074.4 32591.9 39482.5 13176.4 5098.23 26306.1 27493.7
internal_count=363921 170982 192939 57379 23399 135560 147583
is_linear=0
shrinkage=0.1


Tree=8
num_leaves=8
num_cat=0
split_feature=49 37 17 27 19 53 32
split_gain=68246.4 4467.6 3779.84 3015.93 2410.17 1948.51 220.547
threshold=1.0000000180025095e-35 1.0000000180025095e-35 1.0000000180025095e-35 1.0000000180025095e-35 1.0000000180025095e-35 1.0000000180025095e-35 1.0000000180025095e-35
decision_type=2 2 2 2 2 2 2
left_child=2 4 3 -1 -2 -4 -3
right_child=1 6 5 -5 -6 -7 -8
leaf_value=-0.078304656000447642 0.11107041915666555 -0.1496660444417304 -0.11699683028884006 0.070611850704061341 -0.030119453992403913 -0.059487659396986664 0.12806776798200037
leaf_weight=3130.3986460864544 1983.9914188832045 27.835999995470047 24401.28483016789 2403.145207747817 3092.1010385453701 7771.2640434503555 25620.955103591084
leaf_count=13856 10097 131 129415 9854 13656 39435 147477
internal_value=0.000168875 0.110797 -0.0899774 -0.0136311 0.0250756 -0.103108 0.127761
internal_weight=68431 30724.9 37706.1 5533.54 5076.09 32172.5 25648.8
internal_count=363921 171361 192560 23710 23753 168850 147608
is_linear=0
shrinkage=0.1


Tree=9
num_leaves=8
num_cat=0
split_feature=42 11 40 29 20 22 5
split_gain=58860 4660.43 4951.7 2782.26 1731.1 585.264 124.802
threshold=1.0000000180025095e-35 1.0000000180025095e-35 1.0000000180025095e-35 1.0000000180025095e-35 1.0000000180025095e-35 1.0000000180025095e-35 1.0000000180025095e-35
decision_type=2 2 2 2 2 2 2
left_child=1 2 -1 4 -2 -3 -5
right_child=3 5 -4 6 -6 -7 -8
leaf_value=-0.09156973003323296 0.10185040717156334 -0.0019127254756170114 0.017687014469581788 0.12469797299314891 -0.039371782859769749 -0.11476620615603737 -0.084295121499479042
leaf_weight=9033.3767222911119 1673.1289297193289 470.12755116820335 7669.3234041333199 23719.689749151468 1801.7583159506321 20466.99587097764 27.963011428713799
leaf_count=45418 9408 2211 33449 146817 7888 118605 125
internal_value=0.000207632 -0.0808044 -0.0414046 0.11222 0.0286353 -0.112232 0.124448
internal_weight=64862.4 37639.8 16702.7 27222.5 3474.89 20937.1 23747.7
internal_count=363921 199683 78867 164238 17296 120816 146942
is_linear=0
shrinkage=0.1


Tree=10
num_leaves=8
num_cat=0
split_feature=49 37 9 41 19 22 32
split_gain=51285.9 3832.83 3596.57 4409.2 1768.78 424.247 185.977
threshold=1.0000000180025095e-35 1.0000000180025095e-35 1.0000000180025095e-35 1.0000000180025095e-35 1.0000000180025095e-35 1.0000000180025095e-35 1.0000000180025095e-35
decision_type=2 2 2 2 2 2 2
left_child=2 4 3 -1 -2 -4 -3
right_child=1 6 5 -5 -6 -7 -8
leaf_value=-0.09341892792107899 0.10172945105996067 -0.14218102415067399 -0.011485584645716657 0.0025188740188720202 -0.023375366502600109 -0.12034450498865266 0.12154529468716367
leaf_weight=11209.615319654346 1794.7146428674459 25.983739987015724 367.29095113277435 8364.9091800302267 3048.2308637797832 14508.943219348788 22076.780908346176
leaf_count=62054 10097 131 1735 38630 13656 90141 147477
internal_value=0.000234228 0.103575 -0.0805948 -0.0524232 0.0229978 -0.117658 0.121229
internal_weight=61396.5 26945.7 34450.8 19574.5 4842.95 14876.2 22102.8
internal_count=363921 171361 192560 100684 23753 91876 147608
is_linear=0
shrinkage=0.1


Tree=11
num_leaves=8
num_cat=0
split_feature=49 29 9 53 20 22 5
split_gain=44395.7 3698.78 3453.83 4053.83 1582.23 404.961 199.182
threshold=1.0000000180025095e-35 1.0000000180025095e-35 1.0000000180025095e-35 1.0000000180025095e-35 1.0000000180025095e-35 1.0000000180025095e-35 1.0000000180025095e-35
decision_type=2 2 2 2 2 2 2
left_child=2 4 3 -1 -2 -4 -3
right_child=1 6 5 -5 -6 -7 -8
leaf_value=-0.075926425713833623 0.094005832627080843 0.11904533959855101 -0.010389141134336977 0.029303129079084209 -0.02519215006669568 -0.11707608002146784 -0.099035185656114619
leaf_weight=14104.350898042321 1801.0965469181538 20418.076712474227 365.64480236172676 4943.5095118582249 2914.0221364200115 13475.831995993853 41.264078184962273
leaf_count=76513 10769 147243 1735 24171 13152 90141 197
internal_value=0.000256251 0.1002 -0.0762444 -0.048616 0.0203498 -0.114259 0.118601
internal_weight=58063.8 25174.5 32889.3 19047.9 4715.12 13841.5 20459.3
internal_count=363921 171361 192560 100684 23921 91876 147440
is_linear=0
shrinkage=0.1


Tree=12
num_leaves=8
num_cat=0
split_feature=49 29 12 28 33 57 5
split_gain=38436.9 3523.43 3355.4 3382.39 1491.07 888.063 177.206
threshold=1.0000000180025095e-35 1.0000000180025095e-35 1.0000000180025095e-35 1.0000000180025095e-35 1.0000000180025095e-35 1.0000000180025095e-35 1.0000000180025095e-35
decision_type=2 2 2 2 2 2 2
left_child=2 4 3 -1 -2 -4 -3
right_child=1 6 5 -5 -6 -7 -8
leaf_value=-0.12310340471446879 -0.15865355461819364 0.11667983098876036 -0.029994857644817741 -0.0058748883357159047 0.036967531510054656 -0.10721704917085846 -0.092796231071484686
leaf_weight=3243.3553663641214 428.58574414253235 18830.304203942418 1639.2023256868124 10197.410179898143 4190.5593863129616 16378.422080859542 39.780092179775238
leaf_count=16919 2087 147243 9780 49834 21834 116027 197
internal_value=0.000283698 0.0970721 -0.0719867 -0.03417 0.0187865 -0.100194 0.116233
internal_weight=54947.6 23489.2 31458.4 13440.8 4619.15 18017.6 18870.1
internal_count=363921 171361 192560 66753 23921 125807 147440
is_linear=0
shrinkage=0.1


Tree=13
num_leaves=8
num_cat=0
split_feature=29 51 6 54 5 40 58
split_gain=33581.7 5312.49 3979.19 2523.93 1472.91 205.02 23.5033
threshold=1.0000000180025095e-35 1.0000000180025095e-35 1.0000000180025095e-35 1.0000000180025095e-35 1.0000000180025095e-35 1.0000000180025095e-35 1.0000000180025095e-35
decision_type=2 2 2 2 2 2 2
left_child=1 3 -3 -1 5 -2 -6
right_child=4 2 -4 -5 6 -7 -8
leaf_value=-0.089670408169300331 0.024810933477185531 0.041826293241027081 -0.10500072422317411 0.075560968020013969 -0.12220701516290133 0.11560567242706102 0.024345185103681458
leaf_weight=23348.251735910773 252.92054427415133 7233.8526126146317 2476.9889559447765 961.85329373925924 269.38511133939028 17475.665034547448 11.08858500421047
leaf_count=154664 1717 37018 15836 5378 1916 147331 61
internal_value=0.00029572 -0.0581556 0.0043675 -0.08313 0.110713 0.114312 -0.116347
internal_weight=52030 34020.9 9710.84 24310.1 18009.1 17728.6 280.474
internal_count=363921 212896 52854 160042 151025 149048 1977
is_linear=0
shrinkage=0.1


Tree=14
num_leaves=8
num_cat=0
split_feature=29 50 6 26 5 38 58
split_gain=29361.8 4639.11 3267.11 2274 1307.49 208.364 21.9973
threshold=1.0000000180025095e-35 1.0000000180025095e-35 1.0000000180025095e-35 1.0000000180025095e-35 1.0000000180025095e-35 1.0000000180025095e-35 1.0000000180025095e-35
decision_type=2 2 2 2 2 2 2
left_child=1 3 -3 -1 5 -2 -6
right_child=4 2 -4 -5 6 -7 -8
leaf_value=-0.090210767447168494 0.029799245841691607 0.038563353333753936 -0.10014189189014154 0.0036881734873467058 -0.11966900616966239 0.11380214434621715 0.021947337150051857
leaf_weight=20459.756896950305 301.67788381874561 7049.6425575762987 2235.9305717721581 2951.0115477368236 248.67255432903767 16019.937647677958 11.174530968070028
leaf_count=144332 2087 36050 15074 17440 1916 146961 61
internal_value=0.000316945 -0.054653 0.00515647 -0.0783748 0.108707 0.112251 -0.113518
internal_weight=49277.8 32696.3 9285.57 23410.8 16581.5 16321.6 259.847
internal_count=363921 212896 51124 161772 151025 149048 1977
is_linear=0
shrinkage=0.1


Tree=15
num_leaves=8
num_cat=0
split_feature=29 9 53 6 31 38 42
split_gain=25704 4472.81 4082.53 1180.58 468.063 142.523 116.891
threshold=1.0000000180025095e-35 1.0000000180025095e-35 1.0000000180025095e-35 1.0000000180025095e-35 1.0000000180025095e-35 1.0000000180025095e-35 1.0000000180025095e-35
decision_type=2 2 2 2 2 2 2
left_child=1 2 -1 5 -3 -2 -5
right_child=3 4 -4 6 -6 -7 -8
leaf_value=-0.0602715000099514 0.038831984815464467 -0.1069378399756727 0.031564110452445636 -0.11458745347432485 -0.026781530900539988 0.11232556601185258 0.024012867894217794
leaf_weight=11904.235935166478 270.07167291641235 10593.982419975102 8156.7399305701256 247.47278665751219 783.13481024652719 14650.833656542003 80.176871329545975
leaf_count=75577 1921 89375 42407 2033 5537 146601 470
internal_value=0.000336699 -0.0513393 -0.0229317 0.106874 -0.101423 0.110998 -0.0807017
internal_weight=46686.6 31438.1 20061 15248.6 11377.1 14920.9 327.65
internal_count=363921 212896 117984 151025 94912 148522 2503
is_linear=0
shrinkage=0.1


Tree=16
num_leaves=8
num_cat=0
split_feature=29 18 55 28 7 42 38
split_gain=22528.9 4242.55 2472.57 1919.9 1055.7 128.636 124.311
threshold=1.0000000180025095e-35 1.0000000180025095e-35 1.0000000180025095e-35 1.0000000180025095e-35 1.0000000180025095e-35 1.0000000180025095e-35 1.0000000180025095e-35
decision_type=2 2 2 2 2 2 2
left_child=1 3 -3 -1 6 -6 -2
right_child=4 2 -4 -5 5 -7 -8
leaf_value=-0.077035988173078732 0.040746793673422384 -0.09946080854935202 -0.035610656260958239 0.057995214747439232 -0.10945935155403073 0.025813225069351936 0.11084142766324277
leaf_weight=1362.7134219259024 259.41243848204613 11847.578119590878 12428.366903096437 4620.550503179431 237.27259510755539 99.249593250453472 13410.080249123275
leaf_count=7825 1880 95365 85241 24465 2084 594 146467
internal_value=0.000350303 -0.0481859 -0.0667748 0.0272336 0.105206 -0.0696055 0.109514
internal_weight=44265.2 30259.2 24275.9 5983.26 14006 336.522 13669.5
internal_count=363921 212896 180606 32290 151025 2678 148347
is_linear=0
shrinkage=0.1


Tree=17
num_leaves=8
num_cat=0
split_feature=29 8 41 10 31 40 22
split_gain=19739.1 4042.03 3841.03 948.647 471.088 174.731 148.736
threshold=1.0000000180025095e-35 1.0000000180025095e-35 1.0000000180025095e-35 1.0000000180025095e-35 1.0000000180025095e-35 1.0000000180025095e-35 1.0000000180025095e-35
decision_type=2 2 2 2 2 2 2
left_child=1 2 -1 6 -3 -5 -2
right_child=3 4 -4 5 -6 -7 -8
leaf_value=-0.061081921091270523 -0.044826245068417633 -0.10629570198453993 0.026652771382177965 -0.11982771561866884 -0.020929460165781875 0.014228097264773735 0.10923019560075585
leaf_weight=10602.585831776261 62.488545030355453 8517.2524095922709 9425.0520201027393 186.09632102400064 700.12926863133907 202.03211483359337 12402.903998687863
leaf_count=73703 299 82234 51681 1686 5278 1602 147438
internal_value=0.000378139 -0.0450176 -0.0197945 0.10366 -0.0998145 -0.0501905 0.108454
internal_weight=42098.5 29245 20027.6 12853.5 9217.38 388.128 12465.4
internal_count=363921 212896 125384 151025 87512 3288 147737
is_linear=0
shrinkage=0.1


Tree=18
num_leaves=8
num_cat=0
split_feature=29 6 53 5 22 37 58
split_gain=17317.1 3754.04 3757.01 866.013 434.432 225.349 21.9131
threshold=1.0000000180025095e-35 1.0000000180025095e-35 1.0000000180025095e-35 1.0000000180025095e-35 1.0000000180025095e-35 1.0000000180025095e-35 1.0000000180025095e-35
decision_type=2 2 2 2 2 2 2
left_child=1 2 -1 5 -3 -2 -5
right_child=3 4 -4 6 -6 -7 -8
leaf_value=-0.055299476405896941 0.045615780695495718 0.021261449994979455 0.031975797817274963 -0.11369074613883588 -0.10491592658300929 0.10896480906187644 0.034240387678102058
leaf_weight=11961.375442363322 593.83230873197317 282.64734318107367 8392.3046195879579 185.75957212597132 7647.9210363849998 10999.597759783268 10.151639610528944
leaf_count=85902 4818 1664 45512 1916 79818 144230 61
internal_value=0.00038347 -0.042057 -0.019314 0.102199 -0.100417 0.105724 -0.10589
internal_weight=40073.6 28284.2 20353.7 11789.3 7930.57 11593.4 195.911
internal_count=363921 212896 131414 151025 81482 149048 1977
is_linear=0
shrinkage=0.1


Tree=19
num_leaves=8
num_cat=0
split_feature=29 28 6 11 20 38 22
split_gain=15213.7 3645.51 3628.11 812.855 292.638 223.296 155.359
threshold=1.0000000180025095e-35 1.0000000180025095e-35 1.0000000180025095e-35 1.0000000180025095e-35 1.0000000180025095e-35 1.0000000180025095e-35 1.0000000180025095e-35
decision_type=2 2 2 2 2 2 2
left_child=1 4 -3 6 -1 -5 -2
right_child=3 2 -4 5 -6 -7 -8
leaf_value=-0.06176725576658753 -0.065964839023879743 0.003816474030698245 -0.092711977450350674 -0.11444191563691859 -0.11759792799060072 0.030343518117853518 0.10725387926337403
leaf_weight=1160.7055358886719 51.420010134577751 16020.011510103941 5143.0325641930103 190.30731806904078 4994.0110957846045 239.62028433382511 10326.987309902906
leaf_count=7087 245 102279 55722 1869 47808 2303 146608
internal_value=0.000386563 -0.0393476 -0.0196451 0.100808 -0.107081 -0.0338626 0.106389
internal_weight=38126.1 27317.8 21163 10808.3 6154.72 429.928 10378.4
internal_count=363921 212896 158001 151025 54895 4172 146853
is_linear=0
shrinkage=0.1


Tree=20
num_leaves=8
num_cat=0
split_feature=18 53 57 32 4 38 27
split_gain=13542.1 3300.42 2597.58 2567.59 2330.97 796.941 375.821
threshold=1.0000000180025095e-35 1.0000000180025095e-35 1.0000000180025095e-35 1.0000000180025095e-35 1.0000000180025095e-35 1.0000000180025095e-35 1.0000000180025095e-35
decision_type=2 2 2 2 2 2 2
left_child=3 2 -2 6 -3 -5 -1
right_child=1 4 -4 5 -6 -7 -8
leaf_value=-0.063916260270286782 0.040307659400596579 0.024674281073222382 -0.097053555611649481 0.025154543435438128 -0.10307817602088117 0.10239440685709059 0.019673183570962847
leaf_weight=1161.536509335041 1561.0170077010989 6950.0668284371495 11627.901359498501 1524.5117186307907 1796.5790417045355 10834.940970517695 1000.3235191106796
leaf_count=6677 11493 45312 118948 9559 19610 147947 4375
internal_value=0.000380274 -0.0492075 -0.0807939 0.0752847 -0.00157512 0.0928698 -0.025247
internal_weight=36456.9 21935.6 13188.9 14521.3 8746.65 12359.5 2161.86
internal_count=363921 195363 130441 168558 64922 157506 11052
is_linear=0
shrinkage=0.1


Tree=21
num_leaves=8
num_cat=0
split_feature=30 28 6 15 20 23 22
split_gain=11956.1 3223.28 3103.02 795.356 274.977 213.389 109.544
threshold=1.0000000180025095e-35 1.0000000180025095e-35 1.0000000180025095e-35 1.0000000180025095e-35 1.0000000180025095e-35 1.0000000180025095e-35 1.0000000180025095e-35
decision_type=2 2 2 2 2 2 2
left_child=1 4 -3 6 -1 -5 -2
right_child=3 2 -4 5 -6 -7 -8
leaf_value=-0.059268475535547184 -0.032189303486367463 0.0042410796072899527 -0.090764916462145961 0.097242751378728814 -0.1152310567331144 -0.042763453623610365 0.10538420460847292
leaf_weight=1107.2210640385747 57.850396879017353 15524.98179949075 4414.5589277744293 138.77636663615704 4306.6317077428102 491.35813895240426 8708.8935735486448
leaf_count=6981 275 101414 55174 753 47428 5683 146213
internal_value=0.000332124 -0.0353779 -0.0167965 0.0966738 -0.103799 -0.0118243 0.104473
internal_weight=34750.3 25353.4 19939.5 9396.88 5413.85 630.135 8766.74
internal_count=363921 210997 156588 152924 54409 6436 146488
is_linear=0
shrinkage=0.1


Tree=22
num_leaves=8
num_cat=0
split_feature=50 37 26 28 21 55 32
split_gain=10623.4 3480.76 2347.09 1980.17 1438.33 980.411 211.305
threshold=1.0000000180025095e-35 1.0000000180025095e-35 1.0000000180025095e-35 1.0000000180025095e-35 1.0000000180025095e-35 1.0000000180025095e-35 1.0000000180025095e-35
decision_type=2 2 2 2 2 2 2
left_child=2 3 4 -2 -1 -4 -3
right_child=1 6 5 -5 -6 -7 -8
leaf_value=-0.0077485215923513186 -0.10810133772559674 -0.13922683457652343 -0.029744991817637536 0.031977771348823174 -0.086135177671646579 0.090881294764009565 0.10457230928464514
leaf_weight=2934.8950277417898 1190.1515750959516 34.885225724428892 1329.5527469366789 6603.8904947862029 11568.062880940735 1364.3233439661562 8300.9646912738681
leaf_count=25161 9103 296 10160 41169 120603 8722 148707
internal_value=0.000325764 0.0586207 -0.0543526 0.0105765 -0.0702741 0.0313577 0.103535
internal_weight=33326.7 16129.9 17196.8 7794.04 14503 2693.88 8335.85
internal_count=363921 199275 164646 50272 145764 18882 149003
is_linear=0
shrinkage=0.1


Tree=23
num_leaves=8
num_cat=0
split_feature=19 53 57 33 4 24 38
split_gain=9641.17 2585.65 2202.1 2017.26 1801.35 432.304 304.426
threshold=1.0000000180025095e-35 1.0000000180025095e-35 1.0000000180025095e-35 1.0000000180025095e-35 1.0000000180025095e-35 1.0000000180025095e-35 1.0000000180025095e-35
decision_type=2 2 2 2 2 2 2
left_child=3 2 -2 6 -3 -5 -1
right_child=1 4 -4 5 -6 -7 -8
leaf_value=-0.072971176778099542 0.03697595968889094 0.021397309570599939 -0.089407247224035188 -0.13114851683242287 -0.099041935558139546 0.093329058669561635 0.0094397072251451702
leaf_weight=700.08605897426605 1597.0454469993711 7071.3796667158604 10058.831406962126 85.730804353952408 1505.3201298974454 9630.8297682292759 1242.3560757637024
leaf_count=4595 11765 48266 119947 389 19610 153547 5802
internal_value=0.000311712 -0.0414258 -0.072089 0.0727386 0.000249605 0.0913352 -0.0202847
internal_weight=31891.6 20232.6 11655.9 11659 8576.7 9716.56 1942.44
internal_count=363921 199588 131712 164333 67876 153936 10397
is_linear=0
shrinkage=0.1


Tree=24
num_leaves=8
num_cat=0
split_feature=29 28 5 12 20 37 22
split_gain=8332.72 2783.98 2459.5 635.973 300.799 239.711 136.124
threshold=1.0000000180025095e-35 1.0000000180025095e-35 1.0000000180025095e-35 1.0000000180025095e-35 1.0000000180025095e-35 1.0000000180025095e-35 1.0000000180025095e-35
decision_type=2 2 2 2 2 2 2
left_child=1 4 -3 6 -1 -5 -2
right_child=3 2 -4 5 -6 -7 -8
leaf_value=-0.051375103511490154 -0.063390738324728912 0.0045579849096411195 -0.092888912339559995 -0.084851003279235684 -0.11214633328157292 0.073485270242764272 0.10320973826648711
leaf_weight=1059.8352072387934 48.785332560539246 15689.988123286515 3101.1511746942997 257.918167963624 3555.1887651123106 150.66903114318848 6700.7808139175177
leaf_count=7087 234 111402 46599 2541 47808 2125 146125
internal_value=0.000253846 -0.0286216 -0.011528 0.0946633 -0.0982044 -0.0264267 0.101996
internal_weight=30564.3 23406.2 18791.1 7158.15 4615.02 408.587 6749.57
internal_count=363921 212896 158001 151025 54895 4666 146359
is_linear=0
shrinkage=0.1


end of trees

feature_importances:
V10_lt=_-1.8405387997627258=11
V7_lt=_2.128561854362488=9
V12_lt=_-1.4592942595481873=8
V12_lt=_-0.21973402053117752=8
V4_lt=_-0.4557269364595413=7
V14_lt=_-0.4301060438156128=7
V4_lt=_-0.18713511526584625=6
V4_lt=_1.7993766069412231=6
V8_lt=_0.24588628858327866=6
V10_lt=_0.5988569557666779=6
V4_lt=_-0.45784682035446167=5
V4_lt=_1.793218195438385=5
V14_lt=_-1.4205476641654968=5
Amount_lt=_0.714294821023941=5
V7_lt=_0.6948569118976593=4
V12_lt=_-0.09154220670461655=4
V4_lt=_-0.07750282809138298=3
V4_lt=_0.05265863426029682=3
V4_lt=_0.43584872782230377=3
V4_lt=_0.7523619830608368=3
V4_lt=_0.7563583552837372=3
V8_lt=_-0.11756034195423126=3
V10_lt=_-1.702573299407959=3
V10_lt=_-1.3339875936508179=3
V14_lt=_-1.8273465633392334=3
V14_lt=_-1.812438189983368=3
V14_lt=_-0.6934647560119629=3
V10_lt=_-3.774082899093628=3
V1_lt=_1.9693114161491394=2
V4_lt=_-0.09944503754377365=2
V4_lt=_0.5616213083267212=2
V4_lt=_1.6579349040985107=2
V7_lt=_2.2519283294677734=2
V8_lt=_-0.5857284665107727=2
V8_lt=_-0.4571485072374344=2
V10_lt=_0.6370030343532562=2
V12_lt=_-0.08311179280281067=2
V26_lt=_-0.12887096405029297=2
V1_lt=_1.9643386602401733=1
V3_lt=_-0.8456895053386688=1
V4_lt=_0.16101506352424622=1
V4_lt=_0.7329509854316711=1
V4_lt=_1.5319359302520752=1
V4_lt=_1.574686348438263=1
V7_lt=_2.2863523960113525=1
V10_lt=_0.6498734056949615=1
V10_lt=_0.651888370513916=1
V14_lt=_-1.786939561367035=1
V14_lt=_-1.7585361003875732=1
V14_lt=_-1.5734373927116394=1
V14_lt=_-1.4366859793663025=1
V14_lt=_-0.663888156414032=1
V14_lt=_-0.6369412541389465=1
V20_lt=_-0.8332254588603973=1
Amount_lt=_-0.14890162646770477=1

parameters:
[boosting: gbdt]
[objective: binary]
[metric: binary_logloss]
[tree_learner: serial]
[device_type: cpu]
[data_sample_strategy: bagging]
[data: ]
[valid: ]
[num_iterations: 25]
[learning_rate: 0.1]
[num_leaves: 31]
[num_threads: 8]
[seed: 42]
[deterministic: 0]
[force_col_wise: 0]
[force_row_wise: 0]
[histogram_pool_size: -1]
[max_depth: 3]
[min_data_in_leaf: 20]
[min_sum_hessian_in_leaf: 0.001]
[bagging_fraction: 1]
[pos_bagging_fraction: 1]
[neg_bagging_fraction: 1]
[bagging_freq: 0]
[bagging_seed: 400]
[bagging_by_query: 0]
[feature_fraction: 1]
[feature_fraction_bynode: 1]
[feature_fraction_seed: 30056]
[extra_trees: 0]
[extra_seed: 12879]
[early_stopping_round: 0]
[early_stopping_min_delta: 0]
[first_metric_only: 0]
[max_delta_step: 0]
[lambda_l1: 0]
[lambda_l2: 1]
[linear_lambda: 0]
[min_gain_to_split: 0]
[drop_rate: 0.1]
[max_drop: 50]
[skip_drop: 0.5]
[xgboost_dart_mode: 0]
[uniform_drop: 0]
[drop_seed: 17869]
[top_rate: 0.2]
[other_rate: 0.1]
[min_data_per_group: 100]
[max_cat_threshold: 32]
[cat_l2: 10]
[cat_smooth: 10]
[max_cat_to_onehot: 4]
[top_k: 20]
[monotone_constraints: ]
[monotone_constraints_method: basic]
[monotone_penalty: 0]
[feature_contri: ]
[forcedsplits_filename: ]
[refit_decay_rate: 0.9]
[cegb_tradeoff: 1]
[cegb_penalty_split: 0]
[cegb_penalty_feature_lazy: ]
[cegb_penalty_feature_coupled: ]
[path_smooth: 0]
[interaction_constraints: ]
[verbosity: -1]
[saved_feature_importance_type: 0]
[use_quantized_grad: 0]
[num_grad_quant_bins: 4]
[quant_train_renew_leaf: 0]
[stochastic_rounding: 1]
[linear_tree: 0]
[max_bin: 255]
[max_bin_by_feature: ]
[min_data_in_bin: 3]
[bin_construct_sample_cnt: 200000]
[data_random_seed: 175]
[is_enable_sparse: 1]
[enable_bundle: 1]
[use_missing: 1]
[zero_as_missing: 0]
[feature_pre_filter: 1]
[pre_partition: 0]
[two_round: 0]
[header: 0]
[label_column: ]
[weight_column: ]
[group_column: ]
[ignore_column: ]
[categorical_feature: ]
[forcedbins_filename: ]
[precise_float_parser: 0]
[parser_config_file: ]
[objective_seed: 16083]
[num_class: 1]
[is_unbalance: 0]
[scale_pos_weight: 1]
[sigmoid: 1]
[boost_from_average: 1]
[reg_sqrt: 0]
[alpha: 0.9]
[fair_c: 1]
[poisson_max_delta_step: 0.7]
[tweedie_variance_power: 1.5]
[lambdarank_truncation_level: 30]
[lambdarank_norm: 1]
[label_gain: ]
[lambdarank_position_bias_regularization: 0]
[eval_at: ]
[multi_error_top_k: 1]
[auc_mu_weights: ]
[num_machines: 1]
[local_listen_port: 12400]
[time_out: 120]
[machine_list_filename: ]
[machines: ]
[gpu_platform_id: -1]
[gpu_device_id: -1]
[gpu_use_dp: 0]
[num_gpu: 1]

end of parameters

pandas_categorical:[]
