tree
version=v4
num_class=1
num_tree_per_iteration=1
label_index=0
max_feature_idx=14
objective=binary sigmoid:1
feature_names=ExternalRiskEstimate_lt=_67.5 ExternalRiskEstimate_lt=_70.5 ExternalRiskEstimate_lt=_73.5 ExternalRiskEstimate_lt=_74.5 ExternalRiskEstimate_lt=_75.5 ExternalRiskEstimate_lt=_78.5 ExternalRiskEstimate_lt=_81.5 AverageMInFile_lt=_49.5 AverageMInFile_lt=_63.5 MSinceMostRecentInqexcl7days_lt=_-7.5 MSinceMostRecentInqexcl7days_lt=_0.5 MSinceMostRecentInqexcl7days_lt=_1.5 PercentTradesWBalance_lt=_43.5 PercentTradesWBalance_lt=_73.5 NetFractionRevolvingBurden_lt=_57.5
feature_infos=[0:1] [0:1] [0:1] [0:1] [0:1] [0:1] [0:1] [0:1] [0:1] [0:1] [0:1] [0:1] [0:1] [0:1] [0:1]
tree_sizes=1009 1011 1013 1020 1020 1010 1015 1012 1014 1016 1017 1014 1019 1014 1015 1009 1008 1020 1017 1016 1012 1016 1012 910 1012

Tree=0
num_leaves=8
num_cat=0
split_feature=3 0 12 6 10 10 7
split_gain=1324.43 138.635 98.6751 86.442 70.4804 46.3829 13.4548
threshold=1.0000000180025095e-35 1.0000000180025095e-35 1.0000000180025095e-35 1.0000000180025095e-35 1.0000000180025095e-35 1.0000000180025095e-35 1.0000000180025095e-35
decision_type=2 2 2 2 2 2 2
left_child=3 4 -3 6 -2 -5 -1
right_child=1 2 -4 5 -6 -7 -8
leaf_value=0.048662047739574887 -0.046806475511535738 -0.19176436018576004 -0.10288885448671771 0.02689593302238491 -0.13167318015720481 -0.046157934878959556 -0.066953331114358153
leaf_weight=399.23043251037598 136.98594215512276 665.46722719073296 154.20275455713272 133.49267587065697 336.10212036967278 251.51517248153687 10.729317873716353
leaf_count=1600 549 2667 618 535 1347 1008 43
internal_value=-0.0877819 -0.150226 -0.175083 0.0137139 -0.107065 -0.0205967 0.0456942
internal_weight=2087.73 1292.76 819.67 794.968 473.088 385.008 409.96
internal_count=8367 5181 3285 3186 1896 1543 1643
is_linear=0
shrinkage=1


Tree=1
num_leaves=8
num_cat=0
split_feature=2 13 5 0 10 1 7
split_gain=1075.41 97.9856 97.5068 42.8571 39.2749 34.8262 33.3575
threshold=1.0000000180025095e-35 1.0000000180025095e-35 1.0000000180025095e-35 1.0000000180025095e-35 1.0000000180025095e-35 1.0000000180025095e-35 1.0000000180025095e-35
decision_type=2 2 2 2 2 2 2
left_child=2 3 6 -2 -4 -3 -1
right_child=1 5 4 -5 -6 -7 -8
leaf_value=0.11511218184600946 -0.046904031305864097 0.013912408491801118 0.09181600497904667 -0.10620674912749169 0.011431895988777578 -0.044247425391818085 0.0052876043509250186
leaf_weight=546.95449715852737 174.6680910885334 128.84425356984138 88.727625042200089 421.85978071391582 189.49265170097351 503.53455683588982 29.230396747589111
leaf_count=2189 701 517 355 1703 759 2026 117
internal_value=-7.58275e-06 -0.0598972 0.0861021 -0.08895 0.0373043 -0.0323944 0.109559
internal_weight=2083.31 1228.91 854.405 596.528 278.22 632.379 576.185
internal_count=8367 4947 3420 2404 1114 2543 2306
is_linear=0
shrinkage=0.1


Tree=2
num_leaves=8
num_cat=0
split_feature=3 0 12 6 10 11 8
split_gain=878.389 95.5108 74.8224 60.5528 55.515 34.0727 9.62792
threshold=1.0000000180025095e-35 1.0000000180025095e-35 1.0000000180025095e-35 1.0000000180025095e-35 1.0000000180025095e-35 1.0000000180025095e-35 1.0000000180025095e-35
decision_type=2 2 2 2 2 2 2
left_child=3 4 -3 6 -2 -5 -1
right_child=1 2 -4 5 -6 -7 -8
leaf_value=0.11465514715561718 0.037963808627275338 -0.086848084266376635 -0.009251092131847315 0.10062661719232885 -0.037384425496742084 0.034842530035787828 0.060810582762650459
leaf_weight=367.53000557422638 137.06007027626038 654.11274839937687 153.66681396961212 110.55906021595001 334.6728709936142 274.49936801195145 40.539517268538475
leaf_count=1480 549 2667 618 444 1347 1099 163
internal_value=-1.39684e-05 -0.0512559 -0.0721162 0.0826124 -0.0154583 0.0539424 0.109468
internal_weight=2072.64 1279.51 807.78 793.128 471.733 385.058 408.07
internal_count=8367 5181 3285 3186 1896 1543 1643
is_linear=0
shrinkage=0.1


Tree=3
num_leaves=8
num_cat=0
split_feature=2 14 5 10 10 7 10
split_gain=720.248 78.8933 68.6047 38.8303 27.2698 25.7381 24.0803
threshold=1.0000000180025095e-35 1.0000000180025095e-35 1.0000000180025095e-35 1.0000000180025095e-35 1.0000000180025095e-35 1.0000000180025095e-35 1.0000000180025095e-35
decision_type=2 2 2 2 2 2 2
left_child=2 6 5 -3 -4 -1 -2
right_child=1 3 4 -5 -6 -7 -8
leaf_value=0.095617408839493517 -0.039859705176578414 0.0096083019482951556 0.07555838892252828 -0.04293555537782083 0.0083841266554735613 -0.00071087564971500979 -0.097811395609705629
leaf_weight=538.80676411092281 94.827582255005836 181.94448521733284 87.936927869915962 613.82978586852551 189.49483452737331 29.224585339426994 320.6919197589159
leaf_count=2189 389 738 355 2499 759 117 1321
internal_value=-7.07825e-06 -0.0494311 0.0707775 -0.030925 0.0298711 0.0906689 -0.0847134
internal_weight=2056.76 1211.29 845.463 795.774 277.432 568.031 415.52
internal_count=8367 4947 3420 3237 1114 2306 1710
is_linear=0
shrinkage=0.1


Tree=4
num_leaves=8
num_cat=0
split_feature=3 13 8 1 8 14 10
split_gain=590.255 77.3213 48.3584 34.2942 34.2824 24.8692 19.9749
threshold=1.0000000180025095e-35 1.0000000180025095e-35 1.0000000180025095e-35 1.0000000180025095e-35 1.0000000180025095e-35 1.0000000180025095e-35 1.0000000180025095e-35
decision_type=2 2 2 2 2 2 2
left_child=2 4 5 -3 -2 -1 -4
right_child=1 3 6 -5 -6 -7 -8
leaf_value=-0.020714988899651857 -0.045488427346866797 0.021112431971111956 0.070998197943732883 -0.031669060203094082 -0.093579965726096864 0.084407958285157972 -0.0071415609088068786
leaf_weight=23.00413179397583 318.38930682837963 162.88316559791565 46.605805069208145 495.67198793590069 282.67879934608936 605.57021981477737 104.08611285686493
leaf_count=93 1322 656 190 2026 1177 2484 419
internal_value=-6.26334e-06 -0.0423158 0.0683505 -0.0186022 -0.0682235 0.0805339 0.0173341
internal_weight=2038.89 1259.62 779.266 658.555 601.068 628.574 150.692
internal_count=8367 5181 3186 2682 2499 2577 609
is_linear=0
shrinkage=0.1


Tree=5
num_leaves=8
num_cat=0
split_feature=1 5 9 10 8 11 8
split_gain=488.374 96.602 60.4422 53.4703 42.0933 22.3206 9.51561
threshold=1.0000000180025095e-35 1.0000000180025095e-35 1.0000000180025095e-35 1.0000000180025095e-35 1.0000000180025095e-35 1.0000000180025095e-35 1.0000000180025095e-35
decision_type=2 2 2 2 2 2 2
left_child=1 5 3 -2 -3 -1 -4
right_child=2 4 6 -5 -6 -7 -8
leaf_value=0.10642798925577737 -0.016251399853540609 0.035874905488744217 0.095288720916179209 -0.074088589293034884 -0.027183436252055639 0.062667128188674773 0.0044055784104008811
leaf_weight=173.43016609549522 213.16779071092606 320.8003601282835 11.779908448457716 646.10250793397427 156.88113589584827 379.59416529536247 118.13123434782028
leaf_count=727 881 1297 49 2720 635 1579 479
internal_value=-6.4399e-06 0.0481414 -0.0501734 -0.0597759 0.0151516 0.076558 0.0133115
internal_weight=2019.89 1030.71 989.181 859.27 477.681 553.024 129.911
internal_count=8367 4238 4129 3601 1932 2306 528
is_linear=0
shrinkage=0.1


Tree=6
num_leaves=8
num_cat=0
split_feature=2 14 6 11 10 10 11
split_gain=401.969 58.3897 47.7324 31.0964 27.501 17.6514 8.40293
threshold=1.0000000180025095e-35 1.0000000180025095e-35 1.0000000180025095e-35 1.0000000180025095e-35 1.0000000180025095e-35 1.0000000180025095e-35 1.0000000180025095e-35
decision_type=2 2 2 2 2 2 2
left_child=2 5 6 -4 -3 -2 -1
right_child=1 4 3 -5 -6 -7 -8
leaf_value=0.10171277022114951 -0.029921316815685214 0.012694348780155396 0.074075343712382113 0.014377592892899013 -0.031710001472540016 -0.080107825363384053 0.068830782613159572
leaf_weight=121.22130899131298 93.041596412658691 180.94645835459232 120.06102240085602 314.95013965666294 600.80810232460499 305.08837433159351 262.94916413724422
leaf_count=523 389 738 502 1275 2499 1321 1120
internal_value=9.84135e-07 -0.0373513 0.0537802 0.030986 -0.021429 -0.0684838 0.0794435
internal_weight=1999.07 1179.88 819.182 435.011 781.755 398.13 384.17
internal_count=8367 4947 3420 1777 3237 1710 1643
is_linear=0
shrinkage=0.1


Tree=7
num_leaves=8
num_cat=0
split_feature=1 7 9 5 10 8 10
split_gain=338.777 71.84 49.8514 44.8983 38.5124 7.90501 5.20516
threshold=1.0000000180025095e-35 1.0000000180025095e-35 1.0000000180025095e-35 1.0000000180025095e-35 1.0000000180025095e-35 1.0000000180025095e-35 1.0000000180025095e-35
decision_type=2 2 2 2 2 2 2
left_child=1 3 4 -1 -2 -4 -3
right_child=2 6 5 -5 -6 -7 -8
leaf_value=0.069351537914852823 -0.014281175486941623 -0.0034942157987758733 0.089758867521369259 0.024431809717797133 -0.063642247778320157 0.0071615812946606936 -0.052084981720864801
leaf_weight=505.70202052593231 212.29130068421364 31.579088479280472 11.882261008024214 399.61955679953098 625.76852838695049 117.7287130355835 73.204551845788956
leaf_count=2189 881 129 49 1623 2720 479 297
internal_value=1.07228e-05 0.0404999 -0.0422522 0.0495723 -0.0511704 0.015363 -0.0376124
internal_weight=1977.78 1010.11 967.671 905.322 838.06 129.611 104.784
internal_count=8367 4238 4129 3812 3601 528 426
is_linear=0
shrinkage=0.1


Tree=8
num_leaves=8
num_cat=0
split_feature=1 8 12 11 8 10 11
split_gain=278.06 61.3231 43.7157 30.3693 27.6723 17.0878 3.71124
threshold=1.0000000180025095e-35 1.0000000180025095e-35 1.0000000180025095e-35 1.0000000180025095e-35 1.0000000180025095e-35 1.0000000180025095e-35 1.0000000180025095e-35
decision_type=2 2 2 2 2 2 2
left_child=1 3 4 -1 -2 -3 -4
right_child=2 5 6 -5 -6 -7 -8
leaf_value=0.081822486604939793 -0.031420778816188821 0.034093672583331125 0.063208582472100414 0.037772246530063697 -0.069247097964143967 -0.024560723214644725 0.0035802397798809999
leaf_weight=221.86302609741688 433.99765202403069 69.24709540605545 10.183402538299559 539.88738806545734 352.56395554542542 168.7401520460844 159.21330659091473
leaf_count=974 1882 289 41 2285 1555 690 651
internal_value=1.07454e-05 0.0368646 -0.0385291 0.0506925 -0.0484422 -0.00742282 0.00751475
internal_weight=1955.7 999.738 955.958 761.75 786.562 237.987 169.397
internal_count=8367 4238 4129 3259 3437 979 692
is_linear=0
shrinkage=0.1


Tree=9
num_leaves=8
num_cat=0
split_feature=4 13 7 9 11 11 13
split_gain=238.674 55.9969 24.3194 24.2576 34.7633 21.4929 0.782671
threshold=1.0000000180025095e-35 1.0000000180025095e-35 1.0000000180025095e-35 1.0000000180025095e-35 1.0000000180025095e-35 1.0000000180025095e-35 1.0000000180025095e-35
decision_type=2 2 2 2 2 2 2
left_child=3 2 -2 4 -1 -3 -5
right_child=1 5 -4 6 -6 -7 -8
leaf_value=0.076573890485483145 -0.034890036640139531 0.03099914215738131 -0.079808798911118833 0.072423349015398694 0.025352573380024931 -0.014495749193942807 0.11442808584119202
leaf_weight=196.25334043800831 412.17567278444767 126.59822043776512 171.47318448126316 12.765972733497618 408.94716285169125 557.22956864535809 50.102127626538277
leaf_count=897 1807 521 777 55 1752 2336 222
internal_value=1.29381e-05 -0.0254771 -0.0482009 0.0483391 0.0420614 -0.00604023 0.107166
internal_weight=1935.55 1267.48 583.649 668.069 605.201 683.828 62.8681
internal_count=8367 5441 2584 2926 2649 2857 277
is_linear=0
shrinkage=0.1


Tree=10
num_leaves=8
num_cat=0
split_feature=4 14 10 7 9 10 10
split_gain=196.438 48.2001 24.3038 21.1764 17.4794 12.7976 4.62384
threshold=1.0000000180025095e-35 1.0000000180025095e-35 1.0000000180025095e-35 1.0000000180025095e-35 1.0000000180025095e-35 1.0000000180025095e-35 1.0000000180025095e-35
decision_type=2 2 2 2 2 2 2
left_child=3 5 -3 4 -1 -2 -5
right_child=1 2 -4 6 -6 -7 -8
leaf_value=0.043587327677374117 -0.020098231783810254 0.019466443251816682 -0.01946157298260941 0.023866233728955258 0.10078193233238138 -0.062479340528860255 -0.040642187813173136
leaf_weight=551.0971352159977 95.395258396863937 211.36070165038109 655.29686091840267 15.893321961164473 59.069349125027657 295.81634296476841 32.224110051989555
leaf_count=2460 409 872 2790 67 270 1370 129
internal_value=2.62357e-05 -0.0231326 -0.0099563 0.0442468 0.0492801 -0.0522225 -0.0192828
internal_weight=1916.15 1257.87 866.658 658.284 610.166 391.212 48.1174
internal_count=8367 5441 3662 2926 2730 1779 196
is_linear=0
shrinkage=0.1


Tree=11
num_leaves=8
num_cat=0
split_feature=1 7 9 11 10 7 2
split_gain=167.954 43.2362 34.6621 31.6265 25.5945 7.52683 2.67072
threshold=1.0000000180025095e-35 1.0000000180025095e-35 1.0000000180025095e-35 1.0000000180025095e-35 1.0000000180025095e-35 1.0000000180025095e-35 1.0000000180025095e-35
decision_type=2 2 2 2 2 2 2
left_child=1 3 4 -1 -2 -4 -3
right_child=2 6 5 -5 -6 -7 -8
leaf_value=0.067253003158505867 -0.0080298380158540499 -0.019366590773213222 0.087444027241394537 0.024522609273731649 -0.048796748859741272 0.0092039757222323031 -0.053182574562627941
leaf_weight=239.60365185141563 208.96320852637291 66.343442648649216 12.796502038836477 626.74327458441257 589.33692869544029 116.40555690228939 36.85532557964325
leaf_count=1109 881 271 53 2703 2720 475 155
internal_value=2.75498e-05 0.0291153 -0.0303774 0.0364044 -0.038149 0.0175652 -0.0318378
internal_weight=1897.05 969.546 927.502 866.347 798.3 129.202 103.199
internal_count=8367 4238 4129 3812 3601 528 426
is_linear=0
shrinkage=0.1


Tree=12
num_leaves=8
num_cat=0
split_feature=0 8 12 9 10 10 11
split_gain=140.459 57.2762 31.4138 29.4578 21.7908 10.7679 0.673956
threshold=1.0000000180025095e-35 1.0000000180025095e-35 1.0000000180025095e-35 1.0000000180025095e-35 1.0000000180025095e-35 1.0000000180025095e-35 1.0000000180025095e-35
decision_type=2 2 2 2 2 2 2
left_child=1 3 5 -1 -3 -2 -4
right_child=2 4 6 -5 -6 -7 -8
leaf_value=0.029562147363532951 -0.021189521884548052 0.026886446751988081 0.036399423054912533 0.098199817060834249 -0.031548939365313812 -0.053159704722560222 0.0045225353554307485
leaf_weight=777.06476020812988 142.06360192596912 88.291872590780258 5.987692952156066 67.301992014050484 223.46240958571434 429.06415578722954 144.73349757492542
leaf_count=3447 612 375 24 313 947 2055 594
internal_value=2.53322e-05 0.0216293 -0.0345578 0.0351427 -0.0149664 -0.0452583 0.00602047
internal_weight=1877.97 1156.12 721.849 844.367 311.754 571.128 150.721
internal_count=8367 5082 3285 3760 1322 2667 618
is_linear=0
shrinkage=0.1


Tree=13
num_leaves=8
num_cat=0
split_feature=5 13 9 0 11 9 7
split_gain=124.059 43.7618 24.2182 15.4286 11.6783 14.672 1.50104
threshold=1.0000000180025095e-35 1.0000000180025095e-35 1.0000000180025095e-35 1.0000000180025095e-35 1.0000000180025095e-35 1.0000000180025095e-35 1.0000000180025095e-35
decision_type=2 2 2 2 2 2 2
left_child=4 2 -2 -3 6 -6 -1
right_child=1 3 -4 -5 5 -7 -8
leaf_value=0.069772562572398375 -0.038977344737395309 0.013554140454609018 0.085138016049694107 -0.014664925716065841 0.024492845264654398 0.083087349471801353 0.021751387651168883
leaf_weight=135.75616805255413 582.2698362916708 411.92890112102032 15.244001358747481 364.01970693469048 293.89824958145618 49.413334921002388 8.0152888894081098
leaf_count=693 2701 1715 63 1582 1330 249 34
internal_value=2.26226e-05 -0.0153569 -0.0356739 0.000313933 0.0433318 0.0331433 0.0672641
internal_weight=1860.55 1373.46 597.514 775.949 487.083 343.312 143.771
internal_count=8367 6061 2764 3297 2306 1579 727
is_linear=0
shrinkage=0.1


Tree=14
num_leaves=8
num_cat=0
split_feature=5 14 8 11 9 7 7
split_gain=102.379 39.2123 22.6146 10.2656 12.8367 8.85399 1.32424
threshold=1.0000000180025095e-35 1.0000000180025095e-35 1.0000000180025095e-35 1.0000000180025095e-35 1.0000000180025095e-35 1.0000000180025095e-35 1.0000000180025095e-35
decision_type=2 2 2 2 2 2 2
left_child=3 5 -3 6 -5 -2 -1
right_child=1 2 -4 4 -6 -7 -8
leaf_value=0.065078783740611712 -0.032351259363430467 0.010583484675814587 -0.019780813604354044 0.022236941586324888 0.077947679991920413 -0.068201573130799983 0.019915696867221295
leaf_weight=131.30271996557713 287.99901184439659 532.60606104135513 452.98330128192902 291.57145135104656 47.568138375878334 91.731313154101372 7.9731352031230918
leaf_count=693 1352 2279 1960 1330 249 470 34
internal_value=4.00184e-05 -0.0139108 -0.00337805 0.0397995 0.0302572 -0.041168 0.0626537
internal_weight=1843.74 1365.32 985.589 478.415 339.14 379.73 139.276
internal_count=8367 6061 4239 2306 1579 1822 727
is_linear=0
shrinkage=0.1


Tree=15
num_leaves=8
num_cat=0
split_feature=0 8 9 9 10 7 8
split_gain=86.0946 38.2422 24.9854 20.7569 16.8427 11.1272 0.635778
threshold=1.0000000180025095e-35 1.0000000180025095e-35 1.0000000180025095e-35 1.0000000180025095e-35 1.0000000180025095e-35 1.0000000180025095e-35 1.0000000180025095e-35
decision_type=2 2 2 2 2 2 2
left_child=1 3 5 -1 -3 -2 -4
right_child=2 4 6 -5 -6 -7 -8
leaf_value=0.023770452260996389 -0.02767388738253387 0.024143242352387559 0.042239478434572736 0.083781058788935714 -0.027593964559975578 -0.059091714561575706 0.011435211608447342
leaf_weight=759.8145871758461 420.9918529689312 86.997728869318962 6.314971223473548 61.623583987355232 220.58679789304733 155.30155922472477 116.52932754158974
leaf_count=3447 1993 375 26 313 947 789 477
internal_value=4.3922e-05 0.0171162 -0.0275108 0.0283688 -0.0129297 -0.0362282 0.013347
internal_weight=1828.16 1129.02 699.138 821.438 307.585 576.293 122.844
internal_count=8367 5082 3285 3760 1322 2782 503
is_linear=0
shrinkage=0.1


Tree=16
num_leaves=8
num_cat=0
split_feature=5 13 9 11 11 9 7
split_gain=74.9819 30.6884 17.1728 12.3551 9.08632 9.56762 1.20576
threshold=1.0000000180025095e-35 1.0000000180025095e-35 1.0000000180025095e-35 1.0000000180025095e-35 1.0000000180025095e-35 1.0000000180025095e-35 1.0000000180025095e-35
decision_type=2 2 2 2 2 2 2
left_child=4 2 -2 -3 6 -6 -1
right_child=1 3 -4 -5 5 -7 -8
leaf_value=0.059038256044301157 -0.032138343630423324 0.026772558368998459 0.072398035475901762 -0.00507057029124066 0.018842713844403912 0.068613565450433386 0.01618510039582944
leaf_weight=125.50582171976566 563.91297495365143 150.68822640180588 15.247146978974341 618.39427189528942 287.46282099187374 43.947510361671448 7.8830817937850943
leaf_count=693 2701 643 63 2654 1330 249 34
internal_value=4.03419e-05 -0.011902 -0.0292662 0.0011952 0.0346327 0.0256293 0.056645
internal_weight=1813.04 1348.24 579.16 769.082 464.799 331.41 133.389
internal_count=8367 6061 2764 3297 2306 1579 727
is_linear=0
shrinkage=0.1


Tree=17
num_leaves=8
num_cat=0
split_feature=0 7 9 12 10 10 11
split_gain=63.0149 29.7161 22.4954 20.3654 9.10439 3.40319 0.499406
threshold=1.0000000180025095e-35 1.0000000180025095e-35 1.0000000180025095e-35 1.0000000180025095e-35 1.0000000180025095e-35 1.0000000180025095e-35 1.0000000180025095e-35
decision_type=2 2 2 2 2 2 2
left_child=1 2 -1 4 -2 -3 -5
right_child=3 5 -4 6 -6 -7 -8
leaf_value=0.01705122349277154 -0.010535846005827985 -0.0033599031140202906 0.079325600032503177 0.035006133554200458 -0.040497553089647059 -0.037171501648852384 0.0074335812808583234
leaf_weight=907.37207707762718 137.04692798852921 42.091350793838501 61.093548685312271 5.9908385872840872 398.87401670217514 102.46538995206356 143.98743191361427
leaf_count=4130 612 175 327 24 2055 450 594
internal_value=5.43659e-05 0.0147427 0.0210574 -0.0237675 -0.0328696 -0.0274171 0.00875953
internal_weight=1798.92 1113.02 968.466 685.899 535.921 144.557 149.978
internal_count=8367 5082 4457 3285 2667 625 618
is_linear=0
shrinkage=0.1


Tree=18
num_leaves=8
num_cat=0
split_feature=5 14 10 11 9 10 7
split_gain=54.8885 25.3079 16.0522 8.2793 6.91225 6.02784 0.971561
threshold=1.0000000180025095e-35 1.0000000180025095e-35 1.0000000180025095e-35 1.0000000180025095e-35 1.0000000180025095e-35 1.0000000180025095e-35 1.0000000180025095e-35
decision_type=2 2 2 2 2 2 2
left_child=3 5 -3 6 -5 -2 -1
right_child=1 2 -4 4 -6 -7 -8
leaf_value=0.053780443523002389 -0.01065477843117895 0.020096177612548227 -0.0093020987980285217 0.015833617792982861 0.059655519968469739 -0.040305114207354324 0.015095411971012019
leaf_weight=120.47233839333057 93.167403295636177 248.93067641556263 722.15279948711395 283.84113365411758 40.514956578612328 268.43035389482975 7.855728179216384
leaf_count=693 418 1064 3175 1330 249 1404 34
internal_value=4.82754e-05 -0.0101726 -0.00175313 0.030094 0.0214739 -0.032716 0.0515473
internal_weight=1785.37 1332.68 971.083 452.684 324.356 361.598 128.328
internal_count=8367 6061 4239 2306 1579 1822 727
is_linear=0
shrinkage=0.1


Tree=19
num_leaves=8
num_cat=0
split_feature=6 14 10 7 11 9 13
split_gain=46.8286 26.3843 17.6461 5.56465 3.05647 3.65612 0.372266
threshold=1.0000000180025095e-35 1.0000000180025095e-35 1.0000000180025095e-35 1.0000000180025095e-35 1.0000000180025095e-35 1.0000000180025095e-35 1.0000000180025095e-35
decision_type=2 2 2 2 2 2 2
left_child=4 3 -3 -2 6 -6 -1
right_child=1 2 -4 -5 5 -7 -8
leaf_value=0.0319745256792155 -0.023894701202389193 0.021281349031217058 -0.0073049975475288466 -0.0535732974128331 0.023205148144825237 0.05907532117483838 0.054509967791465198
leaf_weight=13.940490320324896 279.87816748023033 293.29202210903168 810.06911100447178 82.302116647362709 185.11108036339283 33.441700905561447 74.178774118423462
leaf_count=83 1379 1303 3572 470 901 219 440
internal_value=5.23918e-05 -0.00738895 0.000306126 -0.0307678 0.0355219 0.0289379 0.0513436
internal_weight=1772.21 1465.54 1103.36 362.18 306.672 218.553 88.1193
internal_count=8367 6724 4875 1849 1643 1120 523
is_linear=0
shrinkage=0.1


Tree=20
num_leaves=8
num_cat=0
split_feature=0 8 9 9 13 7 8
split_gain=40.3864 22.9138 16.2885 11.9238 9.85742 8.7681 0.55623
threshold=1.0000000180025095e-35 1.0000000180025095e-35 1.0000000180025095e-35 1.0000000180025095e-35 1.0000000180025095e-35 1.0000000180025095e-35 1.0000000180025095e-35
decision_type=2 2 2 2 2 2 2
left_child=1 3 5 -1 -3 -2 -4
right_child=2 4 6 -5 -6 -7 -8
leaf_value=0.01747996122895534 -0.019023722340190986 -0.035502243364711528 0.040597351316811726 0.066025447182702077 0.0020639651098949947 -0.047850828217294784 0.011741802500352392
leaf_weight=736.72595080733299 402.68276669085026 108.43211889266968 6.3293036371469489 53.534177497029305 192.83537513017654 143.41993357241154 116.47313572466373
leaf_count=3447 1993 490 26 313 832 789 477
internal_value=5.55131e-05 0.0119091 -0.0192763 0.0208478 -0.0115296 -0.0266681 0.0135449
internal_weight=1760.43 1091.53 668.905 790.26 301.267 546.103 122.802
internal_count=8367 5082 3285 3760 1322 2782 503
is_linear=0
shrinkage=0.1


Tree=21
num_leaves=8
num_cat=0
split_feature=6 13 9 11 11 7 13
split_gain=34.5991 20.9433 12.6589 8.84636 2.88076 2.8548 0.32227
threshold=1.0000000180025095e-35 1.0000000180025095e-35 1.0000000180025095e-35 1.0000000180025095e-35 1.0000000180025095e-35 1.0000000180025095e-35 1.0000000180025095e-35
decision_type=2 2 2 2 2 2 2
left_child=4 2 -2 -3 6 -6 -1
right_child=1 3 -4 -5 5 -7 -8
leaf_value=0.028620873321439401 -0.023490072106645762 0.023451409215428588 0.061192952646651179 -0.0015695524686796854 0.026904101057396448 -0.032088621098237201 0.049667705974849749
leaf_weight=13.586365222930906 569.29676248133183 176.82530996203423 17.280902102589607 687.52097621560097 205.31468103826046 7.7310077697038642 71.218543067574501
leaf_count=83 2848 802 75 2999 1089 31 440
internal_value=4.96541e-05 -0.0063282 -0.0208954 0.00357034 0.0310354 0.0246235 0.0466687
internal_weight=1748.77 1450.92 586.578 864.346 297.851 213.046 84.8049
internal_count=8367 6724 2923 3801 1643 1120 523
is_linear=0
shrinkage=0.1


Tree=22
num_leaves=8
num_cat=0
split_feature=0 7 11 12 7 10 8
split_gain=29.8399 18.1306 14.9402 12.8271 6.85217 1.6962 0.287398
threshold=1.0000000180025095e-35 1.0000000180025095e-35 1.0000000180025095e-35 1.0000000180025095e-35 1.0000000180025095e-35 1.0000000180025095e-35 1.0000000180025095e-35
decision_type=2 2 2 2 2 2 2
left_child=1 2 -1 4 -2 -3 -5
right_child=3 5 -4 6 -6 -7 -8
leaf_value=0.036991159017724026 -0.017257832690310056 -0.0058623227996936651 0.0079666796516746508 0.019769599455498426 -0.0436632227804582 -0.030004411180952428 0.0071320509500721928
leaf_weight=236.74864336848259 375.8499543517828 41.728076636791229 701.42600043118 20.561559349298477 133.48943096399307 99.727649956941605 129.17164869606495
leaf_count=1245 1901 175 3212 87 766 450 531
internal_value=5.55497e-05 0.0102883 0.0153226 -0.016697 -0.0242502 -0.0229739 0.0089871
internal_weight=1738.7 1079.63 938.175 659.073 509.339 141.456 149.733
internal_count=8367 5082 4457 3285 2667 625 618
is_linear=0
shrinkage=0.1


Tree=23
num_leaves=7
num_cat=0
split_feature=14 8 9 12 12 7
split_gain=26.3479 18.3568 12.3116 9.64294 3.12626 3.28153
threshold=1.0000000180025095e-35 1.0000000180025095e-35 1.0000000180025095e-35 1.0000000180025095e-35 1.0000000180025095e-35 1.0000000180025095e-35
decision_type=2 2 2 2 2 2
left_child=4 2 -2 -3 5 -1
right_child=1 3 -4 -5 -6 -7
leaf_value=-0.017918283439631196 0.012079344547117688 -0.018535746172759143 0.061850708312059167 0.01037316382014415 -0.099837672198223926 -0.041647304200032764
leaf_weight=270.1442361921072 813.96944110095501 338.58119013905525 52.032291918992996 173.97553649544716 4.506022870540618 74.785236686468124
leaf_count=1369 3891 1578 316 726 20 467
internal_value=4.6641e-05 0.00626653 0.0151377 -0.00872219 -0.0244393 -0.0231686
internal_weight=1727.99 1378.56 866.002 512.557 349.435 344.929
internal_count=8367 6511 4207 2304 1856 1836
is_linear=0
shrinkage=0.1


Tree=24
num_leaves=8
num_cat=0
split_feature=6 11 9 7 10 9 12
split_gain=23.4962 14.9749 17.982 6.8692 2.20198 2.36331 0.686012
threshold=1.0000000180025095e-35 1.0000000180025095e-35 1.0000000180025095e-35 1.0000000180025095e-35 1.0000000180025095e-35 1.0000000180025095e-35 1.0000000180025095e-35
decision_type=2 2 2 2 2 2 2
left_child=4 3 -3 -2 6 -6 -1
right_child=1 2 -4 -5 5 -7 -8
leaf_value=0.045241900694231639 0.022030160634346759 -0.015271987666495747 0.021859280362576169 -0.017763425698942095 0.014732372521487956 0.045505272944278155 0.026454121755637879
leaf_weight=59.649089857935905 240.91782604157925 990.12261578440666 149.29149386286736 52.06518828868866 161.62669895589352 29.047293916344643 37.513710156083107
leaf_count=372 1116 4753 622 233 814 219 238
internal_value=3.58083e-05 -0.00520741 -0.010392 0.0149222 0.0260559 0.0196333 0.0383315
internal_weight=1720.23 1432.4 1139.41 292.983 287.837 190.674 97.1628
internal_count=8367 6724 5375 1349 1643 1033 610
is_linear=0
shrinkage=0.1


end of trees

feature_importances:
MSinceMostRecentInqexcl7days_lt=_0.5=28
AverageMInFile_lt=_49.5=22
MSinceMostRecentInqexcl7days_lt=_-7.5=22
MSinceMostRecentInqexcl7days_lt=_1.5=21
AverageMInFile_lt=_63.5=16
PercentTradesWBalance_lt=_73.5=10
ExternalRiskEstimate_lt=_67.5=9
PercentTradesWBalance_lt=_43.5=9
ExternalRiskEstimate_lt=_78.5=8
NetFractionRevolvingBurden_lt=_57.5=8
ExternalRiskEstimate_lt=_70.5=6
ExternalRiskEstimate_lt=_81.5=6
ExternalRiskEstimate_lt=_73.5=4
ExternalRiskEstimate_lt=_74.5=3
ExternalRiskEstimate_lt=_75.5=2

parameters:
[boosting: gbdt]
[objective: binary]
[metric: binary_logloss]
[tree_learner: serial]
[device_type: cpu]
[data_sample_strategy: bagging]
[data: ]
[valid: ]
[num_iterations: 25]
[learning_rate: 0.1]
[num_leaves: 31]
[num_threads: 8]
[seed: 42]
[deterministic: 0]
[force_col_wise: 0]
[force_row_wise: 0]
[histogram_pool_size: -1]
[max_depth: 3]
[min_data_in_leaf: 20]
[min_sum_hessian_in_leaf: 0.001]
[bagging_fraction: 1]
[pos_bagging_fraction: 1]
[neg_bagging_fraction: 1]
[bagging_freq: 0]
[bagging_seed: 400]
[bagging_by_query: 0]
[feature_fraction: 1]
[feature_fraction_bynode: 1]
[feature_fraction_seed: 30056]
[extra_trees: 0]
[extra_seed: 12879]
[early_stopping_round: 0]
[early_stopping_min_delta: 0]
[first_metric_only: 0]
[max_delta_step: 0]
[lambda_l1: 0]
[lambda_l2: 1]
[linear_lambda: 0]
[min_gain_to_split: 0]
[drop_rate: 0.1]
[max_drop: 50]
[skip_drop: 0.5]
[xgboost_dart_mode: 0]
[uniform_drop: 0]
[drop_seed: 17869]
[top_rate: 0.2]
[other_rate: 0.1]
[min_data_per_group: 100]
[max_cat_threshold: 32]
[cat_l2: 10]
[cat_smooth: 10]
[max_cat_to_onehot: 4]
[top_k: 20]
[monotone_constraints: ]
[monotone_constraints_method: basic]
[monotone_penalty: 0]
[feature_contri: ]
[forcedsplits_filename: ]
[refit_decay_rate: 0.9]
[cegb_tradeoff: 1]
[cegb_penalty_split: 0]
[cegb_penalty_feature_lazy: ]
[cegb_penalty_feature_coupled: ]
[path_smooth: 0]
[interaction_constraints: ]
[verbosity: -1]
[saved_feature_importance_type: 0]
[use_quantized_grad: 0]
[num_grad_quant_bins: 4]
[quant_train_renew_leaf: 0]
[stochastic_rounding: 1]
[linear_tree: 0]
[max_bin: 255]
[max_bin_by_feature: ]
[min_data_in_bin: 3]
[bin_construct_sample_cnt: 200000]
[data_random_seed: 175]
[is_enable_sparse: 1]
[enable_bundle: 1]
[use_missing: 1]
[zero_as_missing: 0]
[feature_pre_filter: 1]
[pre_partition: 0]
[two_round: 0]
[header: 0]
[label_column: ]
[weight_column: ]
[group_column: ]
[ignore_column: ]
[categorical_feature: ]
[forcedbins_filename: ]
[precise_float_parser: 0]
[parser_config_file: ]
[objective_seed: 16083]
[num_class: 1]
[is_unbalance: 0]
[scale_pos_weight: 1]
[sigmoid: 1]
[boost_from_average: 1]
[reg_sqrt: 0]
[alpha: 0.9]
[fair_c: 1]
[poisson_max_delta_step: 0.7]
[tweedie_variance_power: 1.5]
[lambdarank_truncation_level: 30]
[lambdarank_norm: 1]
[label_gain: ]
[lambdarank_position_bias_regularization: 0]
[eval_at: ]
[multi_error_top_k: 1]
[auc_mu_weights: ]
[num_machines: 1]
[local_listen_port: 12400]
[time_out: 120]
[machine_list_filename: ]
[machines: ]
[gpu_platform_id: -1]
[gpu_device_id: -1]
[gpu_use_dp: 0]
[num_gpu: 1]

end of parameters

pandas_categorical:[]
