tree
version=v4
num_class=1
num_tree_per_iteration=1
label_index=0
max_feature_idx=63
objective=binary sigmoid:1
feature_names=ExternalRiskEstimate_lt=_63.5 ExternalRiskEstimate_lt=_67.5 ExternalRiskEstimate_lt=_70.5 ExternalRiskEstimate_lt=_73.5 ExternalRiskEstimate_lt=_74.5 ExternalRiskEstimate_lt=_75.5 ExternalRiskEstimate_lt=_78.5 ExternalRiskEstimate_lt=_80.5 ExternalRiskEstimate_lt=_81.5 ExternalRiskEstimate_lt=_84.5 MSinceOldestTradeOpen_lt=_134.5 AverageMInFile_lt=_7.5 AverageMInFile_lt=_48.5 AverageMInFile_lt=_59.5 AverageMInFile_lt=_63.5 AverageMInFile_lt=_69.5 AverageMInFile_lt=_75.5 AverageMInFile_lt=_97.5 NumSatisfactoryTrades_lt=_9.5 NumSatisfactoryTrades_lt=_12.5 NumSatisfactoryTrades_lt=_13.5 NumSatisfactoryTrades_lt=_17.5 NumSatisfactoryTrades_lt=_18.5 NumSatisfactoryTrades_lt=_26.5 NumSatisfactoryTrades_lt=_27.5 PercentTradesNeverDelq_lt=_85.5 PercentTradesNeverDelq_lt=_91.5 PercentTradesNeverDelq_lt=_95.5 PercentTradesNeverDelq_lt=_96.5 MSinceMostRecentDelq_lt=_-3.5 MSinceMostRecentDelq_lt=_31.5 MaxDelq2PublicRecLast12M_lt=_5.5 NumTotalTrades_lt=_46.5 NumTradesOpeninLast12M_lt=_10.5 PercentInstallTrades_lt=_43.5 PercentInstallTrades_lt=_45.5 PercentInstallTrades_lt=_46.5 PercentInstallTrades_lt=_47.5 PercentInstallTrades_lt=_48.5 PercentInstallTrades_lt=_63.5 PercentInstallTrades_lt=_66.5 MSinceMostRecentInqexcl7days_lt=_-7.5 MSinceMostRecentInqexcl7days_lt=_0.5 MSinceMostRecentInqexcl7days_lt=_1.5 NumInqLast6M_lt=_3.5 NumInqLast6M_lt=_7.5 NumInqLast6Mexcl7days_lt=_7.5 NetFractionRevolvingBurden_lt=_15.5 NetFractionRevolvingBurden_lt=_23.5 NetFractionRevolvingBurden_lt=_35.5 NetFractionRevolvingBurden_lt=_37.5 NetFractionRevolvingBurden_lt=_47.5 NetFractionRevolvingBurden_lt=_57.5 NetFractionRevolvingBurden_lt=_58.5 NetFractionRevolvingBurden_lt=_71.5 NetFractionRevolvingBurden_lt=_74.5 NumRevolvingTradesWBalance_lt=_5.5 NumRevolvingTradesWBalance_lt=_7.5 NumBank2NatlTradesWHighUtilization_lt=_4.5 PercentTradesWBalance_lt=_45.5 PercentTradesWBalance_lt=_66.5 PercentTradesWBalance_lt=_73.5 PercentTradesWBalance_lt=_80.5 NumTradesOpeninLast12M_lt=_8.5
feature_infos=[0:1] [0:1] [0:1] [0:1] [0:1] [0:1] [0:1] [0:1] [0:1] [0:1] [0:1] [0:1] [0:1] [0:1] [0:1] [0:1] [0:1] [0:1] [0:1] [0:1] [0:1] [0:1] [0:1] [0:1] [0:1] [0:1] [0:1] [0:1] [0:1] [0:1] [0:1] [0:1] [0:1] none [0:1] [0:1] [0:1] [0:1] [0:1] [0:1] [0:1] [0:1] [0:1] [0:1] [0:1] [0:1] [0:1] [0:1] [0:1] [0:1] [0:1] [0:1] [0:1] [0:1] [0:1] [0:1] [0:1] [0:1] [0:1] [0:1] [0:1] [0:1] [0:1] [0:1]
tree_sizes=1011 1013 1020 1021 1018 1018 1018 1015 1018 1020 1017 1016 1015 1019 1013 1015 1026 1019 1018 1019 1019 1024 914 1022 1019

Tree=0
num_leaves=8
num_cat=0
split_feature=4 1 59 8 42 19 10
split_gain=1324.43 138.635 97.2603 86.442 70.4804 56.626 19.6288
threshold=1.0000000180025095e-35 1.0000000180025095e-35 1.0000000180025095e-35 1.0000000180025095e-35 1.0000000180025095e-35 1.0000000180025095e-35 1.0000000180025095e-35
decision_type=2 2 2 2 2 2 2
left_child=3 4 -3 6 -2 -5 -1
right_child=1 2 -4 5 -6 -7 -8
leaf_value=0.053881432267219365 -0.046806475511535738 -0.19218758167845695 -0.10566199760845037 -0.0025099147788140985 -0.13167318015720481 -0.10153575621668978 -0.015680757054797281
leaf_weight=360.5549843609333 136.98594215512276 657.23309952020645 162.43688222765923 314.64348462224007 336.10212036967278 70.364363729953766 49.404766023159027
leaf_count=1445 549 2634 651 1261 1347 282 198
internal_value=-0.0877819 -0.150226 -0.175083 0.0137139 -0.107065 -0.0205967 0.0456942
internal_weight=2087.73 1292.76 819.67 794.968 473.088 385.008 409.96
internal_count=8367 5181 3285 3186 1896 1543 1643
is_linear=0
shrinkage=1


Tree=1
num_leaves=8
num_cat=0
split_feature=3 6 61 0 42 2 18
split_gain=1075.39 98.034 97.7948 46.3028 44.4877 34.8674 30.327
threshold=1.0000000180025095e-35 1.0000000180025095e-35 1.0000000180025095e-35 1.0000000180025095e-35 1.0000000180025095e-35 1.0000000180025095e-35 1.0000000180025095e-35
decision_type=2 2 2 2 2 2 2
left_child=1 6 3 -2 -3 -4 -1
right_child=2 4 5 -5 -6 -7 -8
leaf_value=0.11813085438116733 -0.063130168538445594 0.095190686655561393 0.013912408491801118 -0.11945672089903857 0.0096530684808972429 -0.044281559303133003 0.046734167050282702
leaf_weight=506.73127703368664 325.02541360259056 88.716658845543861 128.84425356984138 271.48537969589233 189.49113376438618 503.55536150932312 69.426213949918747
leaf_count=2028 1308 355 517 1096 759 2026 278
internal_value=-9.23429e-06 0.0861025 -0.0598973 -0.0889227 0.0371731 -0.032422 0.109624
internal_weight=2083.28 854.365 1228.91 596.511 278.208 632.4 576.157
internal_count=8367 3420 4947 2404 1114 2543 2306
is_linear=0
shrinkage=0.1


Tree=2
num_leaves=8
num_cat=0
split_feature=4 1 41 7 24 20 15
split_gain=878.276 98.6178 74.4038 62.0184 57.9809 35.4361 16.775
threshold=1.0000000180025095e-35 1.0000000180025095e-35 1.0000000180025095e-35 1.0000000180025095e-35 1.0000000180025095e-35 1.0000000180025095e-35 1.0000000180025095e-35
decision_type=2 2 2 2 2 2 2
left_child=3 4 -3 6 -2 -5 -1
right_child=1 2 -4 5 -6 -7 -8
leaf_value=0.11533565794944332 0.040121605694813468 -0.085398301676848837 -0.0014704584692762984 0.066727177838367499 -0.037124103808911395 -0.012009998825689752 0.063326912250044096
leaf_weight=379.12515865266323 135.63778826594353 683.16534888744354 124.95660071074963 262.31835827231407 335.85804843902588 72.655480951070786 79.162883177399635
leaf_count=1526 545 2782 503 1051 1351 291 318
internal_value=-1.48787e-05 -0.0512528 -0.0724387 0.0825979 -0.0148645 0.0496642 0.106509
internal_weight=2072.88 1279.62 808.122 793.262 471.496 334.974 458.288
internal_count=8367 5181 3285 3186 1896 1342 1844
is_linear=0
shrinkage=0.1


Tree=3
num_leaves=8
num_cat=0
split_feature=3 52 6 35 42 12 42
split_gain=719.535 79.1558 68.3518 44.9869 35.7863 26.4064 25.647
threshold=1.0000000180025095e-35 1.0000000180025095e-35 1.0000000180025095e-35 1.0000000180025095e-35 1.0000000180025095e-35 1.0000000180025095e-35 1.0000000180025095e-35
decision_type=2 2 2 2 2 2 2
left_child=2 6 5 -3 -4 -1 -2
right_child=1 3 4 -5 -6 -7 -8
leaf_value=0.095243024914713856 -0.038482877829480261 -0.073296436565202877 0.082081377990155288 -0.017526355427981654 0.0052702518154789406 -0.0087663267831420786 -0.098235221063851907
leaf_weight=542.68146380782127 94.819538980722427 189.3392282128334 88.356750413775444 606.74780842661858 189.31141106784344 25.388527721166611 320.89419528841972
leaf_count=2204 389 774 355 2463 759 102 1321
internal_value=-1.14155e-05 -0.0493993 0.0707279 -0.0308659 0.0299191 0.0905873 -0.0847315
internal_weight=2057.54 1211.8 845.738 796.087 277.668 568.07 415.714
internal_count=8367 4947 3420 3237 1114 2306 1710
is_linear=0
shrinkage=0.1


Tree=4
num_leaves=8
num_cat=0
split_feature=4 42 41 13 0 51 42
split_gain=589.847 77.7237 77.7857 51.3531 49.1048 43.7756 21.4927
threshold=1.0000000180025095e-35 1.0000000180025095e-35 1.0000000180025095e-35 1.0000000180025095e-35 1.0000000180025095e-35 1.0000000180025095e-35 1.0000000180025095e-35
decision_type=2 2 2 2 2 2 2
left_child=3 4 -3 5 -2 -1 -5
right_child=1 2 -4 6 -6 -7 -8
leaf_value=-0.014472928845090945 0.030069998755084544 -0.067492489207524528 0.01348280642436891 0.069928652958890114 -0.05840470190042725 0.086008620369077748 -0.022275043891752961
leaf_weight=46.337667927145958 202.94324158132076 829.69874680042267 138.04291994869709 35.833225697278976 89.601437583565712 617.86032922565937 79.658785834908485
leaf_count=187 823 3428 557 145 373 2533 321
internal_value=-1.42021e-05 -0.0422983 -0.0559398 0.0683001 0.00286506 0.0789873 0.00668732
internal_weight=2039.98 1260.29 967.742 779.69 292.545 664.198 115.492
internal_count=8367 5181 3985 3186 1196 2720 466
is_linear=0
shrinkage=0.1


Tree=5
num_leaves=8
num_cat=0
split_feature=2 6 59 22 42 43 43
split_gain=503.788 89.903 48.2899 46.199 41.5363 25.5325 6.06318
threshold=1.0000000180025095e-35 1.0000000180025095e-35 1.0000000180025095e-35 1.0000000180025095e-35 1.0000000180025095e-35 1.0000000180025095e-35 1.0000000180025095e-35
decision_type=2 2 2 2 2 2 2
left_child=1 5 3 -2 -3 -1 -4
right_child=2 4 6 -5 -6 -7 -8
leaf_value=0.10814240053329963 -0.03775528300348055 0.060778424492686084 0.064009408534361947 -0.085730326592506789 -0.0027858481684278034 0.061462024821165334 -0.0092045446956613621
leaf_weight=174.06096959114075 410.73929633200169 148.47922325134277 11.110382959246634 396.94185702502728 328.95169036090374 378.92460244894028 171.2624194920063
leaf_count=727 1718 601 45 1673 1331 1579 693
internal_value=-1.14137e-05 0.0489117 -0.050927 -0.0614099 0.0170681 0.0763241 -0.00441951
internal_weight=2020.47 1030.42 990.054 807.681 477.431 552.986 182.373
internal_count=8367 4238 4129 3391 1932 2306 738
is_linear=0
shrinkage=0.1


Tree=6
num_leaves=8
num_cat=0
split_feature=2 14 53 50 35 42 16
split_gain=413.362 82.322 44.7631 41.8938 29.6388 22.8996 16.9661
threshold=1.0000000180025095e-35 1.0000000180025095e-35 1.0000000180025095e-35 1.0000000180025095e-35 1.0000000180025095e-35 1.0000000180025095e-35 1.0000000180025095e-35
decision_type=2 2 2 2 2 2 2
left_child=1 3 6 -1 -4 -3 -2
right_child=2 5 4 -5 -6 -7 -8
leaf_value=0.012148045244768995 -0.047118700170684875 0.040852386993294541 -0.069516398995632833 0.071407899550007495 -0.018276149245892225 -0.026552526863787632 -0.092762014713773558
leaf_weight=147.51819245517254 137.7033606171608 70.540974259376526 146.99267370998859 632.96097335219383 481.15159317851067 169.68301679193974 212.8356407135725
leaf_count=601 591 289 627 2658 1991 690 920
internal_value=-3.27824e-06 0.0444988 -0.0464141 0.0602371 -0.0303584 -0.006672 -0.0750168
internal_weight=1999.39 1020.7 978.683 780.479 628.144 240.224 350.539
internal_count=8367 4238 4129 3259 2618 979 1511
is_linear=0
shrinkage=0.1


Tree=7
num_leaves=8
num_cat=0
split_feature=2 8 20 41 42 0 27
split_gain=339.191 71.235 50.3466 39.4922 51.2822 17.7585 15.115
threshold=1.0000000180025095e-35 1.0000000180025095e-35 1.0000000180025095e-35 1.0000000180025095e-35 1.0000000180025095e-35 1.0000000180025095e-35 1.0000000180025095e-35
decision_type=2 2 2 2 2 2 2
left_child=1 6 -3 4 -2 -5 -1
right_child=3 2 -4 5 -6 -7 -8
leaf_value=0.080544298677528603 -0.0074054421746155945 0.034930521076499577 -0.03276991929462638 0.13712308398864712 -0.06458844861002952 -0.0017370276162348706 0.0056308143834128436
leaf_weight=348.61866639554501 209.37346284091473 493.16499854624271 140.38611233234406 8.962636858224867 627.31562981009483 121.57899048924446 29.350731864571571
leaf_count=1515 881 2025 570 37 2720 491 128
internal_value=-1.40103e-05 0.0404524 0.019901 -0.0423315 -0.0503049 0.00876669 0.0747572
internal_weight=1978.75 1011.52 633.551 967.231 836.689 130.542 377.969
internal_count=8367 4238 2595 4129 3601 528 1643
is_linear=0
shrinkage=0.1


Tree=8
num_leaves=8
num_cat=0
split_feature=5 62 42 43 41 12 51
split_gain=285.478 63.9568 36.5709 33.6688 39.0947 28.4204 10.9103
threshold=1.0000000180025095e-35 1.0000000180025095e-35 1.0000000180025095e-35 1.0000000180025095e-35 1.0000000180025095e-35 1.0000000180025095e-35 1.0000000180025095e-35
decision_type=2 2 2 2 2 2 2
left_child=3 5 -3 6 -5 -2 -1
right_child=1 2 -4 4 -6 -7 -8
leaf_value=-0.013471722744944729 -0.042243920694460257 0.023869924006120591 -0.023928308485259512 0.026183614688143803 0.11007372413657862 -0.098844116000400967 0.09155389410601894
leaf_weight=10.167338103055952 293.40195296704769 211.85564090311527 645.52948974072933 410.53435456752777 63.48887588083744 128.25995190441608 194.14689034223557
leaf_count=42 1282 875 2714 1752 277 570 855
internal_value=-6.52853e-06 -0.0278137 -0.0121036 0.0523893 0.0376276 -0.0596535 0.0862873
internal_weight=1957.38 1279.05 857.385 678.337 474.023 421.662 204.314
internal_count=8367 5441 3589 2926 2029 1852 897
is_linear=0
shrinkage=0.1


Tree=9
num_leaves=8
num_cat=0
split_feature=2 12 27 53 34 16 20
split_gain=238.944 60.3566 45.3877 34.9975 22.8125 13.9936 6.42283
threshold=1.0000000180025095e-35 1.0000000180025095e-35 1.0000000180025095e-35 1.0000000180025095e-35 1.0000000180025095e-35 1.0000000180025095e-35 1.0000000180025095e-35
decision_type=2 2 2 2 2 2 2
left_child=1 2 -1 5 -5 -2 -3
right_child=3 6 -4 4 -6 -7 -8
leaf_value=0.055288422794163711 -0.036400488747545916 -0.010237176515387206 0.0028861341187002409 -0.053712558834572127 -0.010078127514304227 -0.078707839178337596 -0.062159232487263162
leaf_weight=674.48454700410366 132.7813853174448 42.02402263879776 218.98510545492172 162.42923387885094 451.45771519839764 199.99736362695694 55.447782248258591
leaf_count=2930 591 172 909 721 1897 920 227
internal_value=2.20856e-06 0.0343087 0.0424625 -0.0359071 -0.021692 -0.0619865 -0.0401048
internal_weight=1937.61 990.941 893.47 946.666 613.887 332.779 97.4718
internal_count=8367 4238 3839 4129 2618 1511 399
is_linear=0
shrinkage=0.1


Tree=10
num_leaves=8
num_cat=0
split_feature=5 0 24 11 43 41 52
split_gain=199.334 52.6065 56.6014 41.2954 29.4777 33.7389 10.7839
threshold=1.0000000180025095e-35 1.0000000180025095e-35 1.0000000180025095e-35 1.0000000180025095e-35 1.0000000180025095e-35 1.0000000180025095e-35 1.0000000180025095e-35
decision_type=2 2 2 2 2 2 2
left_child=4 2 -2 -3 6 -6 -1
right_child=1 3 -4 -5 5 -7 -8
leaf_value=-0.0674588925148734 0.036010333801317761 -0.06501202745251132 -0.024112985346996404 0.0025351355588883935 0.020052618378062697 0.099671403462570238 0.080554503770674524
leaf_weight=4.3352266252040854 218.49057237803936 374.90084014832973 545.47807015478611 119.11486215889454 403.5158279389143 60.482594072818756 191.43926331400871
leaf_count=18 911 1719 2327 484 1752 277 879
internal_value=-1.31639e-05 -0.0233576 -0.00689347 -0.0487531 0.0444655 0.030623 0.0769507
internal_weight=1917.76 1257.98 763.969 494.016 659.773 463.998 195.774
internal_count=8367 5441 3238 2203 2926 2029 897
is_linear=0
shrinkage=0.1


Tree=11
num_leaves=8
num_cat=0
split_feature=3 54 43 41 42 17 26
split_gain=164.797 40.082 33.5045 37.9237 31.176 13.0408 11.248
threshold=1.0000000180025095e-35 1.0000000180025095e-35 1.0000000180025095e-35 1.0000000180025095e-35 1.0000000180025095e-35 1.0000000180025095e-35 1.0000000180025095e-35
decision_type=2 2 2 2 2 2 2
left_child=2 5 6 -4 -3 -2 -1
right_child=1 4 3 -5 -6 -7 -8
leaf_value=0.0740666951464133 -0.005698317447751098 0.018143856910350312 0.012782271825189363 0.094801893059020759 -0.025370027358296472 -0.072709579052983517 -0.019939513285863242
leaf_weight=207.82157529890537 34.540873199701309 215.45060896873474 487.26127064228058 62.826287761330605 689.09514459967613 187.49970614910126 13.153659686446188
leaf_count=968 156 904 2100 295 2999 888 57
internal_value=-6.47472e-06 -0.0243784 0.0355884 0.0223049 -0.014997 -0.0623575 0.0684063
internal_weight=1897.65 1126.59 771.063 550.088 904.546 222.041 220.975
internal_count=8367 4947 3420 2395 3903 1044 1025
is_linear=0
shrinkage=0.1


Tree=12
num_leaves=8
num_cat=0
split_feature=6 62 43 41 18 9 35
split_gain=139.95 50.5404 30.6871 24.25 23.8495 14.7774 6.04388
threshold=1.0000000180025095e-35 1.0000000180025095e-35 1.0000000180025095e-35 1.0000000180025095e-35 1.0000000180025095e-35 1.0000000180025095e-35 1.0000000180025095e-35
decision_type=2 2 2 2 2 2 2
left_child=4 3 -3 -2 5 -1 -6
right_child=1 2 -4 -5 6 -7 -8
leaf_value=0.076024238089399787 -0.049000589898387237 0.032052994227624337 -0.012539131139121584 0.09880167158882959 -0.062948233405006493 0.038180882987877564 0.006600881755389254
leaf_weight=178.67601674795151 411.68415223062038 191.86468328535557 771.48627243936062 10.505634635686873 16.043200805783272 252.89256367087364 46.236177653074265
leaf_count=867 1912 811 3294 44 70 1161 208
internal_value=1.66376e-06 -0.0162919 -0.00363396 -0.0450979 0.0456555 0.0539881 -0.0120267
internal_weight=1879.39 1385.54 963.351 422.19 493.848 431.569 62.2794
internal_count=8367 6061 4105 1956 2306 2028 278
is_linear=0
shrinkage=0.1


Tree=13
num_leaves=8
num_cat=0
split_feature=1 14 59 26 42 22 49
split_gain=121.65 65.4181 27.6393 27.3392 25.0016 18.1934 3.31661
threshold=1.0000000180025095e-35 1.0000000180025095e-35 1.0000000180025095e-35 1.0000000180025095e-35 1.0000000180025095e-35 1.0000000180025095e-35 1.0000000180025095e-35
decision_type=2 2 2 2 2 2 2
left_child=1 3 5 -1 -3 -2 -4
right_child=2 4 6 -5 -6 -7 -8
leaf_value=0.042679345769840893 -0.02487844889519987 0.02613893634772765 -0.051894307375413562 -0.0062099101443668751 -0.036642030111536786 -0.061171999758128072 0.0081536797554370346
leaf_weight=700.4794020652771 282.2125333994627 87.588688254356384 8.8037833124399167 136.38678959012032 223.50912061333656 273.94976599514484 149.3612215667963
leaf_count=3187 1302 375 38 573 947 1332 613
internal_value=1.43765e-05 0.0201701 -0.0323598 0.0347138 -0.0189391 -0.0428333 0.00450625
internal_weight=1862.29 1147.96 714.327 836.866 311.098 556.162 158.165
internal_count=8367 5082 3285 3760 1322 2634 651
is_linear=0
shrinkage=0.1


Tree=14
num_leaves=8
num_cat=0
split_feature=2 12 43 41 0 0 20
split_gain=101.004 37.7382 31.9289 22.3681 32.6337 14.0604 5.13438
threshold=1.0000000180025095e-35 1.0000000180025095e-35 1.0000000180025095e-35 1.0000000180025095e-35 1.0000000180025095e-35 1.0000000180025095e-35 1.0000000180025095e-35
decision_type=2 2 2 2 2 2 2
left_child=1 2 -1 4 -2 -5 -3
right_child=3 6 -4 5 -6 -7 -8
leaf_value=0.061156706856047904 -0.011619319395287748 -0.0094954301752022477 0.0176251659295792 0.12793548823863349 -0.052954492213206243 0.0048728507855362296 -0.056340233438517379
leaf_weight=231.55199673771858 421.37621277570724 41.35305355489254 616.7595105022192 9.06737372279167 349.46477046608925 120.62900923192501 54.358507573604584
leaf_count=1114 1889 172 2725 37 1712 491 227
internal_value=1.84376e-06 0.0228451 0.0295654 -0.0239433 -0.0304032 0.0143895 -0.036408
internal_weight=1844.56 944.023 848.312 900.537 770.841 129.696 95.7116
internal_count=8367 4238 3839 4129 3601 528 399
is_linear=0
shrinkage=0.1


Tree=15
num_leaves=8
num_cat=0
split_feature=6 23 41 57 18 9 35
split_gain=88.1725 39.5928 31.2948 24.5071 18.9419 12.8345 4.60382
threshold=1.0000000180025095e-35 1.0000000180025095e-35 1.0000000180025095e-35 1.0000000180025095e-35 1.0000000180025095e-35 1.0000000180025095e-35 1.0000000180025095e-35
decision_type=2 2 2 2 2 2 2
left_child=4 3 -3 -2 5 -1 -6
right_child=1 2 -4 -5 6 -7 -8
leaf_value=0.066194456034291804 -0.02156485278786514 -0.030860506703319763 0.020250269705656437 0.032393187156876009 -0.05874531382074305 0.030039797157810483 0.0021630057327973579
leaf_weight=167.37898197770119 125.15808440744877 838.71656493842602 139.02130536735058 252.58796757459641 16.056637734174728 243.57526691257954 45.307763293385506
leaf_count=867 559 3840 566 1096 70 1161 208
internal_value=3.41504e-06 -0.0129634 -0.02358 0.0145056 0.0371651 0.0448903 -0.0144607
internal_weight=1827.8 1355.48 977.738 377.746 472.319 410.954 61.3644
internal_count=8367 6061 4406 1655 2306 2028 278
is_linear=0
shrinkage=0.1


Tree=16
num_leaves=8
num_cat=0
split_feature=16 26 60 50 0 43 41
split_gain=76.0296 52.1659 41.0442 25.2732 21.0819 16.1182 14.4517
threshold=1.0000000180025095e-35 1.0000000180025095e-35 1.0000000180025095e-35 1.0000000180025095e-35 1.0000000180025095e-35 1.0000000180025095e-35 1.0000000180025095e-35
decision_type=2 2 2 2 2 2 2
left_child=1 3 4 -1 -2 -4 -3
right_child=2 6 5 -5 -6 -7 -8
leaf_value=0.0064276873393752281 -0.024773469386199492 -0.020547292006548784 0.043036974406764759 0.051979661095912455 -0.068767714992768569 -0.0061736161212739456 0.086420082796361972
leaf_weight=173.38292951881886 342.80661000311375 249.01751656830311 79.393204405903816 410.87389135360718 160.10986024141312 385.81553289294243 12.324642300605772
leaf_count=758 1543 1141 366 2006 851 1650 52
internal_value=1.08381e-05 0.0219044 -0.0191148 0.0384958 -0.0388883 0.00229903 -0.0151926
internal_weight=1813.72 845.599 968.125 584.257 502.916 465.209 261.342
internal_count=8367 3957 4410 2764 2394 2016 1193
is_linear=0
shrinkage=0.1


Tree=17
num_leaves=8
num_cat=0
split_feature=1 14 41 42 55 46 16
split_gain=63.9706 38.2883 21.4534 17.9886 17.1651 18.0963 5.99872
threshold=1.0000000180025095e-35 1.0000000180025095e-35 1.0000000180025095e-35 1.0000000180025095e-35 1.0000000180025095e-35 1.0000000180025095e-35 1.0000000180025095e-35
decision_type=2 2 2 2 2 2 2
left_child=1 2 -1 -3 6 -6 -2
right_child=4 3 -4 -5 5 -7 -8
leaf_value=0.021501658552914894 -0.028409382096170645 0.02330220630394499 0.082921126436543591 -0.03036851501266807 -0.12191037457189345 -0.012964117510459226 -0.072402987646840528
leaf_weight=745.79487010836601 52.143044844269753 86.156892672181129 60.771269276738167 220.28797556459904 14.716429114341734 534.29713247716427 83.272450253367424
leaf_count=3447 264 375 313 947 71 2481 469
internal_value=1.29241e-05 0.0148026 0.0262263 -0.0152523 -0.0240244 -0.0161008 -0.0557953
internal_weight=1797.44 1113.01 806.566 306.445 684.429 549.014 135.415
internal_count=8367 5082 3760 1322 3285 2552 733
is_linear=0
shrinkage=0.1


Tree=18
num_leaves=8
num_cat=0
split_feature=50 27 12 42 41 41 19
split_gain=55.8837 48.3544 43.442 26.9275 19.8687 10.9597 9.77017
threshold=1.0000000180025095e-35 1.0000000180025095e-35 1.0000000180025095e-35 1.0000000180025095e-35 1.0000000180025095e-35 1.0000000180025095e-35 1.0000000180025095e-35
decision_type=2 2 2 2 2 2 2
left_child=3 2 -2 6 -5 -3 -1
right_child=1 5 -4 4 -6 -7 -8
leaf_value=0.021365248637566513 0.043842988320390741 -0.017961584925389639 -0.030489588917006712 -0.038739568934915224 0.069547558111531405 0.015616274246031759 -0.03759839038384253
leaf_weight=146.7713822722435 518.66542342305183 372.13800719380379 91.906417846679688 473.57210910320282 16.683033794164658 130.58841003477573 33.746189251542091
leaf_count=657 2559 1666 401 2320 72 536 156
internal_value=-2.00711e-07 0.013734 0.0326225 -0.0227817 -0.0349206 -0.0092257 0.0101961
internal_weight=1784.07 1113.3 610.572 670.773 490.255 502.726 180.518
internal_count=8367 5162 2960 3205 2392 2202 813
is_linear=0
shrinkage=0.1


Tree=19
num_leaves=8
num_cat=0
split_feature=16 25 60 50 0 43 30
split_gain=50.547 36.402 29.009 19.9423 16.1836 11.5385 9.96411
threshold=1.0000000180025095e-35 1.0000000180025095e-35 1.0000000180025095e-35 1.0000000180025095e-35 1.0000000180025095e-35 1.0000000180025095e-35 1.0000000180025095e-35
decision_type=2 2 2 2 2 2 2
left_child=1 3 4 -1 -2 -4 -3
right_child=2 6 5 -5 -6 -7 -8
leaf_value=0.0039270678725447624 -0.020501899612034923 0.03936279852927236 0.037111994599622888 0.040755476888764977 -0.060074148971623546 -0.0049193530203505698 -0.033931041963830837
leaf_weight=220.69468948245049 336.46591310203075 20.493135541677475 77.709832057356834 440.88210116326809 149.39080211520195 382.84959043562412 140.47755272686481
leaf_count=986 1543 94 366 2213 851 1650 664
internal_value=2.69527e-06 0.0181232 -0.0157486 0.0284944 -0.0327679 0.0022376 -0.0244146
internal_weight=1768.96 822.547 946.416 661.577 485.857 460.559 160.971
internal_count=8367 3957 4410 3199 2394 2016 758
is_linear=0
shrinkage=0.1


Tree=20
num_leaves=8
num_cat=0
split_feature=43 49 37 25 41 12 30
split_gain=45.6992 34.1639 25.8416 21.7542 19.4701 11.9322 8.5902
threshold=1.0000000180025095e-35 1.0000000180025095e-35 1.0000000180025095e-35 1.0000000180025095e-35 1.0000000180025095e-35 1.0000000180025095e-35 1.0000000180025095e-35
decision_type=2 2 2 2 2 2 2
left_child=3 4 -3 5 -2 -1 -5
right_child=1 2 -4 6 -6 -7 -8
leaf_value=0.048213506583209463 -0.031304413401427499 -0.034053568451140381 0.012532759206741947 0.059761583465844648 0.07218428255830385 -0.0055524393876163784 -0.043766537431541006
leaf_weight=279.2390633970499 531.75065989792347 143.37918753921986 678.53968147933483 8.7117570489644987 17.899080261588097 48.1789391040802 47.116769522428513
leaf_count=1404 2634 688 3095 39 78 213 216
internal_value=-3.52691e-07 -0.00853389 0.00437453 0.0304823 -0.0278094 0.0403091 -0.0268442
internal_weight=1754.82 1371.57 821.919 383.247 549.65 327.418 55.8285
internal_count=8367 6495 3783 1872 2712 1617 255
is_linear=0
shrinkage=0.1


Tree=21
num_leaves=8
num_cat=0
split_feature=16 27 35 43 41 55 20
split_gain=39.51 28.485 25.2025 17.3387 16.4021 15.8022 12.1622
threshold=1.0000000180025095e-35 1.0000000180025095e-35 1.0000000180025095e-35 1.0000000180025095e-35 1.0000000180025095e-35 1.0000000180025095e-35 1.0000000180025095e-35
decision_type=2 2 2 2 2 2 2
left_child=1 5 6 -4 -3 -1 -2
right_child=2 4 3 -5 -6 -7 -8
leaf_value=-0.033785708121000992 -0.022164708638349212 -0.0093830783238079696 0.030387667225700084 -0.011477424153505961 0.084210522002951982 0.03853734312937971 -0.067676011558633883
leaf_weight=31.855385765433311 138.61642356216908 349.08819435536861 118.48756177723408 574.24417950212955 18.784829527139664 409.74798767268658 102.85948191583157
leaf_count=143 680 1626 561 2634 83 2105 535
internal_value=3.18311e-06 0.0161637 -0.0140019 -0.00428317 -0.00438854 0.0332557 -0.0417499
internal_weight=1743.68 809.476 934.208 692.732 367.873 441.603 241.476
internal_count=8367 3957 4410 3195 1709 2248 1215
is_linear=0
shrinkage=0.1


Tree=22
num_leaves=7
num_cat=0
split_feature=0 22 41 57 11 16
split_gain=35.8848 31.0252 25.6274 18.9001 13.92 13.3133
threshold=1.0000000180025095e-35 1.0000000180025095e-35 1.0000000180025095e-35 1.0000000180025095e-35 1.0000000180025095e-35 1.0000000180025095e-35
decision_type=2 2 2 2 2 2
left_child=1 3 -3 -1 5 -2
right_child=4 2 -4 -5 -6 -7
leaf_value=-0.016092553452794735 -0.010372828819820682 -0.015177907756128038 0.065670715293159265 0.028721792447842405 0.0043379798350655467 -0.052427272132904691
leaf_weight=110.24554467201233 125.17388090491295 527.01865765452385 41.366415277123451 620.14678068459034 118.4639560431242 190.1199939250946
leaf_count=492 635 2512 221 2939 484 1084
internal_value=4.49405e-06 0.00832315 -0.00918884 0.0219448 -0.0248654 -0.0358169
internal_weight=1732.54 1298.78 568.385 730.392 433.758 315.294
internal_count=8367 6164 2733 3431 2203 1719
is_linear=0
shrinkage=0.1


Tree=23
num_leaves=8
num_cat=0
split_feature=42 41 10 0 25 55 49
split_gain=34.4133 26.227 23.0348 20.066 15.5494 14.1268 6.23676
threshold=1.0000000180025095e-35 1.0000000180025095e-35 1.0000000180025095e-35 1.0000000180025095e-35 1.0000000180025095e-35 1.0000000180025095e-35 1.0000000180025095e-35
decision_type=2 2 2 2 2 2 2
left_child=4 2 -2 -3 5 -1 -6
right_child=1 3 -4 -5 6 -7 -8
leaf_value=-0.030998886224471056 -0.0052540966574764411 0.071304210077889382 -0.037543431519068027 0.0020640443993854684 0.0091751790195127199 0.035857485629693368 -0.050468102998233746
leaf_weight=33.760605305433273 750.18878130614758 63.008503243327141 312.41147768497467 121.10978442430496 34.287308052182198 373.66767334938049 34.328488260507584
leaf_count=160 3606 350 1579 491 168 1861 152
internal_value=3.83587e-07 -0.00873374 -0.0147737 0.0260164 0.0228447 0.0302553 -0.0209607
internal_weight=1722.76 1246.72 1062.6 184.118 476.044 407.428 68.6158
internal_count=8367 6026 5185 841 2341 2021 320
is_linear=0
shrinkage=0.1


Tree=24
num_leaves=8
num_cat=0
split_feature=17 54 28 18 27 59 27
split_gain=28.9252 24.7494 20.3276 18.2426 11.1244 3.16797 2.53553
threshold=1.0000000180025095e-35 1.0000000180025095e-35 1.0000000180025095e-35 1.0000000180025095e-35 1.0000000180025095e-35 1.0000000180025095e-35 1.0000000180025095e-35
decision_type=2 2 2 2 2 2 2
left_child=3 6 -3 4 -1 -5 -2
right_child=1 2 -4 5 -6 -7 -8
leaf_value=0.050271699089699654 -0.05635423707153267 0.011786945174490551 -0.014505744159524978 -0.014798052775182188 0.012929143681205998 -0.070721025732478196 -0.03054116681629504
leaf_weight=176.13805942237377 79.189466878771782 566.8054263740778 608.90626481175423 39.97644354403019 146.80102191865444 12.94387713074684 82.355209544301033
leaf_count=958 425 2737 2808 197 680 63 499
internal_value=2.47393e-06 -0.00688899 -0.00183091 0.0244746 0.0333889 -0.0295343 -0.0434636
internal_weight=1713.12 1337.26 1175.71 375.859 322.939 52.9203 161.545
internal_count=8367 6469 5545 1898 1638 260 924
is_linear=0
shrinkage=0.1


end of trees

feature_importances:
MSinceMostRecentInqexcl7days_lt=_-7.5=17
MSinceMostRecentInqexcl7days_lt=_0.5=15
MSinceMostRecentInqexcl7days_lt=_1.5=11
ExternalRiskEstimate_lt=_63.5=10
AverageMInFile_lt=_75.5=7
ExternalRiskEstimate_lt=_70.5=6
AverageMInFile_lt=_48.5=6
PercentTradesNeverDelq_lt=_95.5=6
ExternalRiskEstimate_lt=_78.5=5
NumSatisfactoryTrades_lt=_13.5=5
PercentInstallTrades_lt=_45.5=5
ExternalRiskEstimate_lt=_67.5=4
NumSatisfactoryTrades_lt=_9.5=4
NetFractionRevolvingBurden_lt=_37.5=4
PercentTradesWBalance_lt=_45.5=4
ExternalRiskEstimate_lt=_73.5=3
ExternalRiskEstimate_lt=_74.5=3
AverageMInFile_lt=_63.5=3
NumSatisfactoryTrades_lt=_18.5=3
PercentTradesNeverDelq_lt=_85.5=3
PercentTradesNeverDelq_lt=_91.5=3
NetFractionRevolvingBurden_lt=_35.5=3
NetFractionRevolvingBurden_lt=_74.5=3
ExternalRiskEstimate_lt=_75.5=2
ExternalRiskEstimate_lt=_81.5=2
ExternalRiskEstimate_lt=_84.5=2
MSinceOldestTradeOpen_lt=_134.5=2
AverageMInFile_lt=_7.5=2
AverageMInFile_lt=_97.5=2
NumSatisfactoryTrades_lt=_12.5=2
NumSatisfactoryTrades_lt=_27.5=2
MSinceMostRecentDelq_lt=_31.5=2
NetFractionRevolvingBurden_lt=_47.5=2
NetFractionRevolvingBurden_lt=_57.5=2
NetFractionRevolvingBurden_lt=_58.5=2
NetFractionRevolvingBurden_lt=_71.5=2
NumRevolvingTradesWBalance_lt=_7.5=2
PercentTradesWBalance_lt=_66.5=2
PercentTradesWBalance_lt=_80.5=2
ExternalRiskEstimate_lt=_80.5=1
AverageMInFile_lt=_59.5=1
AverageMInFile_lt=_69.5=1
NumSatisfactoryTrades_lt=_26.5=1
PercentTradesNeverDelq_lt=_96.5=1
PercentInstallTrades_lt=_43.5=1
PercentInstallTrades_lt=_47.5=1
NumInqLast6Mexcl7days_lt=_7.5=1
PercentTradesWBalance_lt=_73.5=1

parameters:
[boosting: gbdt]
[objective: binary]
[metric: binary_logloss]
[tree_learner: serial]
[device_type: cpu]
[data_sample_strategy: bagging]
[data: ]
[valid: ]
[num_iterations: 25]
[learning_rate: 0.1]
[num_leaves: 31]
[num_threads: 8]
[seed: 42]
[deterministic: 0]
[force_col_wise: 0]
[force_row_wise: 0]
[histogram_pool_size: -1]
[max_depth: 3]
[min_data_in_leaf: 20]
[min_sum_hessian_in_leaf: 0.001]
[bagging_fraction: 1]
[pos_bagging_fraction: 1]
[neg_bagging_fraction: 1]
[bagging_freq: 0]
[bagging_seed: 400]
[bagging_by_query: 0]
[feature_fraction: 1]
[feature_fraction_bynode: 1]
[feature_fraction_seed: 30056]
[extra_trees: 0]
[extra_seed: 12879]
[early_stopping_round: 0]
[early_stopping_min_delta: 0]
[first_metric_only: 0]
[max_delta_step: 0]
[lambda_l1: 0]
[lambda_l2: 1]
[linear_lambda: 0]
[min_gain_to_split: 0]
[drop_rate: 0.1]
[max_drop: 50]
[skip_drop: 0.5]
[xgboost_dart_mode: 0]
[uniform_drop: 0]
[drop_seed: 17869]
[top_rate: 0.2]
[other_rate: 0.1]
[min_data_per_group: 100]
[max_cat_threshold: 32]
[cat_l2: 10]
[cat_smooth: 10]
[max_cat_to_onehot: 4]
[top_k: 20]
[monotone_constraints: ]
[monotone_constraints_method: basic]
[monotone_penalty: 0]
[feature_contri: ]
[forcedsplits_filename: ]
[refit_decay_rate: 0.9]
[cegb_tradeoff: 1]
[cegb_penalty_split: 0]
[cegb_penalty_feature_lazy: ]
[cegb_penalty_feature_coupled: ]
[path_smooth: 0]
[interaction_constraints: ]
[verbosity: -1]
[saved_feature_importance_type: 0]
[use_quantized_grad: 0]
[num_grad_quant_bins: 4]
[quant_train_renew_leaf: 0]
[stochastic_rounding: 1]
[linear_tree: 0]
[max_bin: 255]
[max_bin_by_feature: ]
[min_data_in_bin: 3]
[bin_construct_sample_cnt: 200000]
[data_random_seed: 175]
[is_enable_sparse: 1]
[enable_bundle: 1]
[use_missing: 1]
[zero_as_missing: 0]
[feature_pre_filter: 1]
[pre_partition: 0]
[two_round: 0]
[header: 0]
[label_column: ]
[weight_column: ]
[group_column: ]
[ignore_column: ]
[categorical_feature: ]
[forcedbins_filename: ]
[precise_float_parser: 0]
[parser_config_file: ]
[objective_seed: 16083]
[num_class: 1]
[is_unbalance: 0]
[scale_pos_weight: 1]
[sigmoid: 1]
[boost_from_average: 1]
[reg_sqrt: 0]
[alpha: 0.9]
[fair_c: 1]
[poisson_max_delta_step: 0.7]
[tweedie_variance_power: 1.5]
[lambdarank_truncation_level: 30]
[lambdarank_norm: 1]
[label_gain: ]
[lambdarank_position_bias_regularization: 0]
[eval_at: ]
[multi_error_top_k: 1]
[auc_mu_weights: ]
[num_machines: 1]
[local_listen_port: 12400]
[time_out: 120]
[machine_list_filename: ]
[machines: ]
[gpu_platform_id: -1]
[gpu_device_id: -1]
[gpu_use_dp: 0]
[num_gpu: 1]

end of parameters

pandas_categorical:[]
