tree
version=v4
num_class=1
num_tree_per_iteration=1
label_index=0
max_feature_idx=47
objective=binary sigmoid:1
feature_names=Time_lt=_139712.5 V4_lt=_0.015975337475538254 V4_lt=_1.7534670233726501 V7_lt=_-8.717421054840088 V7_lt=_-3.5619876384735107 V7_lt=_-2.1809191703796387 V7_lt=_0.23953568562865257 V7_lt=_1.1002897024154663 V8_lt=_3.4224048852920532 V10_lt=_-11.314587116241455 V10_lt=_-1.8473044037818909 V10_lt=_0.6139545440673828 V11_lt=_9.018476486206055 V12_lt=_-6.403985500335693 V12_lt=_-5.671812295913696 V12_lt=_-4.8984174728393555 V12_lt=_-4.66619873046875 V12_lt=_-4.562479019165039 V12_lt=_-2.439581871032715 V12_lt=_-2.1808799505233765 V14_lt=_-7.754872560501099 V14_lt=_-4.733345985412598 V14_lt=_-4.687184810638428 V14_lt=_-4.680435419082642 V14_lt=_-4.664211988449097 V14_lt=_-4.661453723907471 V14_lt=_-4.591530084609985 V14_lt=_-3.9138342142105103 V14_lt=_-3.1820223331451416 V15_lt=_-0.45528268814086914 V16_lt=_-4.776714086532593 V16_lt=_-4.719216346740723 V17_lt=_-5.316558122634888 V17_lt=_-3.398912787437439 V17_lt=_-3.326195001602173 V17_lt=_-3.1761386394500732 V17_lt=_-3.050985336303711 V17_lt=_-2.9374784231185913 V17_lt=_-2.7144826650619507 V17_lt=_-2.70379102230072 V17_lt=_-2.3193869590759277 V25_lt=_0.43659424781799316 V25_lt=_0.44886550307273865 V26_lt=_-0.2276749685406685 V27_lt=_1.6750953197479248 V27_lt=_1.791922926902771 V28_lt=_0.11989044025540352 V17_lt=_-3.135411858558655
feature_infos=[0:1] [0:1] [0:1] [0:1] [0:1] [0:1] [0:1] [0:1] [0:1] [0:1] [0:1] [0:1] [0:1] [0:1] [0:1] [0:1] [0:1] [0:1] [0:1] [0:1] [0:1] [0:1] [0:1] [0:1] [0:1] [0:1] [0:1] [0:1] [0:1] [0:1] [0:1] [0:1] [0:1] [0:1] [0:1] [0:1] [0:1] [0:1] [0:1] [0:1] [0:1] [0:1] [0:1] [0:1] [0:1] [0:1] [0:1] [0:1]
tree_sizes=788 700 697 913 910 1023 1024 1022 1021 1027 1030 1030 1035 1029 1035 1031 1033 1034 812 813 923 926 927 930 928

Tree=0
num_leaves=6
num_cat=0
split_feature=39 25 11 11 2
split_gain=45277 2344.1 1309.13 426.868 24.5233
threshold=1.0000000180025095e-35 1.0000000180025095e-35 1.0000000180025095e-35 1.0000000180025095e-35 1.0000000180025095e-35
decision_type=2 2 2 2 2
left_child=1 4 -2 -3 -1
right_child=2 3 -4 -5 -6
leaf_value=-6.3533207265512086 -6.3626421131409323 -6.3756477230949873 10.863586222725935 -1.5468639328206724 -6.4480700215777684
leaf_weight=29.422299071215093 0.04488264350220561 0.20887691783718765 0.56448555481620033 0.16054176329634984 362.91760284779593
leaf_count=17044 26 121 327 93 210234
internal_value=-6.35834 -6.42676 10.3805 -2.29604 -6.44097
internal_weight=393.319 392.709 0.609368 0.369419 392.34
internal_count=227845 227492 353 214 227278
is_linear=0
shrinkage=1


Tree=1
num_leaves=5
num_cat=0
split_feature=37 27 10 2
split_gain=3059.98 196.517 70.7245 19.0299
threshold=1.0000000180025095e-35 1.0000000180025095e-35 1.0000000180025095e-35 1.0000000180025095e-35
decision_type=2 2 2 2
left_child=1 3 -3 -1
right_child=-2 2 -4 -5
leaf_value=-0.0050335254320748165 -5.5168407286468195 -0.01602196221342838 0.44137851487010771 -0.089034779870606429
leaf_weight=29.483082801885757 0.033589066537387136 5.0062120022485006 8.9911238760396373 331.64102820400149
leaf_count=16995 334 346 81 210089
internal_value=-0.0828344 -0.0676814 0.287627 -0.0822095
internal_weight=375.155 375.121 13.9973 361.124
internal_count=227845 227511 427 227084
is_linear=0
shrinkage=0.1


Tree=2
num_leaves=5
num_cat=0
split_feature=35 28 7 2
split_gain=1168.55 151.11 50.5989 17.342
threshold=1.0000000180025095e-35 1.0000000180025095e-35 1.0000000180025095e-35 1.0000000180025095e-35
decision_type=2 2 2 2
left_child=1 3 -3 -1
right_child=-2 2 -4 -5
leaf_value=-0.0072735702953033322 -2.250237985822475 -0.051671622990414626 0.31059354296480263 -0.088283355321660123
leaf_weight=29.152104665408842 1.4675435789604296 5.0045810234159953 12.733030963529018 302.51487519673537
leaf_count=16886 321 507 704 209427
internal_value=-0.0813138 -0.0658082 0.211079 -0.0812062
internal_weight=350.872 349.405 17.7376 331.667
internal_count=227845 227524 1211 226313
is_linear=0
shrinkage=0.1


Tree=3
num_leaves=7
num_cat=0
split_feature=35 10 43 2 2 2
split_gain=82.6443 127.93 120.279 32.7732 29.4128 17.4043
threshold=1.0000000180025095e-35 1.0000000180025095e-35 1.0000000180025095e-35 1.0000000180025095e-35 1.0000000180025095e-35 1.0000000180025095e-35
decision_type=2 2 2 2 2 2
left_child=1 5 4 -3 -2 -1
right_child=2 3 -4 -5 -6 -7
leaf_value=-0.010847254476086265 0.0024575117937549467 0.27112559820214732 -0.71443238271004006 -0.022480141487571961 -0.41714821756141851 -0.087432705213335807
leaf_weight=33.599394901888445 7.8623619901228485 12.658250712192968 3.8898063544230572 5.0677518425718509 1.1172829158604134 274.38114162932015
leaf_count=16922 191 233 103 3333 27 207036
internal_value=-0.0743304 -0.0639287 -0.313991 0.190468 -0.0863198 -0.0791397
internal_weight=338.576 325.707 12.8695 17.726 8.97964 307.981
internal_count=227845 227524 321 3566 218 223958
is_linear=0
shrinkage=0.1


Tree=4
num_leaves=7
num_cat=0
split_feature=27 35 44 38 2 43
split_gain=52.2727 97.8449 79.6032 21.3406 17.6025 12.3534
threshold=1.0000000180025095e-35 1.0000000180025095e-35 1.0000000180025095e-35 1.0000000180025095e-35 1.0000000180025095e-35 1.0000000180025095e-35
decision_type=2 2 2 2 2 2
left_child=1 4 5 -4 -1 -2
right_child=2 -3 3 -5 -6 -7
leaf_value=-0.0032951551848969113 -0.055259981021336814 -0.56789661799086277 0.1547595534611243 -0.014591054800459647 -0.085682044565058041 -0.56202418464309867
leaf_weight=28.944483034145378 0.9169056812534101 3.1551548036372301 19.378902752944668 11.468068862392387 255.24429625107632 1.2528723634313792
leaf_count=16996 28 53 400 255 210090 23
internal_value=-0.0709922 -0.0846694 0.0470301 0.0933184 -0.077332 -0.432868
internal_weight=320.361 287.344 33.0167 30.847 284.189 2.16978
internal_count=227845 227139 706 655 227086 51
is_linear=0
shrinkage=0.1


Tree=5
num_leaves=8
num_cat=0
split_feature=2 44 27 35 9 28 7
split_gain=48.3252 46.1023 26.5801 20.7854 10.4826 8.78131 2.96939
threshold=1.0000000180025095e-35 1.0000000180025095e-35 1.0000000180025095e-35 1.0000000180025095e-35 1.0000000180025095e-35 1.0000000180025095e-35 1.0000000180025095e-35
decision_type=2 2 2 2 2 2 2
left_child=1 4 -3 6 -1 -5 -2
right_child=3 2 -4 5 -6 -7 -8
leaf_value=-0.39013834673326758 -0.043793495988138947 -0.032464809100672912 0.098452119455089748 -0.41592184563727114 -0.002051203858715578 -0.087624750755263686 -0.087331025618722913
leaf_weight=2.3592528973478575 20.254676734324676 31.186735316695376 29.139404530888896 1.8550781384110444 0.89128557220101345 2.0948258220471416 215.37568380700031
leaf_count=235 17921 16813 356 17 17 38 192448
internal_value=-0.0679843 0.0094136 0.0313464 -0.0884769 -0.309244 -0.294687 -0.0837894
internal_weight=303.157 63.5767 60.3261 239.58 3.25054 3.9499 235.63
internal_count=227845 17421 17169 210424 252 55 210369
is_linear=0
shrinkage=0.1


Tree=6
num_leaves=8
num_cat=0
split_feature=2 35 10 43 35 28 7
split_gain=44.2765 41.0377 43.1748 27.7751 12.3604 4.80156 3.02858
threshold=1.0000000180025095e-35 1.0000000180025095e-35 1.0000000180025095e-35 1.0000000180025095e-35 1.0000000180025095e-35 1.0000000180025095e-35 1.0000000180025095e-35
decision_type=2 2 2 2 2 2 2
left_child=1 2 -1 -3 6 -6 -2
right_child=4 3 -4 -5 5 -7 -8
leaf_value=-0.010526247744615212 -0.041392259317320226 0.0041785619364423576 0.19084089618260103 -0.25582336206779277 -0.31562984388640436 -0.077535676706229809 -0.086147133836128542
leaf_weight=32.908093353034928 19.390761482336956 7.9848915576976633 14.673113010971973 7.3953058645129204 2.4777369499206534 2.2519908030210161 197.43806098366895
leaf_count=16922 17921 191 233 75 17 38 192448
internal_value=-0.0657213 0.00819204 0.0542215 -0.128825 -0.086668 -0.235582 -0.0823532
internal_weight=284.52 62.9614 47.5812 15.3802 221.559 4.72973 216.829
internal_count=227845 17421 17155 266 210424 55 210369
is_linear=0
shrinkage=0.1


Tree=7
num_leaves=8
num_cat=0
split_feature=2 35 10 46 35 1 28
split_gain=41.7293 31.7099 34.269 22.7212 7.36616 3.22713 2.97853
threshold=1.0000000180025095e-35 1.0000000180025095e-35 1.0000000180025095e-35 1.0000000180025095e-35 1.0000000180025095e-35 1.0000000180025095e-35 1.0000000180025095e-35
decision_type=2 2 2 2 2 2 2
left_child=1 2 -1 -3 5 -2 -6
right_child=4 3 -4 -5 6 -7 -8
leaf_value=-0.009599608490726181 -0.065039944916537362 -0.18027656366570236 0.16863096657076482 0.058685055435109795 -0.25376509456875057 -0.09291165085199031 -0.068891588895872477
leaf_weight=32.590187855996192 89.431313431688977 11.598969001322986 15.053080158948431 5.2295929778994994 2.9858635365962973 110.38169074359575 2.3984006696800009
leaf_count=16922 93831 169 233 97 17 116538 38
internal_value=-0.0627963 0.00731427 0.0490221 -0.106891 -0.0847533 -0.080823 -0.195104
internal_weight=269.669 64.4718 47.6433 16.8286 205.197 199.813 5.38426
internal_count=227845 17421 17155 266 210424 210369 55
is_linear=0
shrinkage=0.1


Tree=8
num_leaves=8
num_cat=0
split_feature=2 44 27 9 35 1 28
split_gain=39.2532 25.2789 15.8777 5.29408 4.33342 3.4054 2.04882
threshold=1.0000000180025095e-35 1.0000000180025095e-35 1.0000000180025095e-35 1.0000000180025095e-35 1.0000000180025095e-35 1.0000000180025095e-35 1.0000000180025095e-35
decision_type=2 2 2 2 2 2 2
left_child=1 3 -3 -1 5 -2 -6
right_child=4 2 -4 -5 6 -7 -8
leaf_value=-0.2458959653630779 -0.062690369181188421 -0.026134356538520656 0.07425207993219142 0.0050356562849727974 -0.21231477348724703 -0.092212091953954772 -0.06143643287508737
leaf_weight=3.4759825327648448 83.835668455105832 30.459272933155262 30.804079272973013 0.98653153330087651 3.3831350356340399 100.60491666532653 2.534276500104454
leaf_count=235 93831 16813 356 17 17 116538 38
internal_value=-0.0598505 0.00672496 0.0247232 -0.199656 -0.0827523 -0.0792037 -0.16592
internal_weight=256.084 65.7259 61.2634 4.46251 190.358 184.441 5.91741
internal_count=227845 17421 17169 252 210424 210369 55
is_linear=0
shrinkage=0.1


Tree=9
num_leaves=8
num_cat=0
split_feature=2 35 10 46 7 1 31
split_gain=35.7274 23.996 25.2136 15.3263 4.27013 4.40717 2.23375
threshold=1.0000000180025095e-35 1.0000000180025095e-35 1.0000000180025095e-35 1.0000000180025095e-35 1.0000000180025095e-35 1.0000000180025095e-35 1.0000000180025095e-35
decision_type=2 2 2 2 2 2 2
left_child=1 2 -1 -3 5 -2 -6
right_child=4 3 -4 -5 6 -7 -8
leaf_value=-0.0078785301682678128 0.039717934885591506 -0.14225921429195532 0.14540731189311298 0.054949491601609425 -0.086390821144923857 -0.064844002275538895 0.047907352794158163
leaf_weight=31.787378948705722 5.4226631372189873 13.18298037722707 15.126713165552244 4.837142835518832 160.43932425784354 10.352534097429469 0.65865814685821433
leaf_count=16922 5834 169 233 97 192488 12096 6
internal_value=-0.057489 0.00591065 0.0435493 -0.0892166 -0.0806668 -0.0286762 -0.0855496
internal_weight=241.807 64.9342 46.9141 18.0201 176.873 15.7752 161.098
internal_count=227845 17421 17155 266 210424 17930 192494
is_linear=0
shrinkage=0.1


Tree=10
num_leaves=8
num_cat=0
split_feature=2 35 10 46 7 1 28
split_gain=33.3638 18.8869 20.8644 11.336 4.17785 3.8528 2.48802
threshold=1.0000000180025095e-35 1.0000000180025095e-35 1.0000000180025095e-35 1.0000000180025095e-35 1.0000000180025095e-35 1.0000000180025095e-35 1.0000000180025095e-35
decision_type=2 2 2 2 2 2 2
left_child=1 2 -1 -3 5 -2 -6
right_child=4 3 -4 -5 6 -7 -8
leaf_value=-0.0071673243119089493 0.035107303641297126 -0.11725513117752409 0.13278113798710817 0.052521741927998189 -0.08597458385099728 -0.062702407616984285 -0.0047377331563261092
leaf_weight=31.55926300532883 5.6404303802417788 14.527244523167612 15.008889941501137 4.6127031234519213 144.57365996018052 9.7035836616651352 3.9936384664679272
leaf_count=16922 5834 169 233 97 191929 12096 565
internal_value=-0.0546825 0.00549342 0.0397811 -0.0757629 -0.0786926 -0.0267996 -0.0838371
internal_weight=229.619 65.7081 46.5682 19.1399 163.911 15.344 148.567
internal_count=227845 17421 17155 266 210424 17930 192494
is_linear=0
shrinkage=0.1


Tree=11
num_leaves=8
num_cat=0
split_feature=2 8 10 9 7 1 28
split_gain=31.0326 16.0007 9.51998 9.39037 4.08367 3.36931 2.42146
threshold=1.0000000180025095e-35 1.0000000180025095e-35 1.0000000180025095e-35 1.0000000180025095e-35 1.0000000180025095e-35 1.0000000180025095e-35 1.0000000180025095e-35
decision_type=2 2 2 2 2 2 2
left_child=1 3 -3 -1 5 -2 -6
right_child=4 2 -4 -5 6 -7 -8
leaf_value=-0.18233117321685102 0.031136334044552433 -0.013936216784262385 0.065404282321770868 0.063183804907976621 -0.08444144767864227 -0.060521897070786146 -0.0043533649229315508
leaf_weight=5.4613682532217345 5.8401445326038557 32.312365507036134 26.967439392639562 1.4955367892980573 133.0898251660401 9.1147201796860315 3.9995933659174616
leaf_count=151 5834 16829 406 35 191929 12096 565
internal_value=-0.0519843 0.00512385 0.0226434 -0.128245 -0.0767339 -0.0250196 -0.0821533
internal_weight=218.281 66.2367 59.2798 6.95691 152.044 14.9549 137.089
internal_count=227845 17421 17235 186 210424 17930 192494
is_linear=0
shrinkage=0.1


Tree=12
num_leaves=8
num_cat=0
split_feature=2 35 18 9 1 7 7
split_gain=28.2605 14.6402 16.3084 8.22649 4.23278 4.97372 0.317255
threshold=1.0000000180025095e-35 1.0000000180025095e-35 1.0000000180025095e-35 1.0000000180025095e-35 1.0000000180025095e-35 1.0000000180025095e-35 1.0000000180025095e-35
decision_type=2 2 2 2 2 2 2
left_child=1 2 -1 -3 5 -2 -6
right_child=4 3 -4 -5 6 -7 -8
leaf_value=-0.0029067723549511021 0.027695508598139847 -0.093781205445055082 0.12608323554756543 0.062085626457571833 -0.058311058763584604 -0.063636372227972901 -0.095425017119865452
leaf_weight=32.57423293675447 6.0231426879883818 16.425198226966305 12.993841741442337 3.4614398740231982 8.5802036808186113 62.576124339306261 64.156295926063649
leaf_count=16074 5834 197 1081 69 12096 88041 104453
internal_value=-0.0496548 0.00465928 0.0357927 -0.0649777 -0.0746644 -0.0553346 -0.0918971
internal_weight=206.79 65.4547 45.5681 19.8866 141.336 68.5993 72.7365
internal_count=227845 17421 17155 266 210424 93875 116549
is_linear=0
shrinkage=0.1


Tree=13
num_leaves=8
num_cat=0
split_feature=2 44 27 1 7 9 7
split_gain=26.0445 13.0527 8.66132 4.4616 4.41504 2.31267 0.364058
threshold=1.0000000180025095e-35 1.0000000180025095e-35 1.0000000180025095e-35 1.0000000180025095e-35 1.0000000180025095e-35 1.0000000180025095e-35 1.0000000180025095e-35
decision_type=2 2 2 2 2 2 2
left_child=1 5 -3 4 -2 -1 -5
right_child=3 2 -4 6 -6 -7 -8
leaf_value=-0.15973511429917853 0.024698163958772841 -0.020082473370790818 0.054289979883101025 -0.056078861882712328 -0.060702146829318765 0.0045036161756153307 -0.094738078892754193
leaf_weight=4.2677504332123268 6.1907019002740915 29.773025567811587 31.12705883572221 8.0948438450273823 59.264669758966207 0.95975315943360318 58.458111966574492
leaf_count=235 5834 16813 356 12096 88041 17 104453
internal_value=-0.0468525 0.00437317 0.0181935 -0.0723532 -0.052375 -0.1337 -0.0909357
internal_weight=198.136 66.1276 60.9001 132.008 65.4554 5.2275 66.553
internal_count=227845 17421 17169 210424 93875 252 116549
is_linear=0
shrinkage=0.1


Tree=14
num_leaves=8
num_cat=0
split_feature=2 35 10 27 1 7 7
split_gain=23.3277 11.4301 12.9837 7.58026 4.65598 3.90436 0.407542
threshold=1.0000000180025095e-35 1.0000000180025095e-35 1.0000000180025095e-35 1.0000000180025095e-35 1.0000000180025095e-35 1.0000000180025095e-35 1.0000000180025095e-35
decision_type=2 2 2 2 2 2 2
left_child=1 2 -1 -3 5 -2 -6
right_child=4 3 -4 -5 6 -7 -8
leaf_value=-0.0051825206306076333 0.022074887232981066 -0.16708137888400371 0.10793998129962293 -0.022883666252770642 -0.053834536398203008 -0.057719033498873917 -0.093973226757582698
leaf_weight=30.73352865484776 6.3440306013304726 3.841025879631931 14.084049832938033 16.519459651783109 7.6539489166556214 56.303917902929243 53.312124338778631
leaf_count=16922 5834 30 233 236 12096 88041 104453
internal_value=-0.0445815 0.00383749 0.0319465 -0.0566352 -0.0699374 -0.0494188 -0.0898841
internal_weight=188.792 65.1781 44.8176 20.3605 123.614 62.6479 60.9661
internal_count=227845 17421 17155 266 210424 93875 116549
is_linear=0
shrinkage=0.1


Tree=15
num_leaves=8
num_cat=0
split_feature=2 44 27 1 7 9 7
split_gain=21.0541 10.4136 6.02819 4.81128 3.43896 1.91828 0.447246
threshold=1.0000000180025095e-35 1.0000000180025095e-35 1.0000000180025095e-35 1.0000000180025095e-35 1.0000000180025095e-35 1.0000000180025095e-35 1.0000000180025095e-35
decision_type=2 2 2 2 2 2 2
left_child=1 5 -3 4 -2 -1 -5
right_child=3 2 -4 6 -6 -7 -8
leaf_value=-0.14187947295728973 0.019769478579237679 -0.015833580401160719 0.04669776059443248 -0.051587344088274922 -0.054709458846842141 0.0053722617877280951 -0.0931252571284618
leaf_weight=4.3814113929704765 6.4842662713075745 29.61031721633708 30.324077834368381 7.2532799855744363 53.657103797944728 0.97360235825180996 48.665039672998319
leaf_count=235 5834 16813 356 12096 88041 17 104453
internal_value=-0.0420509 0.00339699 0.0160516 -0.0674283 -0.0464874 -0.118475 -0.0887383
internal_weight=181.349 65.2894 59.9344 116.06 60.1414 5.35501 55.9183
internal_count=227845 17421 17169 210424 93875 252 116549
is_linear=0
shrinkage=0.1


Tree=16
num_leaves=8
num_cat=0
split_feature=2 8 10 9 1 5 7
split_gain=18.7199 9.32426 5.59083 5.31681 4.92397 3.46584 0.482749
threshold=1.0000000180025095e-35 1.0000000180025095e-35 1.0000000180025095e-35 1.0000000180025095e-35 1.0000000180025095e-35 1.0000000180025095e-35 1.0000000180025095e-35
decision_type=2 2 2 2 2 2 2
left_child=1 3 -3 -1 5 -2 -6
right_child=4 2 -4 -5 6 -7 -8
leaf_value=-0.13187460271977655 -0.049546545876417478 -0.011139993646003644 0.050801247930971807 0.058003601963981813 -0.049346477987932895 0.048494635456960103 -0.092189192503217873
leaf_weight=6.0440376314800224 54.825777792614502 31.51037319413463 25.654875516445145 1.2481348551809786 6.8890067091040512 3.0777677772566667 44.468625221386887
leaf_count=151 92801 16829 406 35 12096 1074 104453
internal_value=-0.0398116 0.00295468 0.0170537 -0.0962992 -0.0648391 -0.0436005 -0.0874946
internal_weight=173.719 64.4574 57.1652 7.29217 109.261 57.9035 51.3576
internal_count=227845 17421 17235 186 210424 93875 116549
is_linear=0
shrinkage=0.1


Tree=17
num_leaves=8
num_cat=0
split_feature=2 35 18 46 1 7 7
split_gain=16.7387 8.92962 10.4297 6.0543 4.91157 3.17255 0.513689
threshold=1.0000000180025095e-35 1.0000000180025095e-35 1.0000000180025095e-35 1.0000000180025095e-35 1.0000000180025095e-35 1.0000000180025095e-35 1.0000000180025095e-35
decision_type=2 2 2 2 2 2 2
left_child=1 2 -1 -3 5 -2 -6
right_child=4 3 -4 -5 6 -7 -8
leaf_value=-0.0028875135650113658 0.022887968816821598 -0.077321832165391485 0.10363514928498607 0.048341923347080734 -0.047120876818042098 -0.049501631576162636 -0.091160409345658597
leaf_weight=31.308386311443428 6.2958142940627502 16.191029001027349 11.981160665629885 4.1921611944213444 6.5576708225225664 49.187467085663243 40.6792330819044
leaf_count=16074 5834 169 1081 97 12096 88041 104453
internal_value=-0.0376314 0.00268693 0.0282688 -0.0504248 -0.0624082 -0.0410276 -0.0861502
internal_weight=166.393 63.6727 43.2895 20.3832 102.72 55.4833 47.2369
internal_count=227845 17421 17155 266 210424 93875 116549
is_linear=0
shrinkage=0.1


Tree=18
num_leaves=6
num_cat=0
split_feature=1 28 7 7 7
split_gain=15.0526 6.31103 13.9995 9.7517 0.539769
threshold=1.0000000180025095e-35 1.0000000180025095e-35 1.0000000180025095e-35 1.0000000180025095e-35 1.0000000180025095e-35
decision_type=2 2 2 2 2
left_child=1 3 -3 -1 -2
right_child=4 2 -4 -5 -6
leaf_value=0.059527470453916743 -0.044919108733165292 -0.11889239769404898 0.039284746053732479 -0.046188143844279023 -0.090034739820557208
leaf_weight=9.1245792574482021 6.2561482182702823 5.62713696068377 35.314762551223794 67.569774825041506 37.257387426818255
leaf_count=7532 12096 283 934 102547 104453
internal_value=-0.035129 -0.0162321 0.0152282 -0.0330065 -0.0847031
internal_weight=161.15 117.636 40.9419 76.6944 43.5135
internal_count=227845 111296 1217 110079 116549
is_linear=0
shrinkage=0.1


Tree=19
num_leaves=6
num_cat=0
split_feature=1 35 10 28 7
split_gain=13.9442 5.23812 18.028 6.43498 0.560766
threshold=1.0000000180025095e-35 1.0000000180025095e-35 1.0000000180025095e-35 1.0000000180025095e-35 1.0000000180025095e-35
decision_type=2 2 2 2 2
left_child=1 2 -1 -3 -2
right_child=4 3 -4 -5 -6
leaf_value=-0.022831381836331502 -0.042749231354103259 -0.13680418478484144 0.098423749625816209 -0.023972687682528322 -0.088808553882877506
leaf_weight=74.144923123830253 5.9816187849879716 5.9286912043905344 13.653405621157843 20.953935776469962 34.167382116998866
leaf_count=110254 12096 33 732 277 104453
internal_value=-0.0331721 -0.015107 -0.0030791 -0.0528705 -0.083152
internal_weight=154.83 114.681 87.7983 26.8826 40.149
internal_count=227845 111296 110986 310 116549
is_linear=0
shrinkage=0.1


Tree=20
num_leaves=7
num_cat=0
split_feature=1 28 44 35 7 41
split_gain=12.9922 4.32683 9.25716 6.793 0.576542 1.20662
threshold=1.0000000180025095e-35 1.0000000180025095e-35 1.0000000180025095e-35 1.0000000180025095e-35 1.0000000180025095e-35 1.0000000180025095e-35
decision_type=2 2 2 2 2 2
left_child=1 3 -3 -1 5 -2
right_child=4 2 -4 -5 -6 -7
leaf_value=-0.017957617445337356 0.028009929016788324 -0.10144636079929298 0.031637997662772525 -0.12099196756730951 -0.087478903529821114 -0.062922363862434397
leaf_weight=67.189247876696754 1.3430645724270105 5.1322532230988136 34.788683967445706 6.1509750930805884 31.376953327249808 4.3884710252189327
leaf_count=110046 2814 52 1165 33 104453 9282
internal_value=-0.0309525 -0.0138239 0.0124676 -0.0281103 -0.081497 -0.0406187
internal_weight=150.37 113.261 39.9209 73.3402 37.1085 5.73154
internal_count=227845 111296 1217 110079 116549 12096
is_linear=0
shrinkage=0.1


Tree=21
num_leaves=7
num_cat=0
split_feature=1 8 28 9 7 41
split_gain=11.9933 4.06457 7.3109 3.87906 0.587493 1.09999
threshold=1.0000000180025095e-35 1.0000000180025095e-35 1.0000000180025095e-35 1.0000000180025095e-35 1.0000000180025095e-35 1.0000000180025095e-35
decision_type=2 2 2 2 2 2
left_child=1 3 -3 -1 5 -2
right_child=4 2 -4 -5 -6 -7
leaf_value=-0.10812237242799892 0.025959436185795794 -0.025017397247978392 0.031408119321947148 0.055578733947263162 -0.086043606936427139 -0.060981627805281949
leaf_weight=6.3233329944487187 1.3811778718395542 71.865005061322279 32.563971563478191 1.1435245499014852 28.856939418787078 4.1210845227693929
leaf_count=345 2814 109778 1138 35 104453 9282
internal_value=-0.0289353 -0.0127675 -0.00729127 -0.0794488 -0.0797381 -0.0385217
internal_weight=146.255 111.896 104.429 7.46686 34.3592 5.50226
internal_count=227845 111296 110916 380 116549 12096
is_linear=0
shrinkage=0.1


Tree=22
num_leaves=7
num_cat=0
split_feature=1 35 10 46 7 42
split_gain=11.0263 3.87052 13.4041 5.67204 0.592582 1.04795
threshold=1.0000000180025095e-35 1.0000000180025095e-35 1.0000000180025095e-35 1.0000000180025095e-35 1.0000000180025095e-35 1.0000000180025095e-35
decision_type=2 2 2 2 2 2
left_child=1 2 -1 -3 5 -2
right_child=4 3 -4 -5 -6 -7
leaf_value=-0.018458061429170732 0.02581413128388578 -0.072346317532086798 0.088754307110747832 0.024719432833989634 -0.084501433985301452 -0.059308869301832545
leaf_weight=69.978641242622871 1.3839124029861976 19.088158865228735 12.953999694917568 8.0031772335482021 26.580984652657207 3.911040483619078
leaf_count=110254 2747 190 732 120 104453 9349
internal_value=-0.0270313 -0.0117308 -0.000853667 -0.0438125 -0.0778795 -0.0364943
internal_weight=141.9 110.024 82.9326 27.0913 31.8759 5.29495
internal_count=227845 111296 110986 310 116549 12096
is_linear=0
shrinkage=0.1


Tree=23
num_leaves=7
num_cat=0
split_feature=1 2 44 5 7 41
split_gain=10.1617 3.63274 5.73291 3.22882 0.592459 0.909797
threshold=1.0000000180025095e-35 1.0000000180025095e-35 1.0000000180025095e-35 1.0000000180025095e-35 1.0000000180025095e-35 1.0000000180025095e-35
decision_type=2 2 2 2 2 2
left_child=1 2 -1 -3 5 -2
right_child=4 3 -4 -5 -6 -7
leaf_value=-0.085158049700146551 0.022334003096660764 -0.037475021861898758 0.015851279113492482 0.057655057267943323 -0.082852149015581605 -0.057060752332476886
leaf_weight=5.2490377892065672 1.4516868116577368 45.770153040976226 55.045392273823381 2.9817814390698905 24.525287910255429 3.654381460346289
leaf_count=252 2814 92801 17169 1074 104453 9282
internal_value=-0.0250044 -0.0106038 0.00581187 -0.0306147 -0.0759239 -0.0345274
internal_weight=138.678 109.046 60.2944 48.7519 29.6314 5.10607
internal_count=227845 111296 17421 93875 116549 12096
is_linear=0
shrinkage=0.1


Tree=24
num_leaves=7
num_cat=0
split_feature=1 0 28 9 7 41
split_gain=9.26374 3.31169 4.50671 4.36846 0.586421 0.825502
threshold=1.0000000180025095e-35 1.0000000180025095e-35 1.0000000180025095e-35 1.0000000180025095e-35 1.0000000180025095e-35 1.0000000180025095e-35
decision_type=2 2 2 2 2 2
left_child=1 2 -1 -3 5 -2
right_child=4 3 -4 -5 -6 -7
leaf_value=-0.010682832921773085 0.020719906907111271 -0.023532251069068786 0.07814132190736249 0.083180593983822576 -0.081096674523069678 -0.055103768764509786
leaf_weight=14.438831638311967 1.4844387413493221 81.952905109572228 8.2373117157894029 3.0557970828376702 22.668346808462957 3.4518485818833282
leaf_count=23127 2814 87942 158 69 104453 9282
internal_value=-0.0232672 -0.00973291 0.0235209 -0.0187737 -0.0738783 -0.0326528
internal_weight=135.289 107.685 22.6761 85.0087 27.6046 4.93629
internal_count=227845 111296 23285 88011 116549 12096
is_linear=0
shrinkage=0.1


end of trees

feature_importances:
V7_lt=_1.1002897024154663=26
V4_lt=_1.7534670233726501=21
V4_lt=_0.015975337475538254=18
V17_lt=_-3.1761386394500732=17
V14_lt=_-3.1820223331451416=12
V10_lt=_-1.8473044037818909=11
V10_lt=_-11.314587116241455=9
V14_lt=_-3.9138342142105103=7
V27_lt=_1.6750953197479248=7
V28_lt=_0.11989044025540352=5
V25_lt=_0.43659424781799316=4
V8_lt=_3.4224048852920532=3
V26_lt=_-0.2276749685406685=3
V7_lt=_-2.1809191703796387=2
V10_lt=_0.6139545440673828=2
V12_lt=_-2.439581871032715=2
Time_lt=_139712.5=1
V14_lt=_-4.661453723907471=1
V16_lt=_-4.719216346740723=1
V17_lt=_-2.9374784231185913=1
V17_lt=_-2.7144826650619507=1
V17_lt=_-2.70379102230072=1
V25_lt=_0.44886550307273865=1

parameters:
[boosting: gbdt]
[objective: binary]
[metric: binary_logloss]
[tree_learner: serial]
[device_type: cpu]
[data_sample_strategy: bagging]
[data: ]
[valid: ]
[num_iterations: 25]
[learning_rate: 0.1]
[num_leaves: 31]
[num_threads: 8]
[seed: 42]
[deterministic: 0]
[force_col_wise: 0]
[force_row_wise: 0]
[histogram_pool_size: -1]
[max_depth: 3]
[min_data_in_leaf: 20]
[min_sum_hessian_in_leaf: 0.001]
[bagging_fraction: 1]
[pos_bagging_fraction: 1]
[neg_bagging_fraction: 1]
[bagging_freq: 0]
[bagging_seed: 400]
[bagging_by_query: 0]
[feature_fraction: 1]
[feature_fraction_bynode: 1]
[feature_fraction_seed: 30056]
[extra_trees: 0]
[extra_seed: 12879]
[early_stopping_round: 0]
[early_stopping_min_delta: 0]
[first_metric_only: 0]
[max_delta_step: 0]
[lambda_l1: 0]
[lambda_l2: 1]
[linear_lambda: 0]
[min_gain_to_split: 0]
[drop_rate: 0.1]
[max_drop: 50]
[skip_drop: 0.5]
[xgboost_dart_mode: 0]
[uniform_drop: 0]
[drop_seed: 17869]
[top_rate: 0.2]
[other_rate: 0.1]
[min_data_per_group: 100]
[max_cat_threshold: 32]
[cat_l2: 10]
[cat_smooth: 10]
[max_cat_to_onehot: 4]
[top_k: 20]
[monotone_constraints: ]
[monotone_constraints_method: basic]
[monotone_penalty: 0]
[feature_contri: ]
[forcedsplits_filename: ]
[refit_decay_rate: 0.9]
[cegb_tradeoff: 1]
[cegb_penalty_split: 0]
[cegb_penalty_feature_lazy: ]
[cegb_penalty_feature_coupled: ]
[path_smooth: 0]
[interaction_constraints: ]
[verbosity: -1]
[saved_feature_importance_type: 0]
[use_quantized_grad: 0]
[num_grad_quant_bins: 4]
[quant_train_renew_leaf: 0]
[stochastic_rounding: 1]
[linear_tree: 0]
[max_bin: 255]
[max_bin_by_feature: ]
[min_data_in_bin: 3]
[bin_construct_sample_cnt: 200000]
[data_random_seed: 175]
[is_enable_sparse: 1]
[enable_bundle: 1]
[use_missing: 1]
[zero_as_missing: 0]
[feature_pre_filter: 1]
[pre_partition: 0]
[two_round: 0]
[header: 0]
[label_column: ]
[weight_column: ]
[group_column: ]
[ignore_column: ]
[categorical_feature: ]
[forcedbins_filename: ]
[precise_float_parser: 0]
[parser_config_file: ]
[objective_seed: 16083]
[num_class: 1]
[is_unbalance: 0]
[scale_pos_weight: 1]
[sigmoid: 1]
[boost_from_average: 1]
[reg_sqrt: 0]
[alpha: 0.9]
[fair_c: 1]
[poisson_max_delta_step: 0.7]
[tweedie_variance_power: 1.5]
[lambdarank_truncation_level: 30]
[lambdarank_norm: 1]
[label_gain: ]
[lambdarank_position_bias_regularization: 0]
[eval_at: ]
[multi_error_top_k: 1]
[auc_mu_weights: ]
[num_machines: 1]
[local_listen_port: 12400]
[time_out: 120]
[machine_list_filename: ]
[machines: ]
[gpu_platform_id: -1]
[gpu_device_id: -1]
[gpu_use_dp: 0]
[num_gpu: 1]

end of parameters

pandas_categorical:[]
