tree
version=v4
num_class=1
num_tree_per_iteration=1
label_index=0
max_feature_idx=39
objective=binary sigmoid:1
feature_names=ExternalRiskEstimate_lt=_63.5 ExternalRiskEstimate_lt=_66.5 ExternalRiskEstimate_lt=_67.5 ExternalRiskEstimate_lt=_70.5 ExternalRiskEstimate_lt=_73.5 ExternalRiskEstimate_lt=_74.5 ExternalRiskEstimate_lt=_75.5 ExternalRiskEstimate_lt=_78.5 ExternalRiskEstimate_lt=_80.5 ExternalRiskEstimate_lt=_81.5 ExternalRiskEstimate_lt=_84.5 MSinceOldestTradeOpen_lt=_213.5 AverageMInFile_lt=_42.5 AverageMInFile_lt=_49.5 AverageMInFile_lt=_59.5 AverageMInFile_lt=_63.5 AverageMInFile_lt=_64.5 AverageMInFile_lt=_69.5 AverageMInFile_lt=_75.5 AverageMInFile_lt=_80.5 NumSatisfactoryTrades_lt=_6.5 NumSatisfactoryTrades_lt=_9.5 NumSatisfactoryTrades_lt=_15.5 NumSatisfactoryTrades_lt=_18.5 NumSatisfactoryTrades_lt=_26.5 NumSatisfactoryTrades_lt=_27.5 PercentTradesNeverDelq_lt=_95.5 PercentInstallTrades_lt=_43.5 PercentInstallTrades_lt=_45.5 MSinceMostRecentInqexcl7days_lt=_-7.5 MSinceMostRecentInqexcl7days_lt=_0.5 MSinceMostRecentInqexcl7days_lt=_1.5 NetFractionRevolvingBurden_lt=_37.5 NetFractionRevolvingBurden_lt=_47.5 NetFractionRevolvingBurden_lt=_57.5 NetFractionRevolvingBurden_lt=_59.5 PercentTradesWBalance_lt=_47.5 PercentTradesWBalance_lt=_73.5 PercentTradesWBalance_lt=_81.5 PercentTradesWBalance_lt=_24.0
feature_infos=[0:1] [0:1] [0:1] [0:1] [0:1] [0:1] [0:1] [0:1] [0:1] [0:1] [0:1] [0:1] [0:1] [0:1] [0:1] [0:1] [0:1] [0:1] [0:1] [0:1] [0:1] [0:1] [0:1] [0:1] [0:1] [0:1] [0:1] [0:1] [0:1] [0:1] [0:1] [0:1] [0:1] [0:1] [0:1] [0:1] [0:1] [0:1] [0:1] [0:1]
tree_sizes=1009 1016 1014 1014 1018 1012 1023 1009 1017 1013 1018 1015 1015 1018 1017 1017 1024 913 1018 1029 912 1028 912 1016 1022

Tree=0
num_leaves=8
num_cat=0
split_feature=5 2 36 9 30 22 12
split_gain=1324.43 138.635 106.371 86.442 70.4804 56.6493 15.1349
threshold=1.0000000180025095e-35 1.0000000180025095e-35 1.0000000180025095e-35 1.0000000180025095e-35 1.0000000180025095e-35 1.0000000180025095e-35 1.0000000180025095e-35
decision_type=2 2 2 2 2 2 2
left_child=3 4 -3 6 -2 -5 -1
right_child=1 2 -4 5 -6 -7 -8
leaf_value=0.048031898808507889 -0.046806475511535738 -0.19338017742234548 -0.10412911302370191 0.0037864437556493352 -0.13167318015720481 -0.080851891287570407 -0.1088687752183814
leaf_weight=403.97129389643669 136.98594215512276 651.24464303255081 168.42533871531487 273.72236528992653 336.10212036967278 111.2854830622673 5.9884564876556388
leaf_count=1619 549 2610 675 1097 1347 446 24
internal_value=-0.0877819 -0.150226 -0.175083 0.0137139 -0.107065 -0.0205967 0.0456942
internal_weight=2087.73 1292.76 819.67 794.968 473.088 385.008 409.96
internal_count=8367 5181 3285 3186 1896 1543 1643
is_linear=0
shrinkage=1


Tree=1
num_leaves=8
num_cat=0
split_feature=4 7 37 0 30 3 13
split_gain=1075.27 97.9928 97.2529 46.2107 44.4692 34.9852 32.629
threshold=1.0000000180025095e-35 1.0000000180025095e-35 1.0000000180025095e-35 1.0000000180025095e-35 1.0000000180025095e-35 1.0000000180025095e-35 1.0000000180025095e-35
decision_type=2 2 2 2 2 2 2
left_child=1 6 3 -2 -3 -4 -1
right_child=2 4 5 -5 -6 -7 -8
leaf_value=0.11509819582551149 -0.063078504073155336 0.095180038648766813 0.013912408491801118 -0.11935153117247772 0.009659539265643044 -0.044379595921486013 0.0063987889655101916
leaf_weight=546.9618404507637 325.00818286836147 88.714237421751022 128.84425356984138 271.45426785945892 189.49341037869453 503.58148224651814 29.208683326840401
leaf_count=2189 1308 355 517 1096 759 2026 117
internal_value=-1.28665e-05 0.0860927 -0.0598986 -0.0888457 0.0371733 -0.0325005 0.109608
internal_weight=2083.27 854.378 1228.89 596.462 278.208 632.426 576.171
internal_count=8367 3420 4947 2404 1114 2543 2306
is_linear=0
shrinkage=0.1


Tree=2
num_leaves=8
num_cat=0
split_feature=5 2 36 8 25 22 21
split_gain=878.15 98.63 81.4453 60.7055 57.9828 38.3125 19.882
threshold=1.0000000180025095e-35 1.0000000180025095e-35 1.0000000180025095e-35 1.0000000180025095e-35 1.0000000180025095e-35 1.0000000180025095e-35 1.0000000180025095e-35
decision_type=2 2 2 2 2 2 2
left_child=3 4 -3 6 -2 -5 -1
right_child=1 2 -4 5 -6 -7 -8
leaf_value=0.1141895088270613 0.040122898184685118 -0.088674316476962584 -0.010357072560176877 0.071505138338123539 -0.037124084617466739 -0.0029999800572400675 0.050126855480895585
leaf_weight=400.52943278849125 135.6376835256815 640.26565144956112 167.82296821475029 238.08820424973965 335.85813981294632 96.918612003326416 57.669879749417305
leaf_count=1612 545 2610 675 954 1351 388 232
internal_value=-2.01991e-05 -0.0512544 -0.0724424 0.0825902 -0.0148642 0.0500058 0.106253
internal_weight=2072.79 1279.58 808.089 793.206 471.496 335.007 458.199
internal_count=8367 5181 3285 3186 1896 1342 1844
is_linear=0
shrinkage=0.1


Tree=3
num_leaves=8
num_cat=0
split_feature=4 34 7 27 30 21 30
split_gain=719.538 77.8462 68.4172 44.6551 35.6768 25.895 25.6706
threshold=1.0000000180025095e-35 1.0000000180025095e-35 1.0000000180025095e-35 1.0000000180025095e-35 1.0000000180025095e-35 1.0000000180025095e-35 1.0000000180025095e-35
decision_type=2 2 2 2 2 2 2
left_child=2 6 5 -3 -4 -1 -2
right_child=1 3 4 -5 -6 -7 -8
leaf_value=0.098532603117699208 -0.038187301924828165 -0.069959683966227301 0.081984901181774983 -0.016605787774660773 0.005284650034932818 0.032547297479101518 -0.097978958325138907
leaf_weight=499.0642008036375 94.764402538537979 214.26880395412445 88.336609080433846 581.86508558690548 189.30176527798176 68.935764387249947 320.68881097435951
leaf_count=2028 389 876 355 2361 759 278 1321
internal_value=-1.74963e-05 -0.0494107 0.0707253 -0.031035 0.0298951 0.0905955 -0.084465
internal_weight=2057.23 1211.59 845.638 796.134 277.638 568 415.453
internal_count=8367 4947 3420 3237 1114 2306 1710
is_linear=0
shrinkage=0.1


Tree=4
num_leaves=8
num_cat=0
split_feature=5 2 36 14 30 33 30
split_gain=589.912 77.7264 62.0466 52.0105 51.378 43.4137 21.329
threshold=1.0000000180025095e-35 1.0000000180025095e-35 1.0000000180025095e-35 1.0000000180025095e-35 1.0000000180025095e-35 1.0000000180025095e-35 1.0000000180025095e-35
decision_type=2 2 2 2 2 2 2
left_child=3 4 -3 5 -2 -1 -5
right_child=1 2 -4 6 -6 -7 -8
leaf_value=-0.014007501211357376 0.041408935670604594 -0.075899826814519511 -0.0072970889697210606 0.069315677294376044 -0.03122452007535377 0.086045050344270735 -0.022609130440629979
leaf_weight=46.35753570497036 136.63096210360527 623.72362259030342 167.38749119639397 35.767675518989563 332.28406392037868 617.90702368319035 79.559004724025726
leaf_count=187 549 2610 675 145 1347 2533 321
internal_value=-1.71046e-05 -0.0423089 -0.061412 0.0683043 -0.0100177 0.079052 0.00625142
internal_weight=2039.62 1260.03 791.111 779.591 468.915 664.265 115.327
internal_count=8367 5181 3285 3186 1896 2720 466
is_linear=0
shrinkage=0.1


Tree=5
num_leaves=8
num_cat=0
split_feature=3 7 29 30 30 31 0
split_gain=490.321 94.6254 52.8941 58.7234 43.1481 25.2457 17.3553
threshold=1.0000000180025095e-35 1.0000000180025095e-35 1.0000000180025095e-35 1.0000000180025095e-35 1.0000000180025095e-35 1.0000000180025095e-35 1.0000000180025095e-35
decision_type=2 2 2 2 2 2 2
left_child=1 5 3 -2 -3 -1 -4
right_child=2 4 6 -5 -6 -7 -8
leaf_value=0.10799008393426052 -0.013589812145743863 0.060141558699580669 0.13570881779198748 -0.074322119101165332 -0.0046212325367826828 0.061559061009524144 -0.0014743667979465937
leaf_weight=173.96747530996799 211.89855542778969 148.45951659977436 8.9777414649724943 645.61681778728962 329.65461359918118 378.97236236929893 121.50667844712734
leaf_count=727 881 601 37 2720 1331 1579 491
internal_value=-1.5616e-05 0.0482012 -0.0503314 -0.059348 0.0155719 0.0763359 0.00892461
internal_weight=2019.05 1031.05 988 857.515 478.114 552.94 130.484
internal_count=8367 4238 4129 3601 1932 2306 528
is_linear=0
shrinkage=0.1


Tree=6
num_leaves=8
num_cat=0
split_feature=3 16 32 35 28 12 19
split_gain=402.268 85.9302 45.9764 45.4191 32.6876 23.4123 19.9191
threshold=1.0000000180025095e-35 1.0000000180025095e-35 1.0000000180025095e-35 1.0000000180025095e-35 1.0000000180025095e-35 1.0000000180025095e-35 1.0000000180025095e-35
decision_type=2 2 2 2 2 2 2
left_child=1 2 -1 6 -5 -3 -2
right_child=3 5 -4 4 -6 -7 -8
leaf_value=0.0094848242301447862 -0.040601092515563729 0.011775108437922685 0.07216754356854839 -0.070804188018321557 -0.017466221609347278 -0.056461661575927996 -0.092589544332693757
leaf_weight=144.32188172638416 112.84272323548794 183.88170512020588 625.01027637720108 149.71167607605457 488.17476786673069 68.083067864179611 225.80736522376537
leaf_count=587 486 753 2623 639 2025 275 979
internal_value=-2.37567e-06 0.0438546 0.0604362 -0.0458675 -0.0300758 -0.00681337 -0.0754368
internal_weight=1997.83 1021.3 769.332 976.537 637.886 251.965 338.65
internal_count=8367 4238 3210 4129 2664 1028 1465
is_linear=0
shrinkage=0.1


Tree=7
num_leaves=8
num_cat=0
split_feature=6 38 30 31 29 13 33
split_gain=339.691 67.1843 42.3975 34.6228 39.9242 28.2686 11.0624
threshold=1.0000000180025095e-35 1.0000000180025095e-35 1.0000000180025095e-35 1.0000000180025095e-35 1.0000000180025095e-35 1.0000000180025095e-35 1.0000000180025095e-35
decision_type=2 2 2 2 2 2 2
left_child=3 5 -3 6 -5 -2 -1
right_child=1 2 -4 4 -6 -7 -8
leaf_value=-0.0096644110749753709 -0.045054411747323921 0.024286674307754413 -0.026960560268972752 0.030224835734773255 0.1142773543671209 -0.10088719387825758 0.09598114648671062
leaf_weight=10.249072656035422 287.4787939786911 213.32174058258533 654.50571635365486 415.45967078208923 64.713436663150787 133.9775423258543 197.59529033303261
leaf_count=42 1244 880 2731 1752 277 586 855
internal_value=-1.65375e-05 -0.0302898 -0.01435 0.0566744 0.0417666 -0.063 0.0907503
internal_weight=1977.3 1289.28 867.827 688.017 480.173 421.456 207.844
internal_count=8367 5441 3611 2926 2029 1830 897
is_linear=0
shrinkage=0.1


Tree=8
num_leaves=8
num_cat=0
split_feature=3 16 29 23 10 24 0
split_gain=283.333 66.2881 40.4474 46.1599 34.1489 20.1295 14.7647
threshold=1.0000000180025095e-35 1.0000000180025095e-35 1.0000000180025095e-35 1.0000000180025095e-35 1.0000000180025095e-35 1.0000000180025095e-35 1.0000000180025095e-35
decision_type=2 2 2 2 2 2 2
left_child=1 4 3 -2 -1 -3 -4
right_child=2 5 6 -5 -6 -7 -8
leaf_value=0.085513553795226321 -0.02431161180103325 0.049218848594845405 0.12934006184061395 -0.071685262649813439 0.038311684498496146 -0.021504386860047867 0.0031482874644782628
leaf_weight=215.97734040021896 430.19133113324642 49.287436127662659 9.0471816807985288 395.89281614124775 535.33935286104679 200.79399682581425 120.8861915320158
leaf_count=961 1856 203 37 1745 2249 825 491
internal_value=-6.57934e-06 0.0371491 -0.0389241 -0.0470742 0.0519762 -0.00742535 0.0128557
internal_weight=1957.42 1001.4 956.018 826.084 751.317 250.081 129.933
internal_count=8367 4238 4129 3601 3210 1028 528
is_linear=0
shrinkage=0.1


Tree=9
num_leaves=8
num_cat=0
split_feature=6 30 29 0 31 29 34
split_gain=236.994 54.753 51.2727 34.5387 30.5023 33.4319 10.6427
threshold=1.0000000180025095e-35 1.0000000180025095e-35 1.0000000180025095e-35 1.0000000180025095e-35 1.0000000180025095e-35 1.0000000180025095e-35 1.0000000180025095e-35
decision_type=2 2 2 2 2 2 2
left_child=4 3 -3 -2 6 -6 -1
right_child=1 2 -4 -5 5 -7 -8
leaf_value=-0.062460649497272494 0.032434152874577946 -0.046554979001282831 0.018985796134251165 -0.042181874662515613 0.023588686914023372 0.10226465503069888 0.084373748675021953
leaf_weight=4.3817828744649878 219.72049520909786 823.98756729066372 138.98924861848354 85.333567932248116 408.10789340734482 61.474100574851036 194.96234518289566
leaf_count=18 908 3596 564 373 1752 277 879
internal_value=2.49612e-06 -0.0253991 -0.0370854 0.011492 0.0481204 0.0340838 0.0808505
internal_weight=1936.96 1268.03 962.977 305.054 668.926 469.582 199.344
internal_count=8367 5441 4160 1281 2926 2029 897
is_linear=0
shrinkage=0.1


Tree=10
num_leaves=8
num_cat=0
split_feature=3 15 35 26 28 30 19
split_gain=201.027 51.8866 33.7099 28.7155 23.5049 16.5739 16.4734
threshold=1.0000000180025095e-35 1.0000000180025095e-35 1.0000000180025095e-35 1.0000000180025095e-35 1.0000000180025095e-35 1.0000000180025095e-35 1.0000000180025095e-35
decision_type=2 2 2 2 2 2 2
left_child=1 3 6 -1 -4 -3 -2
right_child=2 5 4 -5 -6 -7 -8
leaf_value=0.055846745236028394 -0.027507888374786113 0.031865330187001453 -0.055181970911483927 0.010320044237769398 -0.0088465150726203985 -0.026061441743247316 -0.07596196362785626
leaf_weight=559.66932640969753 107.80144049227238 68.884365901350975 141.2475111335516 184.70561321079731 477.60115467011929 167.74094519019127 209.04174043238163
leaf_count=2483 486 289 639 776 2025 690 979
internal_value=1.34391e-05 0.0316266 -0.0331289 0.044579 -0.0194942 -0.00913515 -0.0596146
internal_weight=1916.69 981 935.692 744.375 618.849 236.625 316.843
internal_count=8367 4238 4129 3259 2664 979 1465
is_linear=0
shrinkage=0.1


Tree=11
num_leaves=8
num_cat=0
split_feature=4 0 23 39 20 31 9
split_gain=166.86 38.9049 42.4207 38.4274 33.102 30.0731 6.29165
threshold=1.0000000180025095e-35 1.0000000180025095e-35 1.0000000180025095e-35 1.0000000180025095e-35 1.0000000180025095e-35 1.0000000180025095e-35 1.0000000180025095e-35
decision_type=2 2 2 2 2 2 2
left_child=4 2 -2 -3 5 -1 -6
right_child=1 3 -4 -5 6 -7 -8
leaf_value=0.072267904068820679 0.014055252789498747 -0.061925860480732065 -0.037938286521920501 0.0029645985227721547 -0.0072009797629327124 0.027579262857424337 -0.086917458945419065
leaf_weight=212.63392090797424 364.65104223787785 365.8427219837904 273.96813175082207 121.36255103349686 17.800215736031532 518.86230863630772 21.876066610217094
leaf_count=989 1541 1711 1203 492 79 2263 89
internal_value=3.04958e-06 -0.0245351 -0.00827446 -0.0457887 0.0358114 0.0406504 -0.05221
internal_weight=1897 1125.82 638.619 487.205 771.173 731.496 39.6763
internal_count=8367 4947 2744 2203 3420 3252 168
is_linear=0
shrinkage=0.1


Tree=12
num_leaves=8
num_cat=0
split_feature=7 30 29 0 21 10 28
split_gain=142.805 50.5288 43.1306 23.3602 20.0669 13.9143 5.92279
threshold=1.0000000180025095e-35 1.0000000180025095e-35 1.0000000180025095e-35 1.0000000180025095e-35 1.0000000180025095e-35 1.0000000180025095e-35 1.0000000180025095e-35
decision_type=2 2 2 2 2 2 2
left_child=4 3 -3 -2 5 -1 -6
right_child=1 2 -4 -5 6 -7 -8
leaf_value=0.075213893744338067 0.031116889190820663 -0.035738290277600553 0.022804526089028401 -0.029869219130670133 -0.056562673041935602 0.038444454298681187 0.011735485833455447
leaf_weight=177.99212600290775 263.09078109264374 892.59196805953979 145.772574827075 81.534278273582458 16.270824432373047 253.294876947999 47.071208357810974
leaf_count=867 1109 3987 592 373 70 1161 208
internal_value=-5.18652e-06 -0.0165001 -0.0275056 0.0166436 0.046055 0.0537581 -0.00641486
internal_weight=1877.62 1382.99 1038.36 344.625 494.629 431.287 63.342
internal_count=8367 6061 4579 1482 2306 2028 278
is_linear=0
shrinkage=0.1


Tree=13
num_leaves=8
num_cat=0
split_feature=3 13 26 35 11 19 20
split_gain=121.136 40.2778 35.0573 25.6345 23.924 14.3205 3.87933
threshold=1.0000000180025095e-35 1.0000000180025095e-35 1.0000000180025095e-35 1.0000000180025095e-35 1.0000000180025095e-35 1.0000000180025095e-35 1.0000000180025095e-35
decision_type=2 2 2 2 2 2 2
left_child=1 2 -1 5 -5 -2 -3
right_child=3 6 -4 4 -6 -7 -8
leaf_value=0.043809000353635746 -0.019731151073155172 -0.023960855179042364 -0.0030075261469493333 0.02041576396198963 -0.025580657544881643 -0.065778611199236572 -0.072940079478903602
leaf_weight=636.170007199049 104.31557680666447 82.949353277683258 213.39323008060455 149.3017815798521 457.17858923971653 196.68109764158726 19.766250729560852
leaf_count=2907 486 344 905 657 2007 979 82
internal_value=5.17426e-06 0.0249065 0.0320599 -0.0261241 -0.0142424 -0.0499383 -0.0339986
internal_weight=1859.76 952.279 849.563 907.477 606.48 300.997 102.716
internal_count=8367 4238 3812 4129 2664 1465 426
is_linear=0
shrinkage=0.1


Tree=14
num_leaves=8
num_cat=0
split_feature=7 24 29 1 21 10 29
split_gain=101.211 45.9511 31.1531 28.1992 16.5403 12.0087 4.87634
threshold=1.0000000180025095e-35 1.0000000180025095e-35 1.0000000180025095e-35 1.0000000180025095e-35 1.0000000180025095e-35 1.0000000180025095e-35 1.0000000180025095e-35
decision_type=2 2 2 2 2 2 2
left_child=4 3 -3 -2 5 -1 -6
right_child=1 2 -4 -5 6 -7 -8
leaf_value=0.067252293045454256 0.038194513019629513 -0.032467926642803006 0.018436978918995935 -0.017244712230784807 -0.020357777273714142 0.032434960473901542 0.05351739719549882
leaf_weight=169.04573525488377 224.84581276774406 846.3101439923048 139.43377427756786 153.75115145742893 53.002203837037086 246.87997467815876 9.7241335064172727
leaf_count=867 942 3840 566 713 233 1161 45
internal_value=-7.20807e-06 -0.0138894 -0.025256 0.0156941 0.0395089 0.0467132 -0.00824521
internal_weight=1842.99 1364.34 985.744 378.597 478.652 415.926 62.7263
internal_count=8367 6061 4406 1655 2306 2028 278
is_linear=0
shrinkage=0.1


Tree=15
num_leaves=8
num_cat=0
split_feature=3 31 29 30 29 20 0
split_gain=86.3536 32.2342 43.5732 21.2596 25.326 13.8119 11.1428
threshold=1.0000000180025095e-35 1.0000000180025095e-35 1.0000000180025095e-35 1.0000000180025095e-35 1.0000000180025095e-35 1.0000000180025095e-35 1.0000000180025095e-35
decision_type=2 2 2 2 2 2 2
left_child=1 5 -3 6 -5 -1 -2
right_child=3 2 -4 4 -6 -7 -8
leaf_value=0.056478029314655565 0.025531198491693882 0.0016831579115245366 0.088199756515279795 -0.039719527217658042 0.00912898884752039 -0.055136059384258168 -0.022528151124533144
leaf_weight=243.61873206496239 120.58866675198078 617.33105359971523 63.278965383768082 561.93665777146816 130.38942025601864 10.846498116850851 79.025925651192665
leaf_count=1176 508 2703 313 2720 528 46 373
internal_value=7.6014e-06 0.0212297 0.00984454 -0.0222396 -0.0305197 0.0515233 0.00648741
internal_weight=1827.02 935.075 680.61 891.941 692.326 254.465 199.615
internal_count=8367 4238 3016 4129 3248 1222 881
is_linear=0
shrinkage=0.1


Tree=16
num_leaves=8
num_cat=0
split_feature=18 26 38 32 31 29 0
split_gain=75.5023 52.3116 39.6656 24.2265 23.8572 23.6577 11.8614
threshold=1.0000000180025095e-35 1.0000000180025095e-35 1.0000000180025095e-35 1.0000000180025095e-35 1.0000000180025095e-35 1.0000000180025095e-35 1.0000000180025095e-35
decision_type=2 2 2 2 2 2 2
left_child=1 3 6 -1 -4 -3 -2
right_child=2 5 4 -5 -6 -7 -8
leaf_value=0.0074505972107748106 -0.035221889577608238 -0.011837533949242654 0.03203991628645117 0.058212674932658873 -0.015354234424260624 0.099667724233468827 -0.079191706287529917
leaf_weight=130.57658860087395 166.55318406224251 357.12435342371464 129.4674057662487 337.80630062520504 570.83496983349323 19.098365396261215 99.291624754667282
leaf_count=569 769 1626 588 1679 2511 83 542
internal_value=1.28419e-05 0.0218388 -0.0190702 0.0441072 -0.00655912 -0.00592793 -0.0518796
internal_weight=1810.75 844.606 966.147 468.383 700.302 376.223 265.845
internal_count=8367 3957 4410 2248 3099 1709 1311
is_linear=0
shrinkage=0.1


Tree=17
num_leaves=7
num_cat=0
split_feature=0 14 26 39 19 30
split_gain=64.8072 44.876 29.7869 20.045 17.2273 14.3935
threshold=1.0000000180025095e-35 1.0000000180025095e-35 1.0000000180025095e-35 1.0000000180025095e-35 1.0000000180025095e-35 1.0000000180025095e-35
decision_type=2 2 2 2 2 2
left_child=1 2 -1 4 -2 -3
right_child=3 5 -4 -5 -6 -7
leaf_value=0.034658481828260895 -0.011989443513984125 0.012953568741225028 -0.0011445788342290097 0.0022121664353374677 -0.060802681624893232 -0.033187787520466992
leaf_weight=639.49553406238556 106.89910601079464 92.762672990560532 364.57995903491974 121.37370049953461 226.19792722165585 243.88746565580368
leaf_count=3061 520 400 1604 492 1191 1099
internal_value=1.68541e-05 0.0110808 0.0216702 -0.0325755 -0.0452201 -0.020473
internal_weight=1795.2 1340.73 1004.08 454.471 333.097 336.65
internal_count=8367 6164 4665 2203 1711 1499
is_linear=0
shrinkage=0.1


Tree=18
num_leaves=8
num_cat=0
split_feature=32 26 12 31 29 20 29
split_gain=57.5904 44.8264 44.3307 21.8071 19.702 9.65307 7.39767
threshold=1.0000000180025095e-35 1.0000000180025095e-35 1.0000000180025095e-35 1.0000000180025095e-35 1.0000000180025095e-35 1.0000000180025095e-35 1.0000000180025095e-35
decision_type=2 2 2 2 2 2 2
left_child=3 2 -2 5 -5 -1 -3
right_child=1 6 -4 4 -6 -7 -8
leaf_value=0.018315784237065143 0.041920008092616069 -0.015345372538694065 -0.042287623505445522 -0.035833931228976823 0.071597763877647796 -0.099349360470376138 0.012210442319217573
leaf_weight=131.64904727041721 538.62490984797478 371.10887268185616 69.896129861474037 514.8926844894886 16.751309797167778 6.370906487107276 131.13884399831295
leaf_count=590 2653 1666 307 2513 72 30 536
internal_value=4.57148e-06 0.0139655 0.0321942 -0.0231386 -0.0323209 0.0122089 -0.00814048
internal_weight=1780.43 1110.77 608.521 669.664 531.644 138.02 502.248
internal_count=8367 5162 2960 3205 2585 620 2202
is_linear=0
shrinkage=0.1


Tree=19
num_leaves=8
num_cat=0
split_feature=18 26 37 29 31 33 28
split_gain=50.4113 30.2954 29.3703 17.5791 17.1909 16.7083 11.2177
threshold=1.0000000180025095e-35 1.0000000180025095e-35 1.0000000180025095e-35 1.0000000180025095e-35 1.0000000180025095e-35 1.0000000180025095e-35 1.0000000180025095e-35
decision_type=2 2 2 2 2 2 2
left_child=1 5 6 -3 -4 -1 -2
right_child=2 3 4 -5 -6 -7 -8
leaf_value=-0.0022589103530019426 -0.05723069754675314 -0.0081325105153103872 0.034819637798120508 0.088408333153650764 -0.0098251272765030925 0.045327367088647548 -0.021913927525483243
leaf_weight=92.824736386537552 164.35422265529633 353.64620912075043 104.45858597755432 18.921973392367363 472.55497851967812 356.9986013174057 201.79414668679237
leaf_count=404 840 1626 486 83 2074 1844 1010
internal_value=2.39725e-06 0.0180865 -0.0157685 -0.00300587 -0.00169669 0.0355243 -0.0378794
internal_weight=1765.55 822.392 943.162 372.568 577.014 449.823 366.148
internal_count=8367 3957 4410 1709 2560 2248 1850
is_linear=0
shrinkage=0.1


Tree=20
num_leaves=7
num_cat=0
split_feature=0 29 30 39 18 26
split_gain=44.8886 33.6807 40.4965 14.4316 14.0639 2.17091
threshold=1.0000000180025095e-35 1.0000000180025095e-35 1.0000000180025095e-35 1.0000000180025095e-35 1.0000000180025095e-35 1.0000000180025095e-35
decision_type=2 2 2 2 2 2
left_child=1 2 -1 4 -2 -3
right_child=3 5 -4 -5 -6 -7
leaf_value=0.031269519362008509 -0.012456592865358282 0.065038011240925203 -0.0070665830919196693 0.0017755190776265802 -0.055513521471318023 0.1108029347178055
leaf_weight=409.90145619213581 125.38209603726864 49.148148268461227 835.72011496126652 121.42512263357639 193.89185044169426 17.003806099295616
leaf_count=1968 627 274 3846 492 1084 76
internal_value=9.29248e-06 0.00928747 0.00556379 -0.0275664 -0.0386963 0.0782764
internal_weight=1752.47 1311.77 1245.62 440.699 319.274 66.152
internal_count=8367 6164 5814 2203 1711 350
is_linear=0
shrinkage=0.1


Tree=21
num_leaves=8
num_cat=0
split_feature=33 14 21 23 28 30 28
split_gain=39.4531 33.8406 24.1284 10.409 9.94615 7.53822 6.82749
threshold=1.0000000180025095e-35 1.0000000180025095e-35 1.0000000180025095e-35 1.0000000180025095e-35 1.0000000180025095e-35 1.0000000180025095e-35 1.0000000180025095e-35
decision_type=2 2 2 2 2 2 2
left_child=3 2 -2 5 -3 -1 -5
right_child=1 4 -4 6 -6 -7 -8
leaf_value=0.014882082384120511 0.026694373636983737 -0.043677133363989165 -0.029107119380089693 -0.063544500791907724 -0.0058576972815972449 -0.021455548709113877 -0.026953650584687912
leaf_weight=82.941269412636757 753.74438819289207 88.363129496574402 85.529797732830048 75.756790727376938 315.34316611289978 178.19099746644497 161.35228602588177
leaf_count=372 3686 423 405 415 1355 887 824
internal_value=1.36313e-05 0.00954406 0.0209798 -0.0237338 -0.0142231 -0.00990119 -0.0388623
internal_weight=1741.22 1242.98 839.274 498.241 403.706 261.132 237.109
internal_count=8367 5869 4091 2498 1778 1259 1239
is_linear=0
shrinkage=0.1


Tree=22
num_leaves=7
num_cat=0
split_feature=0 29 22 39 19 26
split_gain=33.9052 28.4286 33.0889 11.8558 11.8791 1.83111
threshold=1.0000000180025095e-35 1.0000000180025095e-35 1.0000000180025095e-35 1.0000000180025095e-35 1.0000000180025095e-35 1.0000000180025095e-35
decision_type=2 2 2 2 2 2
left_child=1 2 -1 4 -2 -3
right_child=3 5 -4 -5 -6 -7
leaf_value=0.016005702796850062 -0.0069570891394595165 0.06013430848810223 -0.018914690152965027 0.0022521728149418399 -0.048426072597728742 0.10289295313278352
leaf_weight=835.13964048027992 104.17519888281822 47.331028625369072 400.75079944729805 121.34459125995636 206.26459200680256 16.513507217168808
leaf_count=3919 520 274 1895 492 1191 76
internal_value=-4.62966e-07 0.0080665 0.00467625 -0.0242458 -0.0345772 0.0726101
internal_weight=1731.52 1299.73 1235.89 431.784 310.44 63.8445
internal_count=8367 6164 5814 2203 1711 350
is_linear=0
shrinkage=0.1


Tree=23
num_leaves=8
num_cat=0
split_feature=31 32 20 28 26 29 7
split_gain=33.3439 24.9705 17.2888 15.4037 14.1662 10.9449 2.01232
threshold=1.0000000180025095e-35 1.0000000180025095e-35 1.0000000180025095e-35 1.0000000180025095e-35 1.0000000180025095e-35 1.0000000180025095e-35 1.0000000180025095e-35
decision_type=2 2 2 2 2 2 2
left_child=2 5 4 -3 -1 -2 -4
right_child=1 3 6 -5 -6 -7 -8
leaf_value=0.047637887802628696 -0.027521707108687385 -0.024617621852857482 -0.010572487049397027 0.009832189403814303 0.006970297751956081 0.053695216022194972 -0.082241551574253072
leaf_weight=213.309983253479 491.97119489312172 159.4608218818903 5.7523826807737359 678.3405050188303 143.33711956441402 16.270555227994919 13.944267973303795
leaf_count=1132 2513 785 26 3125 648 72 66
internal_value=2.37695e-06 -0.00735746 0.0262756 0.00325374 0.0313587 -0.0248213 -0.0628328
internal_weight=1722.39 1346.04 376.344 837.801 356.647 508.242 19.6967
internal_count=8367 6495 1872 3910 1780 2585 92
is_linear=0
shrinkage=0.1


Tree=24
num_leaves=8
num_cat=0
split_feature=18 21 24 28 33 1 9
split_gain=29.2693 20.1322 20.0915 18.7215 17.4452 13.8708 6.02032
threshold=1.0000000180025095e-35 1.0000000180025095e-35 1.0000000180025095e-35 1.0000000180025095e-35 1.0000000180025095e-35 1.0000000180025095e-35 1.0000000180025095e-35
decision_type=2 2 2 2 2 2 2
left_child=1 4 5 -4 -1 -2 -3
right_child=2 6 3 -5 -6 -7 -8
leaf_value=-0.0057463995271026863 0.034275711105711502 0.0035726243949466691 -0.047152120369206157 -0.010372616344408534 0.029138661406736318 -0.020561325285889834 -0.051693905612169383
leaf_weight=198.02702631056309 133.45048925280571 30.541336879134178 187.43088929355145 524.48227176070213 515.42389804124832 69.401256710290909 53.957136765122414
leaf_count=935 599 152 995 2455 2615 361 255
internal_value=7.29188e-07 0.0139883 -0.0122026 -0.0201084 0.0194614 0.0155056 -0.0319101
internal_weight=1712.71 797.949 914.765 711.913 713.451 202.852 84.4985
internal_count=8367 3957 4410 3450 3550 960 407
is_linear=0
shrinkage=0.1


end of trees

feature_importances:
MSinceMostRecentInqexcl7days_lt=_-7.5=17
MSinceMostRecentInqexcl7days_lt=_0.5=16
ExternalRiskEstimate_lt=_63.5=11
PercentTradesNeverDelq_lt=_95.5=9
MSinceMostRecentInqexcl7days_lt=_1.5=9
PercentInstallTrades_lt=_45.5=8
ExternalRiskEstimate_lt=_70.5=7
ExternalRiskEstimate_lt=_78.5=6
NumSatisfactoryTrades_lt=_9.5=6
AverageMInFile_lt=_80.5=5
NumSatisfactoryTrades_lt=_6.5=5
NetFractionRevolvingBurden_lt=_47.5=5
AverageMInFile_lt=_75.5=4
NetFractionRevolvingBurden_lt=_37.5=4
PercentTradesWBalance_lt=_24.0=4
ExternalRiskEstimate_lt=_67.5=3
ExternalRiskEstimate_lt=_73.5=3
ExternalRiskEstimate_lt=_74.5=3
ExternalRiskEstimate_lt=_81.5=3
ExternalRiskEstimate_lt=_84.5=3
AverageMInFile_lt=_42.5=3
AverageMInFile_lt=_49.5=3
AverageMInFile_lt=_59.5=3
NumSatisfactoryTrades_lt=_15.5=3
NumSatisfactoryTrades_lt=_18.5=3
NumSatisfactoryTrades_lt=_26.5=3
NetFractionRevolvingBurden_lt=_59.5=3
PercentTradesWBalance_lt=_47.5=3
ExternalRiskEstimate_lt=_66.5=2
ExternalRiskEstimate_lt=_75.5=2
AverageMInFile_lt=_64.5=2
NetFractionRevolvingBurden_lt=_57.5=2
PercentTradesWBalance_lt=_73.5=2
PercentTradesWBalance_lt=_81.5=2
ExternalRiskEstimate_lt=_80.5=1
MSinceOldestTradeOpen_lt=_213.5=1
AverageMInFile_lt=_63.5=1
NumSatisfactoryTrades_lt=_27.5=1
PercentInstallTrades_lt=_43.5=1

parameters:
[boosting: gbdt]
[objective: binary]
[metric: binary_logloss]
[tree_learner: serial]
[device_type: cpu]
[data_sample_strategy: bagging]
[data: ]
[valid: ]
[num_iterations: 25]
[learning_rate: 0.1]
[num_leaves: 31]
[num_threads: 8]
[seed: 42]
[deterministic: 0]
[force_col_wise: 0]
[force_row_wise: 0]
[histogram_pool_size: -1]
[max_depth: 3]
[min_data_in_leaf: 20]
[min_sum_hessian_in_leaf: 0.001]
[bagging_fraction: 1]
[pos_bagging_fraction: 1]
[neg_bagging_fraction: 1]
[bagging_freq: 0]
[bagging_seed: 400]
[bagging_by_query: 0]
[feature_fraction: 1]
[feature_fraction_bynode: 1]
[feature_fraction_seed: 30056]
[extra_trees: 0]
[extra_seed: 12879]
[early_stopping_round: 0]
[early_stopping_min_delta: 0]
[first_metric_only: 0]
[max_delta_step: 0]
[lambda_l1: 0]
[lambda_l2: 1]
[linear_lambda: 0]
[min_gain_to_split: 0]
[drop_rate: 0.1]
[max_drop: 50]
[skip_drop: 0.5]
[xgboost_dart_mode: 0]
[uniform_drop: 0]
[drop_seed: 17869]
[top_rate: 0.2]
[other_rate: 0.1]
[min_data_per_group: 100]
[max_cat_threshold: 32]
[cat_l2: 10]
[cat_smooth: 10]
[max_cat_to_onehot: 4]
[top_k: 20]
[monotone_constraints: ]
[monotone_constraints_method: basic]
[monotone_penalty: 0]
[feature_contri: ]
[forcedsplits_filename: ]
[refit_decay_rate: 0.9]
[cegb_tradeoff: 1]
[cegb_penalty_split: 0]
[cegb_penalty_feature_lazy: ]
[cegb_penalty_feature_coupled: ]
[path_smooth: 0]
[interaction_constraints: ]
[verbosity: -1]
[saved_feature_importance_type: 0]
[use_quantized_grad: 0]
[num_grad_quant_bins: 4]
[quant_train_renew_leaf: 0]
[stochastic_rounding: 1]
[linear_tree: 0]
[max_bin: 255]
[max_bin_by_feature: ]
[min_data_in_bin: 3]
[bin_construct_sample_cnt: 200000]
[data_random_seed: 175]
[is_enable_sparse: 1]
[enable_bundle: 1]
[use_missing: 1]
[zero_as_missing: 0]
[feature_pre_filter: 1]
[pre_partition: 0]
[two_round: 0]
[header: 0]
[label_column: ]
[weight_column: ]
[group_column: ]
[ignore_column: ]
[categorical_feature: ]
[forcedbins_filename: ]
[precise_float_parser: 0]
[parser_config_file: ]
[objective_seed: 16083]
[num_class: 1]
[is_unbalance: 0]
[scale_pos_weight: 1]
[sigmoid: 1]
[boost_from_average: 1]
[reg_sqrt: 0]
[alpha: 0.9]
[fair_c: 1]
[poisson_max_delta_step: 0.7]
[tweedie_variance_power: 1.5]
[lambdarank_truncation_level: 30]
[lambdarank_norm: 1]
[label_gain: ]
[lambdarank_position_bias_regularization: 0]
[eval_at: ]
[multi_error_top_k: 1]
[auc_mu_weights: ]
[num_machines: 1]
[local_listen_port: 12400]
[time_out: 120]
[machine_list_filename: ]
[machines: ]
[gpu_platform_id: -1]
[gpu_device_id: -1]
[gpu_use_dp: 0]
[num_gpu: 1]

end of parameters

pandas_categorical:[]
