tree
version=v4
num_class=1
num_tree_per_iteration=1
label_index=0
max_feature_idx=20
objective=binary sigmoid:1
feature_names=ExternalRiskEstimate_lt=_63.5 ExternalRiskEstimate_lt=_67.5 ExternalRiskEstimate_lt=_70.5 ExternalRiskEstimate_lt=_73.5 ExternalRiskEstimate_lt=_74.5 ExternalRiskEstimate_lt=_78.5 ExternalRiskEstimate_lt=_80.5 ExternalRiskEstimate_lt=_81.5 MSinceOldestTradeOpen_lt=_138.5 AverageMInFile_lt=_49.5 AverageMInFile_lt=_59.5 NumSatisfactoryTrades_lt=_15.5 NumSatisfactoryTrades_lt=_27.5 PercentInstallTrades_lt=_43.5 MSinceMostRecentInqexcl7days_lt=_-7.5 MSinceMostRecentInqexcl7days_lt=_0.5 NetFractionRevolvingBurden_lt=_47.5 NetFractionRevolvingBurden_lt=_57.5 PercentTradesWBalance_lt=_47.5 PercentTradesWBalance_lt=_73.5 MSinceMostRecentInqexcl7days_lt=_1.5
feature_infos=[0:1] [0:1] [0:1] [0:1] [0:1] [0:1] [0:1] [0:1] [0:1] [0:1] [0:1] [0:1] [0:1] [0:1] [0:1] [0:1] [0:1] [0:1] [0:1] [0:1] [0:1]
tree_sizes=1011 1016 1015 1017 1020 1016 1011 1013 1020 1010 1024 1013 1022 1018 1017 1017 1017 1016 1020 911 1019 1027 1022 1025 1021

Tree=0
num_leaves=8
num_cat=0
split_feature=4 1 18 7 15 11 8
split_gain=1324.43 138.635 106.371 86.442 70.4804 56.6493 20.5613
threshold=1.0000000180025095e-35 1.0000000180025095e-35 1.0000000180025095e-35 1.0000000180025095e-35 1.0000000180025095e-35 1.0000000180025095e-35 1.0000000180025095e-35
decision_type=2 2 2 2 2 2 2
left_child=3 4 -3 6 -2 -5 -1
right_child=1 2 -4 5 -6 -7 -8
leaf_value=0.054572522073450369 -0.046806475511535738 -0.19338017742234548 -0.10412911302370191 0.0037864437556493352 -0.13167318015720481 -0.080851891287570407 -0.013555608992751392
leaf_weight=355.31508493423462 136.98594215512276 651.24464303255081 168.42533871531487 273.72236528992653 336.10212036967278 111.2854830622673 54.644665449857712
leaf_count=1424 549 2610 675 1097 1347 446 219
internal_value=-0.0877819 -0.150226 -0.175083 0.0137139 -0.107065 -0.0205967 0.0456942
internal_weight=2087.73 1292.76 819.67 794.968 473.088 385.008 409.96
internal_count=8367 5181 3285 3186 1896 1543 1643
is_linear=0
shrinkage=1


Tree=1
num_leaves=8
num_cat=0
split_feature=3 5 19 0 15 2 9
split_gain=1075.46 98.0491 97.2529 46.2107 44.4692 34.9852 33.352
threshold=1.0000000180025095e-35 1.0000000180025095e-35 1.0000000180025095e-35 1.0000000180025095e-35 1.0000000180025095e-35 1.0000000180025095e-35 1.0000000180025095e-35
decision_type=2 2 2 2 2 2 2
left_child=1 6 3 -2 -3 -4 -1
right_child=2 4 5 -5 -6 -7 -8
leaf_value=0.11518177541296289 -0.063078504073155336 0.095180038648766813 0.013912408491801118 -0.11935153117247772 0.009659539265643044 -0.044379595921486013 0.0053598476998478455
leaf_weight=546.92586743831635 325.00818286836147 88.714237421751022 128.84425356984138 271.45426785945892 189.49341037869453 503.58148224651814 29.228322550654411
leaf_count=2189 1308 355 517 1096 759 2026 117
internal_value=-7.88867e-06 0.0861065 -0.0598986 -0.0888457 0.0371733 -0.0325005 0.109629
internal_weight=2083.25 854.362 1228.89 596.462 278.208 632.426 576.154
internal_count=8367 3420 4947 2404 1114 2543 2306
is_linear=0
shrinkage=0.1


Tree=2
num_leaves=8
num_cat=0
split_feature=4 1 18 6 12 11 8
split_gain=878.299 98.63 81.4453 60.7387 57.9828 38.3037 16.0367
threshold=1.0000000180025095e-35 1.0000000180025095e-35 1.0000000180025095e-35 1.0000000180025095e-35 1.0000000180025095e-35 1.0000000180025095e-35 1.0000000180025095e-35
decision_type=2 2 2 2 2 2 2
left_child=3 4 -3 6 -2 -5 -1
right_child=1 2 -4 5 -6 -7 -8
leaf_value=0.11389760923618504 0.040122898184685118 -0.088674316476962584 -0.010357072560176877 0.071504846022582766 -0.037124084617466739 -0.0029919553745399292 0.058577448866373609
leaf_weight=393.83389785885811 135.6376835256815 640.26565144956112 167.82296821475029 238.08784960210323 335.85813981294632 96.918208837509155 64.369581118226051
leaf_count=1586 545 2610 675 954 1351 388 258
internal_value=-1.57981e-05 -0.0512544 -0.0724424 0.0826014 -0.0148642 0.0500079 0.106271
internal_weight=2072.79 1279.58 808.089 793.21 471.496 335.006 458.203
internal_count=8367 5181 3285 3186 1896 1342 1844
is_linear=0
shrinkage=0.1


Tree=3
num_leaves=8
num_cat=0
split_feature=3 17 5 13 15 15 20
split_gain=719.715 77.8462 68.4823 44.6551 35.6769 25.6706 25.5377
threshold=1.0000000180025095e-35 1.0000000180025095e-35 1.0000000180025095e-35 1.0000000180025095e-35 1.0000000180025095e-35 1.0000000180025095e-35 1.0000000180025095e-35
decision_type=2 2 2 2 2 2 2
left_child=2 5 6 -3 -4 -2 -1
right_child=1 3 4 -5 -6 -7 -8
leaf_value=0.12212290864141198 -0.038187301924828165 -0.069959683966227301 0.081984778726580831 -0.016605787774660773 0.0052844655710504417 -0.097978958325138907 0.075857160147396921
leaf_weight=178.9636854082346 94.764402538537979 214.26880395412445 88.336608126759529 581.86508558690548 189.30178551375866 320.68881097435951 388.9549373537302
leaf_count=727 389 876 355 2361 759 1321 1579
internal_value=-1.27989e-05 -0.0494107 0.0707435 -0.031035 0.029895 -0.084465 0.0906255
internal_weight=2057.14 1211.59 845.557 796.134 277.638 415.453 567.919
internal_count=8367 4947 3420 3237 1114 1710 2306
is_linear=0
shrinkage=0.1


Tree=4
num_leaves=8
num_cat=0
split_feature=4 1 18 10 15 16 15
split_gain=590.063 77.7264 62.0466 51.526 51.378 43.7649 20.4553
threshold=1.0000000180025095e-35 1.0000000180025095e-35 1.0000000180025095e-35 1.0000000180025095e-35 1.0000000180025095e-35 1.0000000180025095e-35 1.0000000180025095e-35
decision_type=2 2 2 2 2 2 2
left_child=3 4 -3 5 -2 -1 -5
right_child=1 2 -4 6 -6 -7 -8
leaf_value=-0.014430783550587013 0.041408936969832118 -0.075899826814519511 -0.0072970889697210606 0.068378326886873633 -0.031224517857733204 0.086038182160668802 -0.021628949468934917
leaf_weight=46.338524162769318 136.63096210360527 623.72362259030342 167.38749119639397 35.755587548017502 332.28406392037868 617.88436539471149 79.710801675915718
leaf_count=187 549 2610 675 145 1347 2533 321
internal_value=-1.00387e-05 -0.0423089 -0.061412 0.0683142 -0.0100177 0.079018 0.00659071
internal_weight=2039.72 1260.03 791.111 779.689 468.915 664.223 115.466
internal_count=8367 5181 3285 3186 1896 2720 466
is_linear=0
shrinkage=0.1


Tree=5
num_leaves=8
num_cat=0
split_feature=2 5 14 15 15 9 0
split_gain=490.426 94.6843 52.8941 58.7234 43.1743 22.4004 17.3553
threshold=1.0000000180025095e-35 1.0000000180025095e-35 1.0000000180025095e-35 1.0000000180025095e-35 1.0000000180025095e-35 1.0000000180025095e-35 1.0000000180025095e-35
decision_type=2 2 2 2 2 2 2
left_child=1 5 3 -2 -3 -1 -4
right_child=2 4 6 -5 -6 -7 -8
leaf_value=0.081086309795577405 -0.013589812145743863 0.060152349985061193 0.13570881779198748 -0.074322119101165332 -0.0046297980403447537 -0.0087519678471525957 -0.0014743667979465937
leaf_weight=523.91038513183594 211.89855542778969 148.46142941713333 8.9777414649724943 645.61681778728962 329.65500791370869 29.108836084604263 121.50667844712734
leaf_count=2189 881 601 37 2720 1331 117 491
internal_value=-9.21273e-06 0.0482099 -0.0503314 -0.059348 0.0155695 0.0763503 0.00892461
internal_weight=2019.14 1031.14 988 857.515 478.116 553.019 130.484
internal_count=8367 4238 4129 3601 1932 2306 528
is_linear=0
shrinkage=0.1


Tree=6
num_leaves=8
num_cat=0
split_feature=3 17 7 20 12 0 8
split_gain=402.35 56.9444 47.8269 37.3132 37.1489 17.9748 13.1524
threshold=1.0000000180025095e-35 1.0000000180025095e-35 1.0000000180025095e-35 1.0000000180025095e-35 1.0000000180025095e-35 1.0000000180025095e-35 1.0000000180025095e-35
decision_type=2 2 2 2 2 2 2
left_child=2 5 6 -4 -3 -2 -1
right_child=1 4 3 -5 -6 -7 -8
leaf_value=0.08689029990805007 -0.045828090223873248 0.016561217594872502 0.077882171847311082 0.012667095594613917 -0.034074660656184634 -0.08882169743433678 0.032386264142413329
leaf_weight=331.31013771891594 192.37471881508827 191.25944392383099 121.10200609266758 313.55414561927319 590.04123213887215 205.02959883213043 52.923920050263405
leaf_count=1424 811 790 502 1275 2447 899 219
internal_value=-1.19733e-06 -0.037397 0.053806 0.0309741 -0.0216739 -0.0681767 0.0794865
internal_weight=1997.6 1178.7 818.89 434.656 781.301 397.404 384.234
internal_count=8367 4947 3420 1777 3237 1710 1643
is_linear=0
shrinkage=0.1


Tree=7
num_leaves=8
num_cat=0
split_feature=2 9 20 14 15 0 15
split_gain=338.879 71.6568 48.7311 43.6726 49.2229 13.9532 6.35362
threshold=1.0000000180025095e-35 1.0000000180025095e-35 1.0000000180025095e-35 1.0000000180025095e-35 1.0000000180025095e-35 1.0000000180025095e-35 1.0000000180025095e-35
decision_type=2 2 2 2 2 2 2
left_child=1 2 -1 4 -2 -5 -3
right_child=3 6 -4 5 -6 -7 -8
leaf_value=0.086178299738151831 -0.0086825509501188818 7.2676767780068574e-05 0.034785150033452603 0.1243883870370982 -0.064693246553569131 0.0020652897849958054 -0.053346606344775421
leaf_weight=258.94481727480888 209.64958506822586 31.7695372402668 645.8611154705286 9.106932654976843 626.67063121497631 121.04624080657959 73.402366638183594
leaf_count=1109 881 129 2703 37 2720 491 297
internal_value=5.18364e-06 0.0404915 0.0495722 -0.0423017 -0.0506796 0.0115075 -0.0373614
internal_weight=1976.45 1009.98 904.806 966.473 836.32 130.153 105.172
internal_count=8367 4238 3812 4129 3601 528 426
is_linear=0
shrinkage=0.1


Tree=8
num_leaves=8
num_cat=0
split_feature=4 19 10 16 10 20 15
split_gain=282.393 53.9429 32.4348 33.6983 31.1043 24.3707 12.6795
threshold=1.0000000180025095e-35 1.0000000180025095e-35 1.0000000180025095e-35 1.0000000180025095e-35 1.0000000180025095e-35 1.0000000180025095e-35 1.0000000180025095e-35
decision_type=2 2 2 2 2 2 2
left_child=2 4 3 -1 -2 -3 -4
right_child=1 5 6 -5 -6 -7 -8
leaf_value=-0.024799453014473314 -0.032480755605509608 0.031610629541299604 0.049265219042799444 0.063949173813760626 -0.08010629047331555 -0.018920233478108617 -0.022567594109139659
leaf_weight=45.65815956890583 337.09861248731613 115.48355133831501 34.420849338173866 582.39399643242359 233.10257868468761 528.62037356197834 79.23568919301033
leaf_count=187 1470 475 145 2533 1029 2207 321
internal_value=5.9e-06 -0.0296824 0.0485853 0.0574682 -0.0520566 -0.00982543 -0.000573108
internal_weight=1956.01 1214.31 741.709 628.052 570.201 644.104 113.657
internal_count=8367 5181 3186 2720 2499 2682 466
is_linear=0
shrinkage=0.1


Tree=9
num_leaves=8
num_cat=0
split_feature=2 7 11 14 0 0 8
split_gain=237.075 54.4155 44.232 35.1662 41.814 11.6065 10.4743
threshold=1.0000000180025095e-35 1.0000000180025095e-35 1.0000000180025095e-35 1.0000000180025095e-35 1.0000000180025095e-35 1.0000000180025095e-35 1.0000000180025095e-35
decision_type=2 2 2 2 2 2 2
left_child=1 6 -3 4 -2 -5 -1
right_child=3 2 -4 5 -6 -7 -8
leaf_value=0.071874815690912683 -0.022382005067126336 0.033643412454692795 -0.024262022941918513 0.11498984068412417 -0.067836710633010125 0.0037735185773620896 0.02266575811792175
leaf_weight=311.35590036213398 438.28777791559696 439.36203446984291 187.49585749208927 9.1813612878322584 377.41194652020931 120.79497867822647 51.564649254083633
leaf_count=1424 1889 1828 767 37 1712 491 219
internal_value=6.15396e-06 0.0341993 0.0163126 -0.0357799 -0.0434705 0.0124477 0.0649646
internal_weight=1935.45 989.778 626.858 945.676 815.7 129.976 362.921
internal_count=8367 4238 2595 4129 3601 528 1643
is_linear=0
shrinkage=0.1


Tree=10
num_leaves=8
num_cat=0
split_feature=2 5 17 12 13 20 15
split_gain=194.627 48.3182 31.1551 27.8653 26.1282 17.7837 12.4758
threshold=1.0000000180025095e-35 1.0000000180025095e-35 1.0000000180025095e-35 1.0000000180025095e-35 1.0000000180025095e-35 1.0000000180025095e-35 1.0000000180025095e-35
decision_type=2 2 2 2 2 2 2
left_child=1 5 6 -3 -4 -1 -2
right_child=2 3 4 -5 -6 -7 -8
leaf_value=0.08069098580689793 -0.022315554169501633 0.044544976600199931 -0.053557698752705919 -0.0081047448173787555 -0.0062767826907782322 0.039886830767931335 -0.06773274772566365
leaf_weight=155.33855278789997 80.826482161879539 143.94402459263802 158.37881805002689 327.26717987656593 439.55618125200272 353.17021097242832 255.70541523396969
leaf_count=727 354 592 706 1340 1863 1579 1206
internal_value=1.21352e-05 0.0311382 -0.0326197 0.00803879 -0.0188689 0.0524855 -0.0569231
internal_weight=1914.19 979.72 934.467 471.211 597.935 508.509 336.532
internal_count=8367 4238 4129 1932 2569 2306 1560
is_linear=0
shrinkage=0.1


Tree=11
num_leaves=8
num_cat=0
split_feature=4 15 14 14 20 0 19
split_gain=161.387 41.2766 43.9713 28.3893 38.3608 26.587 0.250151
threshold=1.0000000180025095e-35 1.0000000180025095e-35 1.0000000180025095e-35 1.0000000180025095e-35 1.0000000180025095e-35 1.0000000180025095e-35 1.0000000180025095e-35
decision_type=2 2 2 2 2 2 2
left_child=3 5 -3 4 -1 -2 -5
right_child=1 2 -4 6 -6 -7 -8
leaf_value=0.066908462811262989 0.030519683539035575 -0.042457903631339451 0.018945513132274421 0.072978687996589436 0.014682217491449007 -0.036353671296146653 0.10717569212060314
leaf_weight=205.54711772501469 199.04833729565144 762.60377024114132 137.04945127665997 12.725029334425924 443.29864017665386 83.642209306359291 49.87763749063015
leaf_count=967 823 3428 557 56 1935 373 228
internal_value=1.07027e-05 -0.0226285 -0.0330933 0.0376133 0.0313044 0.0106749 0.101481
internal_weight=1893.79 1182.34 899.653 711.448 648.846 282.691 62.6027
internal_count=8367 5181 3985 3186 2902 1196 284
is_linear=0
shrinkage=0.1


Tree=12
num_leaves=8
num_cat=0
split_feature=2 10 14 13 17 11 15
split_gain=137.208 43.3895 27.6369 25.5046 21.2736 14.7438 11.0269
threshold=1.0000000180025095e-35 1.0000000180025095e-35 1.0000000180025095e-35 1.0000000180025095e-35 1.0000000180025095e-35 1.0000000180025095e-35 1.0000000180025095e-35
decision_type=2 2 2 2 2 2 2
left_child=1 2 -1 5 -5 -2 -3
right_child=3 6 -4 4 -6 -7 -8
leaf_value=0.031075831782085329 -0.031568667061706329 0.021128259246915415 0.0996920090223547 -0.043067410386378943 -0.0042264717368480295 -0.078652375826927023 -0.032461276340399858
leaf_weight=711.56980076432228 146.81141644716263 53.213538944721222 63.310810729861259 207.50986349582672 436.40885363519192 124.20661114156246 131.79225401580334
leaf_count=3174 684 227 295 992 1863 590 542
internal_value=2.51207e-05 0.0264233 0.0368033 -0.0276686 -0.0167908 -0.0533568 -0.0170165
internal_weight=1874.82 959.886 774.881 914.937 643.919 271.018 185.006
internal_count=8367 4238 3469 4129 2855 1274 769
is_linear=0
shrinkage=0.1


Tree=13
num_leaves=8
num_cat=0
split_feature=5 0 12 14 11 16 14
split_gain=117.802 43.0587 43.987 28.7577 17.2223 10.0204 9.89671
threshold=1.0000000180025095e-35 1.0000000180025095e-35 1.0000000180025095e-35 1.0000000180025095e-35 1.0000000180025095e-35 1.0000000180025095e-35 1.0000000180025095e-35
decision_type=2 2 2 2 2 2 2
left_child=4 2 -2 -3 5 -1 -6
right_child=1 3 -4 -5 6 -7 -8
leaf_value=-0.053789464081345099 0.032679998967042295 -0.053805838221050867 -0.016127709923557523 0.002688682243751293 0.0067113849866681152 0.059032330346318607 0.074393648017556116
leaf_weight=7.3402001857757559 258.04904615879059 351.50071610510349 641.94440931081772 120.91977502405643 147.1026069521904 306.30667397379875 24.377186805009842
leaf_count=32 1095 1712 2763 491 681 1473 120
internal_value=1.72167e-05 -0.0149571 -0.00211267 -0.0393705 0.0423229 0.0562294 0.0167085
internal_weight=1857.54 1372.41 899.993 472.42 485.127 313.647 171.48
internal_count=8367 6061 3858 2203 2306 1505 801
is_linear=0
shrinkage=0.1


Tree=14
num_leaves=8
num_cat=0
split_feature=5 15 14 11 11 14 16
split_gain=97.1375 42.5964 37.1205 19.7201 14.6444 8.45266 8.43342
threshold=1.0000000180025095e-35 1.0000000180025095e-35 1.0000000180025095e-35 1.0000000180025095e-35 1.0000000180025095e-35 1.0000000180025095e-35 1.0000000180025095e-35
decision_type=2 2 2 2 2 2 2
left_child=4 3 -3 -2 6 -6 -1
right_child=1 2 -4 -5 5 -7 -8
leaf_value=-0.048408088017581029 0.031271303772826636 -0.031587885876750814 0.022793448109484037 -0.022897015592851525 0.0060589288333506774 0.069433317951998932 0.054513478532588061
leaf_weight=7.445791780948638 251.89218117296696 874.91044650971889 145.77731569111347 90.713423669338226 146.77485087513924 23.618658021092415 299.00399643182755
leaf_count=32 1089 3987 592 393 681 120 1473
internal_value=1.94639e-05 -0.0135706 -0.0238063 0.016904 0.0388205 0.0151973 0.0518635
internal_weight=1840.14 1363.29 1020.69 342.606 476.843 170.394 306.45
internal_count=8367 6061 4579 1482 2306 801 1505
is_linear=0
shrinkage=0.1


Tree=15
num_leaves=8
num_cat=0
split_feature=2 9 20 13 17 8 12
split_gain=85.5081 32.0725 28.4216 19.6679 15.4214 13.5238 3.24485
threshold=1.0000000180025095e-35 1.0000000180025095e-35 1.0000000180025095e-35 1.0000000180025095e-35 1.0000000180025095e-35 1.0000000180025095e-35 1.0000000180025095e-35
decision_type=2 2 2 2 2 2 2
left_child=1 2 -1 5 -5 -2 -3
right_child=3 6 -4 4 -6 -7 -8
leaf_value=0.057776647174099971 -0.026053251966208602 0.039161109569280234 0.0162913830355981 -0.035500196114927128 -0.0019263918282215427 -0.072669702536822825 -0.035599718747901417
leaf_weight=226.90820926427841 153.77959114313126 5.3670309782028189 604.55821162462234 199.28139893710613 432.10433021187782 105.73467832803726 97.315925270318985
leaf_count=1109 744 22 2703 992 1863 530 404
internal_value=2.69582e-05 0.0211543 0.0276686 -0.022125 -0.0125625 -0.0452524 -0.0313521
internal_weight=1825.05 934.149 831.466 890.9 631.386 259.514 102.683
internal_count=8367 4238 3812 4129 2855 1274 426
is_linear=0
shrinkage=0.1


Tree=16
num_leaves=8
num_cat=0
split_feature=1 10 14 15 18 8 20
split_gain=72.1315 42.836 27.3775 17.847 17.7172 15.0433 6.5444
threshold=1.0000000180025095e-35 1.0000000180025095e-35 1.0000000180025095e-35 1.0000000180025095e-35 1.0000000180025095e-35 1.0000000180025095e-35 1.0000000180025095e-35
decision_type=2 2 2 2 2 2 2
left_child=1 2 -1 -3 5 -2 -6
right_child=4 3 -4 -5 6 -7 -8
leaf_value=0.021075048733074572 -0.021249134344678566 0.021528214408181073 0.088723574469602065 -0.03756061435544459 0.083657895451923023 -0.056348081051244628 -0.0016914199141504719
leaf_weight=807.48313680291176 329.42491367459297 70.655914083123207 63.778514310717583 178.83125936985016 8.5319351851940137 195.11227439343929 155.71567052602768
leaf_count=3698 1615 302 318 764 35 995 640
internal_value=1.92264e-05 0.0156668 0.0261231 -0.0208072 -0.0254274 -0.0343873 0.00322153
internal_weight=1809.53 1120.75 871.262 249.487 688.785 524.537 164.248
internal_count=8367 5082 4016 1066 3285 2610 675
is_linear=0
shrinkage=0.1


Tree=17
num_leaves=8
num_cat=0
split_feature=5 10 0 18 20 14 16
split_gain=61.7576 31.8255 24.5803 20.406 13.1044 13.528 5.68123
threshold=1.0000000180025095e-35 1.0000000180025095e-35 1.0000000180025095e-35 1.0000000180025095e-35 1.0000000180025095e-35 1.0000000180025095e-35 1.0000000180025095e-35
decision_type=2 2 2 2 2 2 2
left_child=4 2 -2 -3 6 -6 -1
right_child=1 3 -4 -5 5 -7 -8
leaf_value=-0.046104622081046043 0.011713568008574898 -0.042860667154294652 -0.02821042734771111 0.0001482860651101733 0.012379482091662827 0.071105888911197471 0.061745212182790658
leaf_weight=4.3836277574300757 606.17722901701927 367.78563016653061 205.71716161072254 157.38995054364204 279.31800718605518 44.774552658200264 129.54342415928841
leaf_count=20 2612 1766 1039 644 1330 249 707
internal_value=1.94726e-05 -0.0108382 0.0015754 -0.0299955 0.0316702 0.0206865 0.0578996
internal_weight=1795.09 1337.07 811.894 525.176 458.02 324.093 133.927
internal_count=8367 6061 3651 2410 2306 1579 727
is_linear=0
shrinkage=0.1


Tree=18
num_leaves=8
num_cat=0
split_feature=16 10 20 14 15 15 17
split_gain=53.0072 40.8144 22.6683 12.2513 11.9292 9.30838 1.37989
threshold=1.0000000180025095e-35 1.0000000180025095e-35 1.0000000180025095e-35 1.0000000180025095e-35 1.0000000180025095e-35 1.0000000180025095e-35 1.0000000180025095e-35
decision_type=2 2 2 2 2 2 2
left_child=3 2 -2 4 -1 -3 -5
right_child=1 5 -4 6 -6 -7 -8
leaf_value=-0.0042096791657446446 0.050689756459401158 0.015635910181430623 0.013679305113135257 0.033753549185822601 -0.038933458674754423 -0.022450063887242619 0.10814383206608556
leaf_weight=136.06264321506023 223.03329806029797 78.913186237215996 638.12924483418465 6.8253345787525177 364.17070169746876 328.83477374911308 4.7885100096464139
leaf_count=611 1130 347 2961 29 1838 1431 20
internal_value=2.21788e-05 0.0109801 0.0233124 -0.0271118 -0.0295159 -0.0150589 0.0705673
internal_weight=1780.76 1268.91 861.163 511.847 500.233 407.748 11.6138
internal_count=8367 5869 4091 2498 2449 1778 49
is_linear=0
shrinkage=0.1


Tree=19
num_leaves=7
num_cat=0
split_feature=0 14 15 14 10 5
split_gain=47.0868 38.2591 43.9099 15.8636 10.8896 2.09228
threshold=1.0000000180025095e-35 1.0000000180025095e-35 1.0000000180025095e-35 1.0000000180025095e-35 1.0000000180025095e-35 1.0000000180025095e-35
decision_type=2 2 2 2 2 2
left_child=1 2 -1 4 -2 -3
right_child=3 5 -4 -5 -6 -7
leaf_value=0.032258187778923877 -0.024901844773106935 0.065931413804504443 -0.0075233274616380618 0.002743762185235222 -0.062773827463063633 0.10730923636034205
leaf_weight=411.53223375976086 197.91224211454391 42.814035773277283 846.58332633972168 120.90499725937843 124.68239386379719 24.512569054961205
leaf_count=1968 1021 249 3846 491 691 101
internal_value=2.76747e-05 0.00946694 0.00550457 -0.0281403 -0.0396881 0.0823465
internal_weight=1768.94 1325.44 1258.12 443.5 322.595 67.3266
internal_count=8367 6164 5814 2203 1712 350
is_linear=0
shrinkage=0.1


Tree=20
num_leaves=8
num_cat=0
split_feature=7 11 13 0 8 12 15
split_gain=41.3145 31.4094 28.961 25.8866 7.67061 3.84 2.77806
threshold=1.0000000180025095e-35 1.0000000180025095e-35 1.0000000180025095e-35 1.0000000180025095e-35 1.0000000180025095e-35 1.0000000180025095e-35 1.0000000180025095e-35
decision_type=2 2 2 2 2 2 2
left_child=4 3 -3 -2 5 -1 -6
right_child=1 2 -4 -5 6 -7 -8
leaf_value=0.066068692636644402 0.013874165156739518 -0.059595401410284292 -0.010377958392706749 -0.026881235870868644 0.032980777323252164 0.034166263634833237 -0.019200467352514884
leaf_weight=47.352316200733185 691.11187709867954 171.48902504146099 391.44906941056252 200.16464297473431 13.557885512709616 209.43245258927345 33.157875373959541
leaf_count=268 3064 857 1749 1054 69 1156 150
internal_value=2.90528e-05 -0.00698004 -0.0254503 0.00470137 0.0335256 0.0402827 -0.00368257
internal_weight=1757.72 1454.21 562.938 891.277 303.501 256.785 46.7158
internal_count=8367 6724 2606 4118 1643 1424 219
is_linear=0
shrinkage=0.1


Tree=21
num_leaves=8
num_cat=0
split_feature=19 11 10 0 16 15 12
split_gain=36.7753 22.141 17.6511 16.4145 10.7521 9.48248 6.72516
threshold=1.0000000180025095e-35 1.0000000180025095e-35 1.0000000180025095e-35 1.0000000180025095e-35 1.0000000180025095e-35 1.0000000180025095e-35 1.0000000180025095e-35
decision_type=2 2 2 2 2 2 2
left_child=2 3 5 -2 -3 -1 -4
right_child=1 4 6 -5 -6 -7 -8
leaf_value=0.016288760619713061 0.027139102958171887 -0.058580520249369397 0.013136652292857804 -0.017731391573136131 -0.0027696830432264682 -0.016657239864780359 -0.047578740673748926
leaf_weight=122.45781277120113 629.78630328178406 37.350425362586975 19.659997642040253 92.927384778857231 346.73373705148697 298.32430991530418 198.51342169940472
leaf_count=580 2973 177 101 460 1564 1465 1047
internal_value=2.72934e-05 0.0110524 -0.0190578 0.0213531 -0.00833506 -0.00705327 -0.0420726
internal_weight=1745.75 1106.8 638.956 722.714 384.084 420.782 218.173
internal_count=8367 5174 3193 3433 1741 2045 1148
is_linear=0
shrinkage=0.1


Tree=22
num_leaves=8
num_cat=0
split_feature=17 20 14 12 11 9 0
split_gain=33.0338 25.8162 18.8535 10.4075 6.15064 4.69065 1.82661
threshold=1.0000000180025095e-35 1.0000000180025095e-35 1.0000000180025095e-35 1.0000000180025095e-35 1.0000000180025095e-35 1.0000000180025095e-35 1.0000000180025095e-35
decision_type=2 2 2 2 2 2 2
left_child=4 3 -3 -2 5 -1 -6
right_child=1 2 -4 -5 6 -7 -8
leaf_value=-0.010649684309120317 0.060140291745029412 -0.0062323530507014495 0.029268566704715882 0.02015366043529571 -0.033047874498327988 -0.052487567623882875 -0.057504849404845286
leaf_weight=188.75094002485275 93.816709652543068 895.8005003631115 178.54312302172184 213.47513948380947 77.824455916881561 30.418738752603531 57.94860015809536
leaf_count=941 476 4148 812 1075 377 175 363
internal_value=1.48853e-05 0.00700876 -0.000310791 0.0325171 -0.0271524 -0.0166684 -0.0438304
internal_weight=1736.58 1381.64 1074.34 307.292 354.943 219.17 135.773
internal_count=8367 6511 4960 1551 1856 1116 740
is_linear=0
shrinkage=0.1


Tree=23
num_leaves=8
num_cat=0
split_feature=7 13 11 20 8 12 13
split_gain=30.3674 23.6052 17.9821 17.0282 6.17628 3.00298 2.16771
threshold=1.0000000180025095e-35 1.0000000180025095e-35 1.0000000180025095e-35 1.0000000180025095e-35 1.0000000180025095e-35 1.0000000180025095e-35 1.0000000180025095e-35
decision_type=2 2 2 2 2 2 2
left_child=4 2 -2 -3 5 -1 -6
right_child=1 3 -4 -5 6 -7 -8
leaf_value=0.059030047112920959 -0.0084506611856049515 0.027250597679593005 -0.051966946443271156 -0.0045710812514020895 -0.037727002265347705 0.030027707683405222 0.0092116311674249399
leaf_weight=44.444588407874107 223.12193155288696 209.37713691592216 164.93404397368431 837.06128604710102 12.751042440533636 203.70300741493702 33.678689479827881
leaf_count=268 1078 969 857 3820 59 1156 160
internal_value=8.6773e-06 -0.00600142 -0.0270323 0.00181591 0.0291972 0.0354383 -0.00420281
internal_weight=1729.07 1434.49 388.056 1046.44 294.577 248.148 46.4297
internal_count=8367 6724 1935 4789 1643 1424 219
is_linear=0
shrinkage=0.1


Tree=24
num_leaves=8
num_cat=0
split_feature=10 14 11 18 15 0 9
split_gain=27.2734 23.171 22.6379 11.7537 9.94729 4.23409 2.70635
threshold=1.0000000180025095e-35 1.0000000180025095e-35 1.0000000180025095e-35 1.0000000180025095e-35 1.0000000180025095e-35 1.0000000180025095e-35 1.0000000180025095e-35
decision_type=2 2 2 2 2 2 2
left_child=1 2 -1 4 -2 -3 -5
right_child=3 5 -4 6 -6 -7 -8
leaf_value=0.013980779223949866 -0.00038718185449440428 0.074318482985500839 -0.018391931126356755 0.030106615344083661 -0.037492169160836114 -0.025844293408177146 -0.002498326279737598
leaf_weight=806.89888682961464 96.911313429474831 58.370537132024765 293.89719077944756 29.768516883254051 283.1681117862463 4.0655421912670127 146.79536958038807
leaf_count=3915 444 329 1442 134 1484 18 601
internal_value=1.03706e-05 0.00872055 0.00532887 -0.0181745 -0.0280571 0.0674918 0.00313743
internal_weight=1719.88 1163.23 1100.8 556.643 380.079 62.4361 176.564
internal_count=8367 5704 5357 2663 1928 347 735
is_linear=0
shrinkage=0.1


end of trees

feature_importances:
MSinceMostRecentInqexcl7days_lt=_0.5=22
MSinceMostRecentInqexcl7days_lt=_-7.5=17
ExternalRiskEstimate_lt=_63.5=14
NumSatisfactoryTrades_lt=_15.5=12
MSinceMostRecentInqexcl7days_lt=_1.5=12
AverageMInFile_lt=_59.5=10
NumSatisfactoryTrades_lt=_27.5=9
ExternalRiskEstimate_lt=_78.5=8
MSinceOldestTradeOpen_lt=_138.5=8
ExternalRiskEstimate_lt=_70.5=7
PercentInstallTrades_lt=_43.5=7
NetFractionRevolvingBurden_lt=_47.5=7
NetFractionRevolvingBurden_lt=_57.5=7
AverageMInFile_lt=_49.5=6
PercentTradesWBalance_lt=_47.5=6
ExternalRiskEstimate_lt=_74.5=5
ExternalRiskEstimate_lt=_81.5=5
ExternalRiskEstimate_lt=_67.5=4
PercentTradesWBalance_lt=_73.5=4
ExternalRiskEstimate_lt=_73.5=3
ExternalRiskEstimate_lt=_80.5=1

parameters:
[boosting: gbdt]
[objective: binary]
[metric: binary_logloss]
[tree_learner: serial]
[device_type: cpu]
[data_sample_strategy: bagging]
[data: ]
[valid: ]
[num_iterations: 25]
[learning_rate: 0.1]
[num_leaves: 31]
[num_threads: 8]
[seed: 42]
[deterministic: 0]
[force_col_wise: 0]
[force_row_wise: 0]
[histogram_pool_size: -1]
[max_depth: 3]
[min_data_in_leaf: 20]
[min_sum_hessian_in_leaf: 0.001]
[bagging_fraction: 1]
[pos_bagging_fraction: 1]
[neg_bagging_fraction: 1]
[bagging_freq: 0]
[bagging_seed: 400]
[bagging_by_query: 0]
[feature_fraction: 1]
[feature_fraction_bynode: 1]
[feature_fraction_seed: 30056]
[extra_trees: 0]
[extra_seed: 12879]
[early_stopping_round: 0]
[early_stopping_min_delta: 0]
[first_metric_only: 0]
[max_delta_step: 0]
[lambda_l1: 0]
[lambda_l2: 1]
[linear_lambda: 0]
[min_gain_to_split: 0]
[drop_rate: 0.1]
[max_drop: 50]
[skip_drop: 0.5]
[xgboost_dart_mode: 0]
[uniform_drop: 0]
[drop_seed: 17869]
[top_rate: 0.2]
[other_rate: 0.1]
[min_data_per_group: 100]
[max_cat_threshold: 32]
[cat_l2: 10]
[cat_smooth: 10]
[max_cat_to_onehot: 4]
[top_k: 20]
[monotone_constraints: ]
[monotone_constraints_method: basic]
[monotone_penalty: 0]
[feature_contri: ]
[forcedsplits_filename: ]
[refit_decay_rate: 0.9]
[cegb_tradeoff: 1]
[cegb_penalty_split: 0]
[cegb_penalty_feature_lazy: ]
[cegb_penalty_feature_coupled: ]
[path_smooth: 0]
[interaction_constraints: ]
[verbosity: -1]
[saved_feature_importance_type: 0]
[use_quantized_grad: 0]
[num_grad_quant_bins: 4]
[quant_train_renew_leaf: 0]
[stochastic_rounding: 1]
[linear_tree: 0]
[max_bin: 255]
[max_bin_by_feature: ]
[min_data_in_bin: 3]
[bin_construct_sample_cnt: 200000]
[data_random_seed: 175]
[is_enable_sparse: 1]
[enable_bundle: 1]
[use_missing: 1]
[zero_as_missing: 0]
[feature_pre_filter: 1]
[pre_partition: 0]
[two_round: 0]
[header: 0]
[label_column: ]
[weight_column: ]
[group_column: ]
[ignore_column: ]
[categorical_feature: ]
[forcedbins_filename: ]
[precise_float_parser: 0]
[parser_config_file: ]
[objective_seed: 16083]
[num_class: 1]
[is_unbalance: 0]
[scale_pos_weight: 1]
[sigmoid: 1]
[boost_from_average: 1]
[reg_sqrt: 0]
[alpha: 0.9]
[fair_c: 1]
[poisson_max_delta_step: 0.7]
[tweedie_variance_power: 1.5]
[lambdarank_truncation_level: 30]
[lambdarank_norm: 1]
[label_gain: ]
[lambdarank_position_bias_regularization: 0]
[eval_at: ]
[multi_error_top_k: 1]
[auc_mu_weights: ]
[num_machines: 1]
[local_listen_port: 12400]
[time_out: 120]
[machine_list_filename: ]
[machines: ]
[gpu_platform_id: -1]
[gpu_device_id: -1]
[gpu_use_dp: 0]
[num_gpu: 1]

end of parameters

pandas_categorical:[]
