tree
version=v4
num_class=1
num_tree_per_iteration=1
label_index=0
max_feature_idx=84
objective=binary sigmoid:1
feature_names=admission_type_id_lt=_5.5 admission_type_id_lt=_6.5 discharge_disposition_id_lt=_1.5 discharge_disposition_id_lt=_2.5 discharge_disposition_id_lt=_4.5 discharge_disposition_id_lt=_8.5 discharge_disposition_id_lt=_9.5 discharge_disposition_id_lt=_10.0 discharge_disposition_id_lt=_10.5 discharge_disposition_id_lt=_14.5 discharge_disposition_id_lt=_16.0 discharge_disposition_id_lt=_21.0 discharge_disposition_id_lt=_22.5 admission_source_id_lt=_3.5 admission_source_id_lt=_6.5 admission_source_id_lt=_8.5 time_in_hospital_lt=_2.5 time_in_hospital_lt=_3.5 num_lab_procedures_lt=_18.5 num_lab_procedures_lt=_30.5 num_lab_procedures_lt=_35.5 num_lab_procedures_lt=_88.5 num_procedures_lt=_0.5 num_procedures_lt=_1.5 num_medications_lt=_5.5 num_medications_lt=_6.5 num_medications_lt=_7.5 num_medications_lt=_10.5 num_medications_lt=_11.5 num_medications_lt=_12.5 num_medications_lt=_14.5 num_medications_lt=_26.5 num_medications_lt=_35.5 num_medications_lt=_36.5 number_outpatient_lt=_0.5 number_outpatient_lt=_1.5 number_emergency_lt=_0.5 number_emergency_lt=_1.5 number_emergency_lt=_2.5 number_emergency_lt=_3.5 number_inpatient_lt=_0.5 number_inpatient_lt=_1.5 number_inpatient_lt=_2.5 number_inpatient_lt=_3.5 number_inpatient_lt=_4.5 number_diagnoses_lt=_4.5 number_diagnoses_lt=_5.5 number_diagnoses_lt=_6.5 number_diagnoses_lt=_7.5 number_diagnoses_lt=_8.5 race_?_lt=_0.5 race_Caucasian_lt=_0.5 age_(50-60)_lt=_0.5 age_(70-80)_lt=_0.5 age_(80-90)_lt=_0.5 age_(90-100)_lt=_0.5 diag_1_250.11_lt=_0.5 diag_1_250.6_lt=_0.5 diag_1_278_lt=_0.5 diag_1_428_lt=_0.5 diag_1_491_lt=_0.5 diag_1_493_lt=_0.5 diag_1_648_lt=_0.5 diag_1_726_lt=_0.5 diag_2_162_lt=_0.5 diag_2_250_lt=_0.5 diag_2_401_lt=_0.5 diag_2_403_lt=_0.5 diag_2_428_lt=_0.5 diag_2_491_lt=_0.5 diag_2_518_lt=_0.5 diag_2_585_lt=_0.5 diag_2_648_lt=_0.5 diag_3_250.6_lt=_0.5 diag_3_401_lt=_0.5 diag_3_403_lt=_0.5 diag_3_730_lt=_0.5 metformin_No_lt=_0.5 glipizide_No_lt=_0.5 glipizide_Steady_lt=_0.5 insulin_Down_lt=_0.5 insulin_Steady_lt=_0.5 diabetesMed_No_lt=_0.5 diabetesMed_Yes_lt=_0.5 num_medications_lt=_20.5
feature_infos=[0:1] [0:1] [0:1] [0:1] [0:1] [0:1] [0:1] [0:1] [0:1] [0:1] [0:1] [0:1] [0:1] [0:1] [0:1] [0:1] [0:1] [0:1] [0:1] [0:1] [0:1] [0:1] [0:1] [0:1] [0:1] [0:1] [0:1] [0:1] [0:1] [0:1] [0:1] [0:1] [0:1] [0:1] [0:1] [0:1] [0:1] [0:1] [0:1] [0:1] [0:1] [0:1] [0:1] [0:1] [0:1] [0:1] [0:1] [0:1] [0:1] [0:1] [0:1] [0:1] [0:1] [0:1] [0:1] [0:1] [0:1] [0:1] [0:1] [0:1] [0:1] [0:1] [0:1] [0:1] [0:1] [0:1] [0:1] [0:1] [0:1] [0:1] [0:1] [0:1] [0:1] [0:1] [0:1] [0:1] [0:1] [0:1] [0:1] [0:1] [0:1] [0:1] [0:1] [0:1] [0:1]
tree_sizes=1025 1033 1030 1037 1031 1029 1023 1036 1035 1034 1030 1031 1033 1021 1038 1025 1034 1033 1029 1037 1030 1030 1033 1025 1030

Tree=0
num_leaves=8
num_cat=0
split_feature=40 41 46 7 36 6 14
split_gain=3709.83 595.354 537.847 279.928 225.95 181.121 69.9652
threshold=1.0000000180025095e-35 1.0000000180025095e-35 1.0000000180025095e-35 1.0000000180025095e-35 1.0000000180025095e-35 1.0000000180025095e-35 1.0000000180025095e-35
decision_type=2 2 2 2 2 2 2
left_child=1 3 4 -1 -2 -3 -4
right_child=2 5 6 -5 -6 -7 -8
leaf_value=-0.15262702472386627 -0.1243036184603932 -0.18965067132378588 -0.20738805804208976 -0.051707769993915784 -0.18028178173009207 -0.11528861767510709 -0.23703444124357165
leaf_weight=307.35673677921295 779.6972029209137 360.52920377254486 1528.8326607942581 2604.7054742574692 9459.2327964305878 3507.6435352563858 1680.3990386724472
leaf_count=1237 3138 1451 6153 10483 38070 14117 6763
internal_value=-0.156809 -0.0965015 -0.187216 -0.0623543 -0.176016 -0.122226 -0.222931
internal_weight=20228.4 6780.23 13448.2 2912.06 10238.9 3868.17 3209.23
internal_count=81412 27288 54124 11720 41208 15568 12916
is_linear=0
shrinkage=1


Tree=1
num_leaves=8
num_cat=0
split_feature=40 41 47 7 34 6 36
split_gain=3000.4 477.497 441.481 224.22 188.163 146.315 93.035
threshold=1.0000000180025095e-35 1.0000000180025095e-35 1.0000000180025095e-35 1.0000000180025095e-35 1.0000000180025095e-35 1.0000000180025095e-35 1.0000000180025095e-35
decision_type=2 2 2 2 2 2 2
left_child=1 3 4 -1 -2 -3 -4
right_child=2 5 6 -5 -6 -7 -8
leaf_value=0.0037634187609307764 0.021062481753929357 -0.029655311678398067 0.011738930147771755 0.094045189638154905 -0.020364969942792355 0.037257759063475206 -0.055687249228158757
leaf_weight=307.45597863197327 1282.4677905440331 359.50767037272453 214.3142162412405 2618.9990547448397 7525.7966993749142 3517.5487421005964 4388.5321640223265
leaf_count=1237 5168 1451 865 10483 30340 14117 17751
internal_value=-9.98999e-06 0.0540761 -0.0274501 0.0845646 -0.0143315 0.0310471 -0.0525459
internal_weight=20214.6 6803.51 13411.1 2926.46 8808.26 3877.06 4602.85
internal_count=81412 27288 54124 11720 35508 15568 18616
is_linear=0
shrinkage=0.1


Tree=2
num_leaves=8
num_cat=0
split_feature=40 42 46 5 82 6 14
split_gain=2431.76 404.331 379.64 196.061 174.977 94.9017 57.4401
threshold=1.0000000180025095e-35 1.0000000180025095e-35 1.0000000180025095e-35 1.0000000180025095e-35 1.0000000180025095e-35 1.0000000180025095e-35 1.0000000180025095e-35
decision_type=2 2 2 2 2 2 2
left_child=1 5 4 -3 -2 -1 -4
right_child=2 3 6 -5 -6 -7 -8
leaf_value=0.020257136835032323 -0.038792356699334195 -0.022093202329907233 -0.040886051644956727 0.042428442972673293 -0.0080640368408950881 0.10542287815584073 -0.067905880709825422
leaf_weight=146.68584600090981 2432.8843713253736 520.52920418977737 1512.7099461555481 4889.2718875408173 7769.4180837720633 1252.9384464025497 1655.3905035108328
leaf_count=590 9829 2103 6153 19581 31379 5014 6763
internal_value=-1.46408e-05 0.048624 -0.0247876 0.0362173 -0.0153947 0.096518 -0.0550214
internal_weight=20179.8 6809.43 13370.4 5409.8 10202.3 1399.62 3168.1
internal_count=81412 27288 54124 21684 41208 5604 12916
is_linear=0
shrinkage=0.1


Tree=3
num_leaves=8
num_cat=0
split_feature=40 41 46 36 7 14 34
split_gain=1973.59 346.406 312.681 171.904 150.778 94.4801 50.1053
threshold=1.0000000180025095e-35 1.0000000180025095e-35 1.0000000180025095e-35 1.0000000180025095e-35 1.0000000180025095e-35 1.0000000180025095e-35 1.0000000180025095e-35
decision_type=2 2 2 2 2 2 2
left_child=1 4 3 -2 -1 -3 -4
right_child=2 5 6 -5 -6 -7 -8
leaf_value=0.0035752652342282846 0.031194202523801465 0.035740323706201886 -0.0067773999804854324 -0.017622776018395764 0.077621244190776983 0.0031066119699887013 -0.05365992702379279
leaf_weight=307.46568022668362 780.35457119345665 2514.9246392250061 247.78641131520271 9405.5451638251543 2611.4811110049486 1370.7224206924438 2893.7570469677448
leaf_count=1237 3138 10076 1018 38070 10483 5492 11898
internal_value=-1.71872e-05 0.0437975 -0.0223893 -0.0138802 0.0698255 0.024232 -0.0499654
internal_weight=20132 6804.59 13327.4 10185.9 2918.95 3885.65 3141.54
internal_count=81412 27288 54124 41208 11720 15568 12916
is_linear=0
shrinkage=0.1


Tree=4
num_leaves=8
num_cat=0
split_feature=40 42 47 5 5 59 6
split_gain=1603.44 297.261 266.154 151.683 147.472 80.0349 64.8993
threshold=1.0000000180025095e-35 1.0000000180025095e-35 1.0000000180025095e-35 1.0000000180025095e-35 1.0000000180025095e-35 1.0000000180025095e-35 1.0000000180025095e-35
decision_type=2 2 2 2 2 2 2
left_child=1 6 3 -2 -3 -4 -1
right_child=2 4 5 -5 -6 -7 -8
leaf_value=0.017859128434247876 -0.050356815556198677 -0.02166824166208527 0.032146392239791197 -0.0057725556523956084 0.034297962274458652 -0.042405240320602167 0.088290996066937813
leaf_weight=146.9250413775444 843.44502252340317 520.34563641250134 148.21818087995052 7925.0625746995211 4885.9531164765358 4366.0928458869457 1237.7153081595898
leaf_count=590 3418 2103 610 32090 19581 18006 5014
internal_value=-1.70804e-05 0.0395064 -0.0202252 -0.0100664 0.0289083 -0.0399509 0.0808357
internal_weight=20073.8 6790.94 13282.8 8768.51 5406.3 4514.31 1384.64
internal_count=81412 27288 54124 35508 21684 18616 5604
is_linear=0
shrinkage=0.1


Tree=5
num_leaves=8
num_cat=0
split_feature=40 41 34 46 44 46 58
split_gain=1303.65 256.604 237.479 178.329 112.374 83.6062 73.333
threshold=1.0000000180025095e-35 1.0000000180025095e-35 1.0000000180025095e-35 1.0000000180025095e-35 1.0000000180025095e-35 1.0000000180025095e-35 1.0000000180025095e-35
decision_type=2 2 2 2 2 2 2
left_child=1 4 6 -4 -1 -3 -2
right_child=2 5 3 -5 -6 -7 -8
leaf_value=0.1077902194523775 -0.11689161104654558 0.0252911090812891 -0.016294067167814334 -0.045141250227653376 0.050363400161144649 -0.014707159911153532 0.019878732601117919
leaf_weight=395.14458598196507 39.167206630110741 3264.7083183079958 8699.7257250100374 2843.4008357226849 2489.5295031517744 621.45600658655167 1657.6829890757799
leaf_count=1617 160 13079 35344 11898 10103 2489 6722
internal_value=-1.60826e-05 0.0356729 -0.0182685 -0.0234032 0.0582644 0.0188926 0.0166548
internal_weight=20010.8 6770.84 13240 11543.1 2884.67 3886.16 1696.85
internal_count=81412 27288 54124 47242 11720 15568 6882
is_linear=0
shrinkage=0.1


Tree=6
num_leaves=8
num_cat=0
split_feature=40 43 36 59 6 2 6
split_gain=1060.23 215.141 196.834 194.877 138.647 42.9749 28.9518
threshold=1.0000000180025095e-35 1.0000000180025095e-35 1.0000000180025095e-35 1.0000000180025095e-35 1.0000000180025095e-35 1.0000000180025095e-35 1.0000000180025095e-35
decision_type=2 2 2 2 2 2 2
left_child=1 5 6 -4 -3 -1 -2
right_child=2 4 3 -5 -6 -7 -8
leaf_value=0.05862236134261737 -0.047033808374222955 -0.01936692385826317 0.032708068198906141 -0.02286248046486937 0.031185970609454678 0.10871643262103536 0.03229900679730658
leaf_weight=333.09723784029484 47.70429852604866 601.79347637295723 666.46584336459637 11611.832264274359 5451.9758266955614 362.63077701628208 870.65514971315861
leaf_count=1375 193 2428 2716 47701 21976 1509 3514
internal_value=-1.52146e-05 0.0322199 -0.0165032 -0.0198437 0.0261582 0.0848512 0.0281314
internal_weight=19946.2 6749.5 13196.7 12278.3 6053.77 695.728 918.359
internal_count=81412 27288 54124 50417 24404 2884 3707
is_linear=0
shrinkage=0.1


Tree=7
num_leaves=8
num_cat=0
split_feature=40 41 34 14 7 34 58
split_gain=862.422 199.574 188.181 168.294 90.1715 80.9468 59.8969
threshold=1.0000000180025095e-35 1.0000000180025095e-35 1.0000000180025095e-35 1.0000000180025095e-35 1.0000000180025095e-35 1.0000000180025095e-35 1.0000000180025095e-35
decision_type=2 2 2 2 2 2 2
left_child=1 4 6 -4 -1 -3 -2
right_child=2 5 3 -5 -6 -7 -8
leaf_value=-0.0018332914223235534 -0.10595891904272921 0.042924155227744266 -0.0099399056684104595 -0.034859469428437477 0.055452480530288499 0.0070659798710668688 0.019057106337995927
leaf_weight=308.09695218503475 38.247894480824471 789.67191578447819 7065.8685656785965 4396.5716804414988 2534.7291250228882 3092.0166662633419 1658.1916110813618
leaf_count=1237 160 3166 29006 18236 10483 12402 6722
internal_value=-1.20885e-05 0.0291189 -0.0148999 -0.0195003 0.0492456 0.01437 0.0161777
internal_weight=19883.4 6724.51 13158.9 11462.4 2842.83 3881.69 1696.44
internal_count=81412 27288 54124 47242 11720 15568 6882
is_linear=0
shrinkage=0.1


Tree=8
num_leaves=8
num_cat=0
split_feature=40 36 47 5 41 6 82
split_gain=701.827 184.541 178.605 118.495 99.1587 86.3414 70.1088
threshold=1.0000000180025095e-35 1.0000000180025095e-35 1.0000000180025095e-35 1.0000000180025095e-35 1.0000000180025095e-35 1.0000000180025095e-35 1.0000000180025095e-35
decision_type=2 2 2 2 2 2 2
left_child=1 5 3 -2 -3 -1 -4
right_child=2 4 6 -5 -6 -7 -8
leaf_value=-0.035897489265892417 -0.041020810661457005 0.035248995330288004 -0.051440784906465836 -0.0013542034231083288 0.0073679890192674532 0.066772307765484304 -0.022475172771885089
leaf_weight=87.161113321781158 831.72136744856834 2076.2423591762781 1120.5930768698454 7876.6430916935205 3307.2076748460531 1225.7025034278631 3292.6451169550419
leaf_count=351 3418 8619 4733 32090 13270 5048 13883
internal_value=-1.04531e-05 0.02633 -0.0134537 -0.00514697 0.0181254 0.0599339 -0.02984
internal_weight=19817.9 6696.31 13121.6 8708.36 5383.45 1312.86 4413.24
internal_count=81412 27288 54124 35508 21889 5399 18616
is_linear=0
shrinkage=0.1


Tree=9
num_leaves=8
num_cat=0
split_feature=40 82 43 59 34 49 2
split_gain=571.051 161.414 159.291 123.948 115.146 50.5544 36.3021
threshold=1.0000000180025095e-35 1.0000000180025095e-35 1.0000000180025095e-35 1.0000000180025095e-35 1.0000000180025095e-35 1.0000000180025095e-35 1.0000000180025095e-35
decision_type=2 2 2 2 2 2 2
left_child=2 5 6 -3 -4 -2 -1
right_child=1 3 4 -5 -6 -7 -8
leaf_value=0.045825479101821637 -0.017303741758838278 0.039738649572996082 0.044404878758348781 -0.0086553930390330623 0.011194322304282583 -0.043038930261611368 0.09274250647973091
leaf_weight=323.18864646553993 1339.6593237072229 559.81745311617851 1345.0498262941837 9404.7811696380377 4657.4609436541796 1779.8632675409317 344.06003598868847
leaf_count=1375 5487 2275 5490 38869 18914 7493 1509
internal_value=-9.72681e-06 -0.0121489 0.023802 -0.00593287 0.0186423 -0.0319962 0.0701204
internal_weight=19753.9 13084.1 6669.76 9964.6 6002.51 3119.52 667.249
internal_count=81412 54124 27288 41144 24404 12980 2884
is_linear=0
shrinkage=0.1


Tree=10
num_leaves=8
num_cat=0
split_feature=41 36 46 44 5 6 37
split_gain=468.254 230.151 202.99 71.233 55.5428 52.7507 15.752
threshold=1.0000000180025095e-35 1.0000000180025095e-35 1.0000000180025095e-35 1.0000000180025095e-35 1.0000000180025095e-35 1.0000000180025095e-35 1.0000000180025095e-35
decision_type=2 2 2 2 2 2 2
left_child=3 5 -3 6 -5 -2 -1
right_child=1 2 -4 4 -6 -7 -8
leaf_value=0.11206194079701515 -0.046060647491716157 -0.0037494953455335395 -0.031361566170844894 -0.010169568759393781 0.037319382646084601 0.035888353798206443 0.065502015771172692
leaf_weight=105.81814371049404 82.363789930939674 12019.575822561979 3419.1053270697594 278.03091675043106 2130.8987946212292 1404.1689858436584 257.19520239531994
leaf_count=476 336 49095 14592 1115 8988 5669 1141
internal_value=-6.87697e-06 -0.00624721 -0.0098662 0.0380845 0.0318364 0.0313199 0.0793448
internal_weight=19697.2 16925.2 15438.7 2771.94 2408.93 1486.53 363.013
internal_count=81412 69692 63687 11720 10103 6005 1617
is_linear=0
shrinkage=0.1


Tree=11
num_leaves=8
num_cat=0
split_feature=40 34 37 14 34 58 6
split_gain=406.689 142.253 133.41 127.214 84.8475 48.2905 31.6496
threshold=1.0000000180025095e-35 1.0000000180025095e-35 1.0000000180025095e-35 1.0000000180025095e-35 1.0000000180025095e-35 1.0000000180025095e-35 1.0000000180025095e-35
decision_type=2 2 2 2 2 2 2
left_child=2 5 6 -3 -4 -2 -1
right_child=1 3 4 -5 -6 -7 -8
leaf_value=-0.02832877667719625 -0.094954838099811728 -0.0059755231502158848 0.038352882336121906 -0.027787425577669694 0.0098971425903438479 0.019323037384098379 0.076507449670659589
leaf_weight=30.201288685202599 36.844516068696976 7008.9463714361191 1341.5711746364832 4322.9501464962959 4779.071516290307 1655.1310640126467 464.85484272241592
leaf_count=122 160 29006 5571 18236 19593 6722 2002
internal_value=-3.74642e-06 -0.0102597 0.020185 -0.0142982 0.0161395 0.0167799 0.0700676
internal_weight=19639.6 13023.9 6615.7 11331.9 6120.64 1691.98 495.056
internal_count=81412 54124 27288 47242 25164 6882 2124
is_linear=0
shrinkage=0.1


Tree=12
num_leaves=8
num_cat=0
split_feature=41 46 5 14 44 5 36
split_gain=335.428 178.473 165.402 59.5461 59.3647 43.9962 12.9526
threshold=1.0000000180025095e-35 1.0000000180025095e-35 1.0000000180025095e-35 1.0000000180025095e-35 1.0000000180025095e-35 1.0000000180025095e-35 1.0000000180025095e-35
decision_type=2 2 2 2 2 2 2
left_child=4 2 -2 -3 6 -6 -1
right_child=1 3 -4 -5 5 -7 -8
leaf_value=0.092894845656521952 -0.03418129602855504 -0.011788711303126713 0.0037097232682499828 -0.037605340715339851 -0.010499679401872299 0.031799740267960196 0.053457097424382038
leaf_weight=153.3371474891901 1273.2970949262381 1736.4895533025265 12006.891258582473 1842.0651553273201 278.00360929965973 2099.9705566167831 195.8464388102293
leaf_count=728 5266 7377 49021 8028 1115 8988 889
internal_value=-3.17529e-06 -0.00526716 7.44532e-05 -0.0250846 0.0325278 0.0268523 0.0709912
internal_weight=19585.9 16858.7 13280.2 3578.55 2727.16 2377.97 349.184
internal_count=81412 69692 54287 15405 11720 10103 1617
is_linear=0
shrinkage=0.1


Tree=13
num_leaves=8
num_cat=0
split_feature=36 59 34 6 9 38 5
split_gain=303.145 189.876 172.832 65.0188 140.329 52.109 22.3904
threshold=1.0000000180025095e-35 1.0000000180025095e-35 1.0000000180025095e-35 1.0000000180025095e-35 1.0000000180025095e-35 1.0000000180025095e-35 1.0000000180025095e-35
decision_type=2 2 2 2 2 2 2
left_child=3 6 -3 4 -1 -5 -2
right_child=1 2 -4 5 -6 -7 -8
leaf_value=0.052553672001735968 -0.0071000408192165984 0.018136534314144657 -0.011446397847055485 0.079127852492332951 -0.1549916451748381 0.03311802157040291 0.038860679753993828
leaf_weight=78.897231712937355 117.40703798830509 2301.6182855814695 13877.009495183825 286.29792542755604 54.075068458914757 1754.7306487113237 1063.1909946501255
leaf_count=323 479 9484 57976 1264 221 7298 4367
internal_value=-1.78666e-06 -0.00441107 -0.00723698 0.0351919 -0.0323745 0.0396075 0.0342879
internal_weight=19533.2 17359.2 16178.6 2174 132.972 2041.03 1180.6
internal_count=81412 72306 67460 9106 544 8562 4846
is_linear=0
shrinkage=0.1


Tree=14
num_leaves=8
num_cat=0
split_feature=40 82 42 51 14 2 49
split_gain=275.033 128.517 86.9008 81.7895 68.3433 34.6848 32.9905
threshold=1.0000000180025095e-35 1.0000000180025095e-35 1.0000000180025095e-35 1.0000000180025095e-35 1.0000000180025095e-35 1.0000000180025095e-35 1.0000000180025095e-35
decision_type=2 2 2 2 2 2 2
left_child=2 6 5 -3 -4 -1 -2
right_child=1 3 4 -5 -6 -7 -8
leaf_value=0.024204781685246566 -0.014445544394073957 0.0024406016139688876 0.019256393053740144 -0.018415645470882952 -0.0047003087150758798 0.057679236625970014 -0.035374787523271577
leaf_weight=639.6781268119812 1331.3463027626276 7354.2537312954664 3503.965280815959 2525.0823040604591 1803.0640159845352 603.37389187514782 1739.883188188076
leaf_count=2813 5487 30564 14344 10580 7340 2791 7493
internal_value=-8.92355e-07 -0.0084467 0.0166966 -0.00289142 0.0111177 0.0404865 -0.0263098
internal_weight=19500.6 12950.6 6550.08 9879.34 5307.03 1243.05 3071.23
internal_count=81412 54124 27288 41144 21684 5604 12980
is_linear=0
shrinkage=0.1


Tree=15
num_leaves=8
num_cat=0
split_feature=36 59 34 6 9 37 5
split_gain=232.895 149.785 134.611 53.3623 116.732 43.6484 18.1871
threshold=1.0000000180025095e-35 1.0000000180025095e-35 1.0000000180025095e-35 1.0000000180025095e-35 1.0000000180025095e-35 1.0000000180025095e-35 1.0000000180025095e-35
decision_type=2 2 2 2 2 2 2
left_child=3 6 -3 4 -1 -5 -2
right_child=1 2 -4 5 -6 -7 -8
leaf_value=0.046247191604702559 -0.0067680897948491142 0.016038387994912338 -0.010100727571999412 0.056603522733861961 -0.1441193990999132 0.024993727439427914 0.034684643823875413
leaf_weight=79.329711049795151 117.23762352764606 2296.6263696402311 13824.921205952764 640.54678845405579 52.844941675662994 1380.2038006931543 1060.2394801974297
leaf_count=323 479 9484 57976 2817 221 5745 4367
internal_value=-1.54597e-07 -0.00386087 -0.00637627 0.0310086 -0.0303742 0.0350366 0.0305551
internal_weight=19451.9 17299 16121.5 2152.93 132.175 2020.75 1177.48
internal_count=81412 72306 67460 9106 544 8562 4846
is_linear=0
shrinkage=0.1


Tree=16
num_leaves=8
num_cat=0
split_feature=40 82 43 14 6 67 2
split_gain=210.274 103.667 72.5982 72.4166 57.0055 32.2459 27.887
threshold=1.0000000180025095e-35 1.0000000180025095e-35 1.0000000180025095e-35 1.0000000180025095e-35 1.0000000180025095e-35 1.0000000180025095e-35 1.0000000180025095e-35
decision_type=2 2 2 2 2 2 2
left_child=2 5 6 -3 -4 -2 -1
right_child=1 3 4 -5 -6 -7 -8
leaf_value=0.02601657719670647 0.038483977054473942 0.0043020696075026536 -0.017946239884390681 -0.013350934028390297 0.014571237729997492 -0.025208987818611712 0.069110683591843816
leaf_weight=301.53161065280437 80.817592799663544 6113.3921625316143 599.19430167973042 3747.4717367440462 5308.4134013205767 2966.4881995916367 302.00957208871841
leaf_count=1375 341 25264 2428 15880 21976 12639 1509
internal_value=2.968e-07 -0.00739008 0.0146504 -0.00240736 0.0112706 -0.0235077 0.0476593
internal_weight=19419.3 12908.2 6511.15 9860.86 5907.61 3047.31 603.541
internal_count=81412 54124 27288 41144 24404 12980 2884
is_linear=0
shrinkage=0.1


Tree=17
num_leaves=8
num_cat=0
split_feature=36 27 22 53 6 9 38
split_gain=178.44 137.297 157.119 41.3509 41.3178 97.8469 36.9833
threshold=1.0000000180025095e-35 1.0000000180025095e-35 1.0000000180025095e-35 1.0000000180025095e-35 1.0000000180025095e-35 1.0000000180025095e-35 1.0000000180025095e-35
decision_type=2 2 2 2 2 2 2
left_child=4 2 -2 -3 5 -1 -6
right_child=1 3 -4 -5 6 -7 -8
leaf_value=0.042231825849511365 -0.0069414895472924539 -0.00099807738088288425 0.015799765326284607 -0.023797159881102991 0.065171727774016516 -0.13377737384887153 0.025442776448343713
leaf_weight=79.530989080667496 7818.9022044092417 1036.9224437475204 4967.3088836967945 3417.3218511790037 270.80240358412266 51.029503032565117 1729.8556598573923
leaf_count=323 32755 4371 20680 14500 1264 221 7298
internal_value=1.35618e-06 -0.00337361 0.00189379 -0.0184911 0.0272919 -0.0270552 0.0308502
internal_weight=19371.7 17240.5 12786.2 4454.24 2131.22 130.56 2000.66
internal_count=81412 72306 53435 18871 9106 544 8562
is_linear=0
shrinkage=0.1


Tree=18
num_leaves=8
num_cat=0
split_feature=41 46 5 9 7 2 54
split_gain=166.171 118.396 109.736 57.639 368.905 49.0795 5.91911
threshold=1.0000000180025095e-35 1.0000000180025095e-35 1.0000000180025095e-35 1.0000000180025095e-35 1.0000000180025095e-35 1.0000000180025095e-35 1.0000000180025095e-35
decision_type=2 2 2 2 2 2 2
left_child=3 2 -2 6 -5 -3 -1
right_child=1 5 -4 4 -6 -7 -8
leaf_value=0.035211288833140029 -0.027471620521011455 -2.0616688432539844e-05 0.0036199321533770552 -0.16773382428127018 0.027165147496455672 -0.026982176123348651 0.081809825055428262
leaf_weight=35.026105672121048 1253.353433534503 911.67193448543549 11947.580131828785 100.36085098981857 2323.9777736961842 2601.6117117702961 170.57391038537025
leaf_count=141 5266 3992 49021 409 10483 11413 687
internal_value=6.54541e-07 -0.00367623 0.000666109 0.0233611 0.019031 -0.0199878 0.0740801
internal_weight=19344.2 16714.2 13200.9 2629.94 2424.34 3513.28 205.6
internal_count=81412 69692 54287 11720 10892 15405 828
is_linear=0
shrinkage=0.1


Tree=19
num_leaves=8
num_cat=0
split_feature=34 14 13 28 19 5 58
split_gain=158.993 140.745 158.748 127.045 71.8826 63.3848 30.204
threshold=1.0000000180025095e-35 1.0000000180025095e-35 1.0000000180025095e-35 1.0000000180025095e-35 1.0000000180025095e-35 1.0000000180025095e-35 1.0000000180025095e-35
decision_type=2 2 2 2 2 2 2
left_child=4 3 -3 -2 5 -1 -6
right_child=1 2 -4 -5 6 -7 -8
leaf_value=-0.032916846942824825 0.010981508010633259 -0.050379996321396614 -0.0084218800156540524 -0.012511514991407402 -0.094825068858936518 0.034484659901374302 0.00046886542442745412
leaf_weight=148.628587692976 6790.4247727692127 1112.9590057730675 4736.1934290677309 3481.1077902019024 33.554646149277687 2109.2683294266462 888.14640331268311
leaf_count=608 28334 4792 20209 14705 150 8906 3708
internal_value=-8.73306e-07 -0.00403207 -0.0164128 0.00301908 0.0204323 0.0300353 -0.00309933
internal_weight=19300.3 16120.7 5849.15 10271.5 3179.6 2257.9 921.701
internal_count=81412 68040 25001 43039 13372 9514 3858
is_linear=0
shrinkage=0.1


Tree=20
num_leaves=8
num_cat=0
split_feature=40 11 7 9 7 15 42
split_gain=135.054 87.2397 231.612 72.1585 550.734 25.8393 11.7959
threshold=1.0000000180025095e-35 1.0000000180025095e-35 1.0000000180025095e-35 1.0000000180025095e-35 1.0000000180025095e-35 1.0000000180025095e-35 1.0000000180025095e-35
decision_type=2 2 2 2 2 2 2
left_child=3 5 -3 6 -5 -2 -1
right_child=1 2 -4 4 -6 -7 -8
leaf_value=0.080804030785674483 -0.028548579823226717 -0.063054342477181224 -0.0041799745107218168 -0.15468284290765802 0.014504760702589879 0.044157492577680584 0.041430251461095288
leaf_weight=97.95128707587719 54.519951730966568 707.88793581724167 11646.334749847651 198.02379748225212 5782.4332858026028 425.38612705469131 360.73102667927742
leaf_count=397 229 3081 48988 823 24602 1826 1466
internal_value=-2.95105e-06 -0.00593223 -0.00755826 0.011814 0.00887773 0.0358555 0.049996
internal_weight=19273.3 12834.1 12354.2 6439.14 5980.46 479.906 458.682
internal_count=81412 54124 52069 27288 25425 2055 1863
is_linear=0
shrinkage=0.1


Tree=21
num_leaves=8
num_cat=0
split_feature=36 17 22 14 44 6 6
split_gain=125.582 110.777 82.3266 71.8628 32.246 23.1811 2.29949
threshold=1.0000000180025095e-35 1.0000000180025095e-35 1.0000000180025095e-35 1.0000000180025095e-35 1.0000000180025095e-35 1.0000000180025095e-35 1.0000000180025095e-35
decision_type=2 2 2 2 2 2 2
left_child=4 3 -3 -2 6 -6 -1
right_child=1 2 -4 -5 5 -7 -8
leaf_value=0.018891955459026166 0.011968017048648562 -0.021780442394116938 -0.0017791845174926239 -0.0065674935082897347 -0.023277609465035431 0.022615548933461911 0.075101701913697166
leaf_weight=8.5904894620180112 5501.5836317241192 3877.222294896841 4384.831804677844 3373.5510757118464 116.22097128629684 1852.9058105647564 119.60348752140999
leaf_count=37 22940 16514 18518 14334 507 7871 691
internal_value=-7.42091e-06 -0.0028346 -0.0111669 0.00492249 0.0230838 0.0198964 0.0715104
internal_weight=19234.5 17137.2 8262.05 8875.13 2097.32 1969.13 128.194
internal_count=81412 72306 35032 37274 9106 8378 728
is_linear=0
shrinkage=0.1


Tree=22
num_leaves=8
num_cat=0
split_feature=34 11 7 18 5 15 12
split_gain=121.298 107.648 189.592 57.2206 40.4783 22.4967 12.214
threshold=1.0000000180025095e-35 1.0000000180025095e-35 1.0000000180025095e-35 1.0000000180025095e-35 1.0000000180025095e-35 1.0000000180025095e-35 1.0000000180025095e-35
decision_type=2 2 2 2 2 2 2
left_child=3 6 -3 4 -1 -5 -2
right_child=1 2 -4 5 -6 -7 -8
leaf_value=-0.021250572938539727 0.022263584771296918 -0.046175275739773577 -0.0021219848313639481 -0.039788332628666927 0.027375099312051593 0.0031827762619558208 0.051904961295598941
leaf_weight=183.38010266423225 248.06247510015965 1046.8537485748529 14435.012993395329 187.10375642776489 2441.362605676055 345.43898938596249 322.65543256700039
leaf_count=758 1048 4543 61093 787 10369 1458 1356
internal_value=-5.91077e-06 -0.00353028 -0.00510357 0.0179085 0.023971 -0.011961 0.0390828
internal_weight=19209.9 16052.6 15481.9 3157.29 2624.74 532.543 570.718
internal_count=81412 68040 65636 13372 11127 2245 2404
is_linear=0
shrinkage=0.1


Tree=23
num_leaves=8
num_cat=0
split_feature=41 59 17 9 7 45 54
split_gain=106.896 95.9742 87.5023 44.226 238.483 11.3549 5.02417
threshold=1.0000000180025095e-35 1.0000000180025095e-35 1.0000000180025095e-35 1.0000000180025095e-35 1.0000000180025095e-35 1.0000000180025095e-35 1.0000000180025095e-35
decision_type=2 2 2 2 2 2 2
left_child=3 5 -3 6 -5 -2 -1
right_child=1 2 -4 4 -6 -7 -8
leaf_value=0.027821854404028342 0.024401284655178754 0.0025419307118410132 -0.012445105883362541 -0.13963783174567276 0.021586490026530371 0.079528695114266287 0.070549858568781723
leaf_weight=34.965063035488129 998.949393466115 7840.4179684519768 7741.5189380198717 94.615392416715622 2272.6491485238075 38.063162699341774 169.90318857133389
leaf_count=141 4071 32713 32750 409 10483 158 687
internal_value=-6.82811e-06 -0.0029433 -0.00490435 0.0189599 0.0150864 0.0264994 0.063428
internal_weight=19191.1 16618.9 15581.9 2572.13 2367.26 1037.01 204.868
internal_count=81412 69692 65463 11720 10892 4229 828
is_linear=0
shrinkage=0.1


Tree=24
num_leaves=8
num_cat=0
split_feature=26 14 13 6 37 56 52
split_gain=98.747 95.9619 143.883 80.6208 18.7582 14.7712 3.92192
threshold=1.0000000180025095e-35 1.0000000180025095e-35 1.0000000180025095e-35 1.0000000180025095e-35 1.0000000180025095e-35 1.0000000180025095e-35 1.0000000180025095e-35
decision_type=2 2 2 2 2 2 2
left_child=1 3 -3 -1 6 -6 -2
right_child=4 2 -4 -5 5 -7 -8
leaf_value=-0.018811534248594306 -0.020223211417466452 -0.041731667308228748 -0.00067030090817540649 0.010949171015286904 0.049406515521599061 -0.023128644499640933 0.05054347276256782
leaf_weight=1002.2661144584417 8.951154023408888 1018.6531295031309 5233.519471809268 9825.6549963057041 27.570597931742668 1997.5297996401787 43.055958315730095
leaf_count=4260 40 4430 22345 41374 122 8645 196
internal_value=-6.57639e-06 0.00249751 -0.00736595 0.00819294 -0.020589 -0.0221172 0.0382118
internal_weight=19157.2 17080.1 6252.17 10827.9 2077.11 2025.1 52.0071
internal_count=81412 72409 26775 45634 9003 8767 236
is_linear=0
shrinkage=0.1


end of trees

feature_importances:
discharge_disposition_id_lt=_9.5=16
number_inpatient_lt=_0.5=14
discharge_disposition_id_lt=_8.5=12
number_outpatient_lt=_0.5=12
admission_source_id_lt=_6.5=11
number_emergency_lt=_0.5=11
number_inpatient_lt=_1.5=10
discharge_disposition_id_lt=_10.0=9
number_diagnoses_lt=_5.5=8
discharge_disposition_id_lt=_14.5=6
diag_1_428_lt=_0.5=6
discharge_disposition_id_lt=_1.5=5
diabetesMed_No_lt=_0.5=5
number_emergency_lt=_1.5=4
number_inpatient_lt=_2.5=4
number_inpatient_lt=_4.5=4
diag_1_278_lt=_0.5=4
number_inpatient_lt=_3.5=3
number_diagnoses_lt=_6.5=3
discharge_disposition_id_lt=_21.0=2
admission_source_id_lt=_3.5=2
admission_source_id_lt=_8.5=2
time_in_hospital_lt=_3.5=2
num_procedures_lt=_0.5=2
number_emergency_lt=_2.5=2
number_diagnoses_lt=_8.5=2
age_(80-90)_lt=_0.5=2
discharge_disposition_id_lt=_22.5=1
num_lab_procedures_lt=_18.5=1
num_lab_procedures_lt=_30.5=1
num_medications_lt=_7.5=1
num_medications_lt=_10.5=1
num_medications_lt=_11.5=1
number_diagnoses_lt=_4.5=1
race_Caucasian_lt=_0.5=1
age_(50-60)_lt=_0.5=1
age_(70-80)_lt=_0.5=1
diag_1_250.11_lt=_0.5=1
diag_2_403_lt=_0.5=1

parameters:
[boosting: gbdt]
[objective: binary]
[metric: binary_logloss]
[tree_learner: serial]
[device_type: cpu]
[data_sample_strategy: bagging]
[data: ]
[valid: ]
[num_iterations: 25]
[learning_rate: 0.1]
[num_leaves: 31]
[num_threads: 8]
[seed: 42]
[deterministic: 0]
[force_col_wise: 0]
[force_row_wise: 0]
[histogram_pool_size: -1]
[max_depth: 3]
[min_data_in_leaf: 20]
[min_sum_hessian_in_leaf: 0.001]
[bagging_fraction: 1]
[pos_bagging_fraction: 1]
[neg_bagging_fraction: 1]
[bagging_freq: 0]
[bagging_seed: 400]
[bagging_by_query: 0]
[feature_fraction: 1]
[feature_fraction_bynode: 1]
[feature_fraction_seed: 30056]
[extra_trees: 0]
[extra_seed: 12879]
[early_stopping_round: 0]
[early_stopping_min_delta: 0]
[first_metric_only: 0]
[max_delta_step: 0]
[lambda_l1: 0]
[lambda_l2: 1]
[linear_lambda: 0]
[min_gain_to_split: 0]
[drop_rate: 0.1]
[max_drop: 50]
[skip_drop: 0.5]
[xgboost_dart_mode: 0]
[uniform_drop: 0]
[drop_seed: 17869]
[top_rate: 0.2]
[other_rate: 0.1]
[min_data_per_group: 100]
[max_cat_threshold: 32]
[cat_l2: 10]
[cat_smooth: 10]
[max_cat_to_onehot: 4]
[top_k: 20]
[monotone_constraints: ]
[monotone_constraints_method: basic]
[monotone_penalty: 0]
[feature_contri: ]
[forcedsplits_filename: ]
[refit_decay_rate: 0.9]
[cegb_tradeoff: 1]
[cegb_penalty_split: 0]
[cegb_penalty_feature_lazy: ]
[cegb_penalty_feature_coupled: ]
[path_smooth: 0]
[interaction_constraints: ]
[verbosity: -1]
[saved_feature_importance_type: 0]
[use_quantized_grad: 0]
[num_grad_quant_bins: 4]
[quant_train_renew_leaf: 0]
[stochastic_rounding: 1]
[linear_tree: 0]
[max_bin: 255]
[max_bin_by_feature: ]
[min_data_in_bin: 3]
[bin_construct_sample_cnt: 200000]
[data_random_seed: 175]
[is_enable_sparse: 1]
[enable_bundle: 1]
[use_missing: 1]
[zero_as_missing: 0]
[feature_pre_filter: 1]
[pre_partition: 0]
[two_round: 0]
[header: 0]
[label_column: ]
[weight_column: ]
[group_column: ]
[ignore_column: ]
[categorical_feature: ]
[forcedbins_filename: ]
[precise_float_parser: 0]
[parser_config_file: ]
[objective_seed: 16083]
[num_class: 1]
[is_unbalance: 0]
[scale_pos_weight: 1]
[sigmoid: 1]
[boost_from_average: 1]
[reg_sqrt: 0]
[alpha: 0.9]
[fair_c: 1]
[poisson_max_delta_step: 0.7]
[tweedie_variance_power: 1.5]
[lambdarank_truncation_level: 30]
[lambdarank_norm: 1]
[label_gain: ]
[lambdarank_position_bias_regularization: 0]
[eval_at: ]
[multi_error_top_k: 1]
[auc_mu_weights: ]
[num_machines: 1]
[local_listen_port: 12400]
[time_out: 120]
[machine_list_filename: ]
[machines: ]
[gpu_platform_id: -1]
[gpu_device_id: -1]
[gpu_use_dp: 0]
[num_gpu: 1]

end of parameters

pandas_categorical:[]
