tree
version=v4
num_class=1
num_tree_per_iteration=1
label_index=0
max_feature_idx=16
objective=binary sigmoid:1
feature_names=ExternalRiskEstimate_lt=_63.5 ExternalRiskEstimate_lt=_67.5 ExternalRiskEstimate_lt=_70.5 ExternalRiskEstimate_lt=_73.5 ExternalRiskEstimate_lt=_74.5 ExternalRiskEstimate_lt=_75.5 ExternalRiskEstimate_lt=_78.5 ExternalRiskEstimate_lt=_81.5 AverageMInFile_lt=_49.5 AverageMInFile_lt=_64.5 MSinceMostRecentInqexcl7days_lt=_-7.5 MSinceMostRecentInqexcl7days_lt=_0.5 MSinceMostRecentInqexcl7days_lt=_1.5 NetFractionRevolvingBurden_lt=_57.5 PercentTradesWBalance_lt=_47.5 PercentTradesWBalance_lt=_73.5 NumSatisfactoryTrades_lt=_27.5
feature_infos=[0:1] [0:1] [0:1] [0:1] [0:1] [0:1] [0:1] [0:1] [0:1] [0:1] [0:1] [0:1] [0:1] [0:1] [0:1] [0:1] [0:1]
tree_sizes=1009 1015 1012 1020 1018 1007 1017 1014 1014 1011 1016 1019 1017 1019 1015 1018 1014 912 1022 1019 910 1018 1013 911 1018

Tree=0
num_leaves=8
num_cat=0
split_feature=4 1 14 7 11 11 8
split_gain=1324.43 138.635 106.371 86.442 70.4804 46.3829 13.4548
threshold=1.0000000180025095e-35 1.0000000180025095e-35 1.0000000180025095e-35 1.0000000180025095e-35 1.0000000180025095e-35 1.0000000180025095e-35 1.0000000180025095e-35
decision_type=2 2 2 2 2 2 2
left_child=3 4 -3 6 -2 -5 -1
right_child=1 2 -4 5 -6 -7 -8
leaf_value=0.048662047739574887 -0.046806475511535738 -0.19338017742234548 -0.10412911302370191 0.02689593302238491 -0.13167318015720481 -0.046157934878959556 -0.066953331114358153
leaf_weight=399.23043251037598 136.98594215512276 651.24464303255081 168.42533871531487 133.49267587065697 336.10212036967278 251.51517248153687 10.729317873716353
leaf_count=1600 549 2610 675 535 1347 1008 43
internal_value=-0.0877819 -0.150226 -0.175083 0.0137139 -0.107065 -0.0205967 0.0456942
internal_weight=2087.73 1292.76 819.67 794.968 473.088 385.008 409.96
internal_count=8367 5181 3285 3186 1896 1543 1643
is_linear=0
shrinkage=1


Tree=1
num_leaves=8
num_cat=0
split_feature=3 6 15 0 11 2 8
split_gain=1075.43 97.5068 97.2529 46.2107 39.2749 34.9852 33.3575
threshold=1.0000000180025095e-35 1.0000000180025095e-35 1.0000000180025095e-35 1.0000000180025095e-35 1.0000000180025095e-35 1.0000000180025095e-35 1.0000000180025095e-35
decision_type=2 2 2 2 2 2 2
left_child=1 6 3 -2 -3 -4 -1
right_child=2 4 5 -5 -6 -7 -8
leaf_value=0.11511218184600946 -0.063078504073155336 0.09181600497904667 0.013912408491801118 -0.11935153117247772 0.011431895988777578 -0.044379595921486013 0.0052876043509250186
leaf_weight=546.95449715852737 325.00818286836147 88.727625042200089 128.84425356984138 271.45426785945892 189.49265170097351 503.58148224651814 29.230396747589111
leaf_count=2189 1308 355 517 1096 759 2026 117
internal_value=-7.87326e-06 0.0861021 -0.0598986 -0.0888457 0.0373043 -0.0325005 0.109559
internal_weight=2083.29 854.405 1228.89 596.462 278.22 632.426 576.185
internal_count=8367 3420 4947 2404 1114 2543 2306
is_linear=0
shrinkage=0.1


Tree=2
num_leaves=8
num_cat=0
split_feature=4 1 14 7 16 12 9
split_gain=878.402 98.6206 81.4453 60.5528 57.9838 34.0727 9.96511
threshold=1.0000000180025095e-35 1.0000000180025095e-35 1.0000000180025095e-35 1.0000000180025095e-35 1.0000000180025095e-35 1.0000000180025095e-35 1.0000000180025095e-35
decision_type=2 2 2 2 2 2 2
left_child=3 4 -3 6 -2 -5 -1
right_child=1 2 -4 5 -6 -7 -8
leaf_value=0.1148675392653038 0.040120037129974299 -0.088674316476962584 -0.010357072560176877 0.10062661719232885 -0.03712711176229979 0.034842530035787828 0.0611732463119277
leaf_weight=365.79168798029423 135.63949674367905 640.26565144956112 167.82296821475029 110.55906021595001 335.86208668351173 274.49936801195145 42.277834862470627
leaf_count=1473 545 2610 675 444 1351 1099 170
internal_value=-1.55419e-05 -0.0512553 -0.0724424 0.0826124 -0.0148671 0.0539424 0.109468
internal_weight=2072.72 1279.59 808.089 793.128 471.502 385.058 408.07
internal_count=8367 5181 3285 3186 1896 1543 1643
is_linear=0
shrinkage=0.1


Tree=3
num_leaves=8
num_cat=0
split_feature=3 13 6 11 11 8 11
split_gain=719.836 77.8464 68.7528 43.5952 28.4819 25.7457 25.6706
threshold=1.0000000180025095e-35 1.0000000180025095e-35 1.0000000180025095e-35 1.0000000180025095e-35 1.0000000180025095e-35 1.0000000180025095e-35 1.0000000180025095e-35
decision_type=2 2 2 2 2 2 2
left_child=2 6 5 -3 -4 -1 -2
right_child=1 3 4 -5 -6 -7 -8
leaf_value=0.095618321231492109 -0.038187224065946435 0.011923828221214848 0.076498418528578721 -0.043750484029287995 0.0078610126674871113 -0.00072377347201202434 -0.097978898960965802
leaf_weight=538.80646908283234 94.764397844672203 181.84488239884377 87.955999583005905 614.28893940150738 189.5538364648819 29.224586620926857 320.6887898594141
leaf_count=2189 389 738 355 2499 759 117 1321
internal_value=-8.85071e-06 -0.0494106 0.0707544 -0.0310349 0.029812 0.0906691 -0.0844649
internal_weight=2057.13 1211.59 845.541 796.134 277.51 568.031 415.453
internal_count=8367 4947 3420 3237 1114 2306 1710
is_linear=0
shrinkage=0.1


Tree=4
num_leaves=8
num_cat=0
split_feature=4 1 14 9 11 13 11
split_gain=590.222 76.3158 66.1595 48.0855 46.598 27.6515 16.485
threshold=1.0000000180025095e-35 1.0000000180025095e-35 1.0000000180025095e-35 1.0000000180025095e-35 1.0000000180025095e-35 1.0000000180025095e-35 1.0000000180025095e-35
decision_type=2 2 2 2 2 2 2
left_child=3 4 -3 5 -2 -1 -5
right_child=1 2 -4 6 -6 -7 -8
leaf_value=-0.027440215897784715 0.03862017950653121 -0.076169880142295421 -0.0052959293019410499 0.066074425913264803 -0.030520994010496412 0.084993457278190479 -0.0027691149508054271
leaf_weight=22.260621383786201 136.84571959078312 624.12917760014534 167.06620447337627 50.020864561200142 332.08724421262741 597.92434717714787 109.05133099853992
leaf_count=90 549 2610 675 204 1347 2453 439
internal_value=-7.7459e-06 -0.0423023 -0.0612299 0.0683529 -0.0103047 0.0809201 0.0191565
internal_weight=2039.39 1260.13 791.195 779.257 468.933 620.185 159.072
internal_count=8367 5181 3285 3186 1896 2543 643
is_linear=0
shrinkage=0.1


Tree=5
num_leaves=8
num_cat=0
split_feature=2 6 10 11 9 12 0
split_gain=489.226 96.308 56.9726 53.2862 40.993 22.4125 16.9776
threshold=1.0000000180025095e-35 1.0000000180025095e-35 1.0000000180025095e-35 1.0000000180025095e-35 1.0000000180025095e-35 1.0000000180025095e-35 1.0000000180025095e-35
decision_type=2 2 2 2 2 2 2
left_child=1 5 3 -2 -3 -1 -4
right_child=2 4 6 -5 -6 -7 -8
leaf_value=0.10646980113640617 -0.016113618873991646 0.036416184629712328 0.13677149783990467 -0.073901092423311554 -0.025093143106999879 0.06262187926883224 0.00098513054209356629
leaf_weight=173.43941536545753 212.77470165491104 313.298166051507 8.9663914591073972 645.15304614603519 164.4954604357481 379.5676379352808 121.20496180653572
leaf_count=727 881 1267 37 2720 665 1579 491
internal_value=-7.65613e-06 0.0481654 -0.0502605 -0.0596047 0.0152315 0.0765412 0.0113097
internal_weight=2018.9 1030.8 988.099 857.928 477.794 553.007 130.171
internal_count=8367 4238 4129 3601 1932 2306 528
is_linear=0
shrinkage=0.1


Tree=6
num_leaves=8
num_cat=0
split_feature=3 15 7 12 0 12 12
split_gain=401.627 58.6262 47.727 31.2314 29.5431 22.7021 8.44927
threshold=1.0000000180025095e-35 1.0000000180025095e-35 1.0000000180025095e-35 1.0000000180025095e-35 1.0000000180025095e-35 1.0000000180025095e-35 1.0000000180025095e-35
decision_type=2 2 2 2 2 2 2
left_child=2 4 6 -4 -2 -3 -1
right_child=1 5 3 -5 -6 -7 -8
leaf_value=0.10173662765235686 -0.039966911258878142 0.025526083860181181 0.074138133781961379 0.01431486455981535 -0.086292431071165951 -0.024845784522463096 0.068770963828951648
leaf_weight=121.22531069815159 312.26792031526566 107.66601483523846 120.07237909734249 314.9994217902422 250.08560943603516 508.81915222108364 262.91212500631809
leaf_count=523 1308 439 502 1275 1096 2104 1120
internal_value=1.83761e-06 -0.0373612 0.0537471 0.0309572 -0.0606851 -0.0160215 0.0794113
internal_weight=1998.05 1178.84 819.209 435.072 562.354 616.485 384.137
internal_count=8367 4947 3420 1777 2404 2543 1643
is_linear=0
shrinkage=0.1


Tree=7
num_leaves=8
num_cat=0
split_feature=2 8 10 6 11 0 11
split_gain=337.994 72.5719 45.9067 44.9686 42.236 13.9336 5.61354
threshold=1.0000000180025095e-35 1.0000000180025095e-35 1.0000000180025095e-35 1.0000000180025095e-35 1.0000000180025095e-35 1.0000000180025095e-35 1.0000000180025095e-35
decision_type=2 2 2 2 2 2 2
left_child=1 3 4 -1 -2 -4 -3
right_child=2 6 5 -5 -6 -7 -8
leaf_value=0.06934679755012127 -0.012061005338711767 -0.0026232531278390669 0.12580594140313592 0.024398290994016067 -0.063874684392604589 0.0034974357186031441 -0.053029430461511845
leaf_weight=505.68341293931007 210.80927510559559 31.590273320674896 9.0984755456447584 399.8244484513998 625.37716317176819 120.82564006745815 73.340336531400681
leaf_count=2189 881 129 37 1623 2720 491 297
internal_value=1.05355e-05 0.0404262 -0.0422576 0.0495487 -0.0508421 0.0129581 -0.0380222
internal_weight=1976.55 1010.44 966.111 905.508 836.186 129.924 104.931
internal_count=8367 4238 4129 3812 3601 528 426
is_linear=0
shrinkage=0.1


Tree=8
num_leaves=8
num_cat=0
split_feature=2 9 13 12 16 10 11
split_gain=277.396 62.1257 38.5831 31.6762 21.0769 20.1514 12.2877
threshold=1.0000000180025095e-35 1.0000000180025095e-35 1.0000000180025095e-35 1.0000000180025095e-35 1.0000000180025095e-35 1.0000000180025095e-35 1.0000000180025095e-35
decision_type=2 2 2 2 2 2 2
left_child=1 3 6 -1 -3 -4 -2
right_child=2 4 5 -5 -6 -7 -8
leaf_value=0.083247925061923911 -0.030854077273163055 0.055600096059895077 -0.03256620273989258 0.037892091829444328 -0.019825826573404703 0.012221357674180033 -0.07546631894997663
leaf_weight=218.07586757838726 82.923790633678436 44.136513531208038 478.93651387095451 531.90410542488098 205.96378643810749 126.48313681781292 266.02699647843838
leaf_count=958 354 181 2056 2252 847 513 1206
internal_value=1.2376e-05 0.0367971 -0.0385323 0.0511738 -0.0063466 -0.0232045 -0.0649832
internal_weight=1954.45 1000.08 954.37 749.98 250.1 605.42 348.951
internal_count=8367 4238 4129 3210 1028 2569 1560
is_linear=0
shrinkage=0.1


Tree=9
num_leaves=8
num_cat=0
split_feature=5 16 0 10 10 12 15
split_gain=239.033 57.7786 44.2778 40.8584 24.1492 35.9524 0.782995
threshold=1.0000000180025095e-35 1.0000000180025095e-35 1.0000000180025095e-35 1.0000000180025095e-35 1.0000000180025095e-35 1.0000000180025095e-35 1.0000000180025095e-35
decision_type=2 2 2 2 2 2 2
left_child=4 2 -2 -3 5 -1 -6
right_child=1 3 -4 -5 6 -7 -8
leaf_value=0.077150072119541183 0.036355306341573378 -0.046030672402577008 -0.046005692686080957 0.01348062801919659 0.072335106661661666 0.025090575048766151 0.11432294671950341
leaf_weight=196.56855674088001 218.68549917638302 821.72232541441917 91.910159528255463 133.72573482990265 12.764244243502615 408.86196784675121 50.082456633448601
leaf_count=897 911 3575 413 542 55 1752 222
internal_value=1.01787e-05 -0.0255255 0.011914 -0.037696 0.0483531 0.0420924 0.107062
internal_weight=1934.32 1266.04 310.596 955.448 668.277 605.431 62.8467
internal_count=8367 5441 1324 4117 2926 2649 277
is_linear=0
shrinkage=0.1


Tree=10
num_leaves=8
num_cat=0
split_feature=5 15 8 11 10 12 15
split_gain=196.705 50.3679 28.0142 23.9661 21.0664 30.956 0.744902
threshold=1.0000000180025095e-35 1.0000000180025095e-35 1.0000000180025095e-35 1.0000000180025095e-35 1.0000000180025095e-35 1.0000000180025095e-35 1.0000000180025095e-35
decision_type=2 2 2 2 2 2 2
left_child=4 2 -2 -3 5 -1 -6
right_child=1 3 -4 -5 6 -7 -8
leaf_value=0.071526192179810849 -0.030475408173149185 0.028334681629832249 -0.078845499418757167 -0.015353495350732488 0.066787157584086779 0.022724364822713325 0.10714749852184013
leaf_weight=191.18744795024395 404.79578240215778 164.84522669017315 170.59175938367844 516.19495517015457 12.537235185503958 406.52407789230347 48.255284920334816
leaf_count=897 1807 680 777 2177 55 1752 222
internal_value=2.67481e-05 -0.0231724 -0.0449282 -0.00475277 0.0442588 0.0384278 0.10004
internal_weight=1914.93 1256.43 575.388 681.04 658.504 597.712 60.7925
internal_count=8367 5441 2584 2857 2926 2649 277
is_linear=0
shrinkage=0.1


Tree=11
num_leaves=8
num_cat=0
split_feature=2 8 12 13 16 11 16
split_gain=168.522 44.4456 30.2284 29.3526 13.7934 10.549 3.79488
threshold=1.0000000180025095e-35 1.0000000180025095e-35 1.0000000180025095e-35 1.0000000180025095e-35 1.0000000180025095e-35 1.0000000180025095e-35 1.0000000180025095e-35
decision_type=2 2 2 2 2 2 2
left_child=1 2 -1 5 -5 -2 -3
right_child=3 6 -4 4 -6 -7 -8
leaf_value=0.066842963364866795 -0.022446542985351751 0.043270948008362869 0.024979540820803524 0.011335772980642325 -0.025241900041977124 -0.06433953495121314 -0.037183994011546255
leaf_weight=237.94894208014011 80.818444013595581 5.4157733768224707 629.02798065543175 132.01432952284813 461.68336179852486 251.23428578674793 97.975389391183853
leaf_count=1109 354 22 2703 567 2002 1206 404
internal_value=3.73285e-05 0.0291416 0.0365331 -0.0304681 -0.0171031 -0.0542412 -0.0325955
internal_weight=1896.12 970.368 866.977 925.75 593.698 332.053 103.391
internal_count=8367 4238 3812 4129 2569 1560 426
is_linear=0
shrinkage=0.1


Tree=12
num_leaves=8
num_cat=0
split_feature=6 0 16 10 8 10 11
split_gain=140.565 50.5571 42.8693 36.0933 11.3649 8.76015 3.69563
threshold=1.0000000180025095e-35 1.0000000180025095e-35 1.0000000180025095e-35 1.0000000180025095e-35 1.0000000180025095e-35 1.0000000180025095e-35 1.0000000180025095e-35
decision_type=2 2 2 2 2 2 2
left_child=4 2 -2 -3 5 -1 -6
right_child=1 3 -4 -5 6 -7 -8
leaf_value=0.044610941747377987 0.031731869945310284 -0.058331948190805782 -0.016237689263976236 0.004830461721612625 0.034664013219348498 0.089174475611929177 -0.038900874086856239
leaf_weight=414.76173515617847 261.10326986014843 359.572519287467 643.20330165326595 120.58066265285015 9.3340429961681384 49.897950038313866 19.472357049584389
leaf_count=1946 1095 1712 2763 491 39 243 78
internal_value=3.15044e-05 -0.0163043 -0.00236754 -0.0424929 0.0458032 0.0495777 -0.0147006
internal_weight=1877.93 1384.46 904.307 480.153 493.466 464.66 28.8064
internal_count=8367 6061 3858 2203 2306 2189 117
is_linear=0
shrinkage=0.1


Tree=13
num_leaves=8
num_cat=0
split_feature=2 9 13 10 16 10 11
split_gain=116.958 35.7935 23.316 20.0693 12.1491 11.8717 9.24576
threshold=1.0000000180025095e-35 1.0000000180025095e-35 1.0000000180025095e-35 1.0000000180025095e-35 1.0000000180025095e-35 1.0000000180025095e-35 1.0000000180025095e-35
decision_type=2 2 2 2 2 2 2
left_child=1 3 6 -1 -3 -4 -2
right_child=2 4 5 -5 -6 -7 -8
leaf_value=0.030673062753519272 -0.017456775354013552 0.039251823331764087 -0.021210855766572435 0.090968775385671038 -0.018732254555499421 0.013307117460613475 -0.057074149489704518
leaf_weight=647.79348260164261 79.407423451542854 42.997038871049881 460.7313556522131 59.75925812125206 201.87671545147896 126.31319276988506 240.61973021924496
leaf_count=2920 354 181 2056 290 847 513 1206
internal_value=3.27137e-05 0.0244951 -0.0256515 0.0358868 -0.00843268 -0.0137737 -0.047329
internal_weight=1859.5 952.426 907.072 707.553 244.874 587.045 320.027
internal_count=8367 4238 4129 3210 1028 2569 1560
is_linear=0
shrinkage=0.1


Tree=14
num_leaves=8
num_cat=0
split_feature=6 11 10 0 12 10 16
split_gain=101.649 40.8369 37.8453 25.2191 10.9022 13.0239 1.64079
threshold=1.0000000180025095e-35 1.0000000180025095e-35 1.0000000180025095e-35 1.0000000180025095e-35 1.0000000180025095e-35 1.0000000180025095e-35 1.0000000180025095e-35
decision_type=2 2 2 2 2 2 2
left_child=4 3 -3 -2 6 -6 -1
right_child=1 2 -4 -5 5 -7 -8
leaf_value=0.083847687571347376 0.031061544206467052 -0.031759224146879317 0.02319686924332677 -0.032153196463332985 0.021727451828988494 0.077852625556031146 0.055905859522361261
leaf_weight=33.498124048113823 261.59031541645527 875.18651936948299 145.47757066786289 82.184065520763397 291.22462072968483 47.541086956858635 106.03647890686989
leaf_count=177 1109 3987 592 373 1330 249 550
internal_value=3.12115e-05 -0.0138764 -0.0239112 0.0158998 0.0396513 0.0298098 0.0631628
internal_weight=1842.74 1364.44 1020.66 343.774 478.3 338.766 139.535
internal_count=8367 6061 4579 1482 2306 1579 727
is_linear=0
shrinkage=0.1


Tree=15
num_leaves=8
num_cat=0
split_feature=1 9 10 14 11 8 12
split_gain=85.0215 41.5659 21.1403 19.8291 17.0792 13.5976 5.99295
threshold=1.0000000180025095e-35 1.0000000180025095e-35 1.0000000180025095e-35 1.0000000180025095e-35 1.0000000180025095e-35 1.0000000180025095e-35 1.0000000180025095e-35
decision_type=2 2 2 2 2 2 2
left_child=1 2 -1 5 -3 -2 -5
right_child=3 4 -4 6 -6 -7 -8
leaf_value=0.024390642725614975 -0.026680694485718623 0.022872678815294367 0.084985179364041277 0.079592909985597204 -0.02770264883315874 -0.062336839432492512 -0.0018103382264661365
leaf_weight=744.31731151044369 381.98704749345779 92.765110582113266 61.667557790875435 8.5985847115516645 231.75902184844017 149.44847396016121 155.88964773714542
leaf_count=3385 1855 398 313 35 986 755 640
internal_value=4.61374e-05 0.0169696 0.0291264 -0.0274304 -0.0132199 -0.036806 0.00290024
internal_weight=1826.43 1130.51 805.985 695.924 324.524 531.436 164.488
internal_count=8367 5082 3698 3285 1384 2610 675
is_linear=0
shrinkage=0.1


Tree=16
num_leaves=8
num_cat=0
split_feature=6 16 10 0 12 10 16
split_gain=74.2844 32.9842 23.1442 19.5314 9.64229 9.68038 1.57815
threshold=1.0000000180025095e-35 1.0000000180025095e-35 1.0000000180025095e-35 1.0000000180025095e-35 1.0000000180025095e-35 1.0000000180025095e-35 1.0000000180025095e-35
decision_type=2 2 2 2 2 2 2
left_child=4 3 -3 -2 6 -6 -1
right_child=1 2 -4 -5 5 -7 -8
leaf_value=0.07769434176689792 0.028535819419908251 -0.027087102868311948 0.016672771586771155 -0.026709690139219002 0.018360026505227525 0.068443374208432814 0.050012037973520176
leaf_weight=31.695190161466599 258.1798298060894 864.5963169336319 139.78734627366066 84.103499189019203 287.15390469133854 43.897331833839417 102.00688618421555
leaf_count=177 1095 3985 568 413 1330 249 550
internal_value=4.35293e-05 -0.0118548 -0.0209862 0.014923 0.0344716 0.0251872 0.0571024
internal_weight=1811.42 1346.67 1004.38 342.283 464.753 331.051 133.702
internal_count=8367 6061 4553 1508 2306 1579 727
is_linear=0
shrinkage=0.1


Tree=17
num_leaves=7
num_cat=0
split_feature=0 8 10 10 9 15
split_gain=63.9108 38.4424 30.9658 16.7437 11.7428 6.15375
threshold=1.0000000180025095e-35 1.0000000180025095e-35 1.0000000180025095e-35 1.0000000180025095e-35 1.0000000180025095e-35 1.0000000180025095e-35
decision_type=2 2 2 2 2 2
left_child=1 2 -1 4 -2 -3
right_child=3 5 -4 -5 -6 -7
leaf_value=0.014184200392324334 -0.026139587590185795 -0.046317625672297136 0.085394405533718132 -0.00056239472768310629 -0.064034978226152894 -0.011872612540546335
leaf_weight=1071.6837990134954 176.98476403951645 98.953877478837967 63.825819581747055 121.2774149030447 154.92355997860432 109.76286365091801
leaf_count=4891 896 463 338 491 816 472
internal_value=5.58688e-05 0.0110065 0.0182585 -0.0323783 -0.0439671 -0.0283462
internal_weight=1797.41 1344.23 1135.51 453.186 331.908 208.717
internal_count=8367 6164 5229 2203 1712 935
is_linear=0
shrinkage=0.1


Tree=18
num_leaves=8
num_cat=0
split_feature=13 9 12 14 8 11 16
split_gain=56.6938 41.1044 24.2695 12.3122 6.37255 3.34583 3.21622
threshold=1.0000000180025095e-35 1.0000000180025095e-35 1.0000000180025095e-35 1.0000000180025095e-35 1.0000000180025095e-35 1.0000000180025095e-35 1.0000000180025095e-35
decision_type=2 2 2 2 2 2 2
left_child=4 2 -2 -3 5 -1 -6
right_child=1 3 -4 -5 6 -7 -8
leaf_value=-0.009721190658344897 0.050491724526064166 -0.023946825994495387 0.012595572123151339 0.0073486736797059738 0.0097280434953563519 -0.034135918170259814 -0.064070002674723014
leaf_weight=78.535810962319374 228.21634621918201 343.17430672049522 647.35777094960213 197.44473044574261 6.1103352904319754 205.0981322824955 79.266021072864532
leaf_count=353 1150 1556 2986 819 33 1033 437
internal_value=4.16429e-05 0.00914229 0.0225194 -0.0125246 -0.0348153 -0.0274336 -0.0587368
internal_weight=1785.2 1416.19 875.574 540.619 369.01 283.634 85.3764
internal_count=8367 6511 4136 2375 1856 1386 470
is_linear=0
shrinkage=0.1


Tree=19
num_leaves=8
num_cat=0
split_feature=7 11 15 16 16 11 9
split_gain=50.2776 31.7752 23.9342 14.2792 5.53584 4.02461 0.286265
threshold=1.0000000180025095e-35 1.0000000180025095e-35 1.0000000180025095e-35 1.0000000180025095e-35 1.0000000180025095e-35 1.0000000180025095e-35 1.0000000180025095e-35
decision_type=2 2 2 2 2 2 2
left_child=4 3 -3 -2 6 -6 -1
right_child=1 2 -4 -5 5 -7 -8
leaf_value=0.068012826630364107 0.044289512877389504 -0.034336243620583407 -0.0040891231624187938 0.0033788901329658894 0.048202418850442276 0.021285720002534512 0.027617447616222382
leaf_weight=49.942268416285515 126.93253423273563 441.98370470106602 639.70707462728024 256.67234933376312 83.735657408833504 171.37691769003868 3.762340620160102
leaf_count=273 576 2214 2779 1155 474 877 19
internal_value=3.17002e-05 -0.00770214 -0.0164685 0.0169959 0.0366341 0.0302743 0.0657395
internal_weight=1774.11 1465.3 1081.69 383.605 308.817 255.113 53.7046
internal_count=8367 6724 4993 1731 1643 1351 292
is_linear=0
shrinkage=0.1


Tree=20
num_leaves=7
num_cat=0
split_feature=0 10 11 10 9 6
split_gain=46.1869 30.5936 37.1055 12.3918 8.7332 2.8174
threshold=1.0000000180025095e-35 1.0000000180025095e-35 1.0000000180025095e-35 1.0000000180025095e-35 1.0000000180025095e-35 1.0000000180025095e-35
decision_type=2 2 2 2 2 2
left_child=1 2 -1 4 -2 -3
right_child=3 5 -4 -5 -6 -7
leaf_value=0.030679079780747576 -0.02288136972554719 0.057344962595449446 -0.0059696220685665578 -0.00072688067061460731 -0.056245793099439917 0.10405045600652685
leaf_weight=408.10280254483223 173.33909577131271 39.583470493555069 850.03429891169071 121.26435349881649 146.0352908372879 24.211464390158653
leaf_count=1968 896 249 3846 491 816 101
internal_value=4.13711e-05 0.00938904 0.00593307 -0.0279597 -0.0382653 0.0764029
internal_weight=1762.57 1321.93 1258.14 440.639 319.374 63.7949
internal_count=8367 6164 5814 2203 1712 350
is_linear=0
shrinkage=0.1


Tree=21
num_leaves=8
num_cat=0
split_feature=5 16 15 12 13 12 15
split_gain=39.4239 21.6312 13.0621 11.85 8.76599 9.87614 5.84034
threshold=1.0000000180025095e-35 1.0000000180025095e-35 1.0000000180025095e-35 1.0000000180025095e-35 1.0000000180025095e-35 1.0000000180025095e-35 1.0000000180025095e-35
decision_type=2 2 2 2 2 2 2
left_child=4 3 -3 -2 6 -6 -1
right_child=1 2 -4 -5 5 -7 -8
leaf_value=0.00036652685001579288 0.048196588156669849 -0.031486568013253634 -0.006964970407740044 0.0014905479772320377 0.045144817363223337 0.015349064660084536 -0.11347739798916304
leaf_weight=10.921328186988832 70.703587085008621 408.86684687435627 463.75826552510262 224.36525279283524 152.07179829478264 414.48953936994076 6.6640906780958167
leaf_count=48 309 2094 2023 1015 879 1970 29
internal_value=4.10195e-05 -0.0105678 -0.0184774 0.0128071 0.0212296 0.023412 -0.0465597
internal_weight=1751.84 1167.69 872.625 295.069 584.147 566.561 17.5854
internal_count=8367 5441 4117 1324 2926 2849 77
is_linear=0
shrinkage=0.1


Tree=22
num_leaves=8
num_cat=0
split_feature=13 9 10 14 8 16 10
split_gain=34.8341 26.4345 14.4042 9.00914 4.81191 2.60759 2.00254
threshold=1.0000000180025095e-35 1.0000000180025095e-35 1.0000000180025095e-35 1.0000000180025095e-35 1.0000000180025095e-35 1.0000000180025095e-35 1.0000000180025095e-35
decision_type=2 2 2 2 2 2 2
left_child=4 2 -2 -3 6 -6 -1
right_child=1 3 -4 -5 5 -7 -8
leaf_value=-0.022803151977612166 0.014666241962061287 -0.02021135154635844 0.067643510322338701 0.00670662885962163 0.012021311428055509 -0.054681631385050514 0.032183835199824776
leaf_weight=269.16499009728432 799.71415509283543 335.87110044062138 53.970814645290375 196.44151565432549 6.0100014358758918 73.278058782219887 5.9497516900300971
leaf_count=1360 3820 1556 316 819 33 437 26
internal_value=3.62429e-05 0.00719355 0.0180907 -0.0102837 -0.027896 -0.0495388 -0.0215017
internal_weight=1740.4 1386 853.685 532.313 354.403 79.2881 275.115
internal_count=8367 6511 4136 2375 1856 470 1386
is_linear=0
shrinkage=0.1


Tree=23
num_leaves=7
num_cat=0
split_feature=0 10 11 10 9 6
split_gain=32.8151 22.3929 26.7678 9.05752 6.52302 2.37766
threshold=1.0000000180025095e-35 1.0000000180025095e-35 1.0000000180025095e-35 1.0000000180025095e-35 1.0000000180025095e-35 1.0000000180025095e-35
decision_type=2 2 2 2 2 2
left_child=1 2 -1 4 -2 -3
right_child=3 5 -4 -5 -6 -7
leaf_value=0.02632440270564719 -0.019700680623689355 0.048692922289347532 -0.0050787575743813798 -0.00074128629549064439 -0.049103268379587936 0.092259580228838886
leaf_weight=399.23920740187168 170.04768325388432 36.451051831245422 842.6897199600935 121.28930647671223 138.08055250346661 23.628420725464821
leaf_count=1968 896 249 3846 491 816 101
internal_value=3.30488e-05 0.00794083 0.00502938 -0.0239064 -0.032993 0.067057
internal_weight=1731.43 1302.01 1241.93 429.418 308.128 60.0795
internal_count=8367 6164 5814 2203 1712 350
is_linear=0
shrinkage=0.1


Tree=24
num_leaves=8
num_cat=0
split_feature=7 16 15 12 16 11 9
split_gain=28.4009 18.4081 11.2753 11.1648 5.08513 2.27964 0.261542
threshold=1.0000000180025095e-35 1.0000000180025095e-35 1.0000000180025095e-35 1.0000000180025095e-35 1.0000000180025095e-35 1.0000000180025095e-35 1.0000000180025095e-35
decision_type=2 2 2 2 2 2 2
left_child=4 3 -3 -2 6 -6 -1
right_child=1 2 -4 -5 5 -7 -8
leaf_value=0.059461263451987295 0.043578090306114495 -0.024227869404524718 -0.0034207239051174199 0.0034208516352419917 0.036436209360716676 0.015467019939440545 0.02222047083610432
leaf_weight=46.325157031416893 91.085018068552017 460.72177048027515 598.31312648952007 279.81162795424461 76.697339117527008 165.38247153162956 3.6139078438282004
leaf_count=273 433 2382 2646 1263 474 877 19
internal_value=3.35814e-05 -0.00577464 -0.012487 0.0133734 0.0283974 0.0222332 0.0572554
internal_weight=1721.95 1429.93 1059.03 370.897 292.019 242.08 49.9391
internal_count=8367 6724 5028 1696 1643 1351 292
is_linear=0
shrinkage=0.1


end of trees

feature_importances:
MSinceMostRecentInqexcl7days_lt=_0.5=24
MSinceMostRecentInqexcl7days_lt=_-7.5=23
NumSatisfactoryTrades_lt=_27.5=17
MSinceMostRecentInqexcl7days_lt=_1.5=16
AverageMInFile_lt=_64.5=13
ExternalRiskEstimate_lt=_63.5=11
AverageMInFile_lt=_49.5=11
PercentTradesWBalance_lt=_73.5=10
ExternalRiskEstimate_lt=_78.5=9
NetFractionRevolvingBurden_lt=_57.5=8
ExternalRiskEstimate_lt=_70.5=6
PercentTradesWBalance_lt=_47.5=6
ExternalRiskEstimate_lt=_81.5=5
ExternalRiskEstimate_lt=_67.5=4
ExternalRiskEstimate_lt=_73.5=3
ExternalRiskEstimate_lt=_74.5=3
ExternalRiskEstimate_lt=_75.5=3

parameters:
[boosting: gbdt]
[objective: binary]
[metric: binary_logloss]
[tree_learner: serial]
[device_type: cpu]
[data_sample_strategy: bagging]
[data: ]
[valid: ]
[num_iterations: 25]
[learning_rate: 0.1]
[num_leaves: 31]
[num_threads: 8]
[seed: 42]
[deterministic: 0]
[force_col_wise: 0]
[force_row_wise: 0]
[histogram_pool_size: -1]
[max_depth: 3]
[min_data_in_leaf: 20]
[min_sum_hessian_in_leaf: 0.001]
[bagging_fraction: 1]
[pos_bagging_fraction: 1]
[neg_bagging_fraction: 1]
[bagging_freq: 0]
[bagging_seed: 400]
[bagging_by_query: 0]
[feature_fraction: 1]
[feature_fraction_bynode: 1]
[feature_fraction_seed: 30056]
[extra_trees: 0]
[extra_seed: 12879]
[early_stopping_round: 0]
[early_stopping_min_delta: 0]
[first_metric_only: 0]
[max_delta_step: 0]
[lambda_l1: 0]
[lambda_l2: 1]
[linear_lambda: 0]
[min_gain_to_split: 0]
[drop_rate: 0.1]
[max_drop: 50]
[skip_drop: 0.5]
[xgboost_dart_mode: 0]
[uniform_drop: 0]
[drop_seed: 17869]
[top_rate: 0.2]
[other_rate: 0.1]
[min_data_per_group: 100]
[max_cat_threshold: 32]
[cat_l2: 10]
[cat_smooth: 10]
[max_cat_to_onehot: 4]
[top_k: 20]
[monotone_constraints: ]
[monotone_constraints_method: basic]
[monotone_penalty: 0]
[feature_contri: ]
[forcedsplits_filename: ]
[refit_decay_rate: 0.9]
[cegb_tradeoff: 1]
[cegb_penalty_split: 0]
[cegb_penalty_feature_lazy: ]
[cegb_penalty_feature_coupled: ]
[path_smooth: 0]
[interaction_constraints: ]
[verbosity: -1]
[saved_feature_importance_type: 0]
[use_quantized_grad: 0]
[num_grad_quant_bins: 4]
[quant_train_renew_leaf: 0]
[stochastic_rounding: 1]
[linear_tree: 0]
[max_bin: 255]
[max_bin_by_feature: ]
[min_data_in_bin: 3]
[bin_construct_sample_cnt: 200000]
[data_random_seed: 175]
[is_enable_sparse: 1]
[enable_bundle: 1]
[use_missing: 1]
[zero_as_missing: 0]
[feature_pre_filter: 1]
[pre_partition: 0]
[two_round: 0]
[header: 0]
[label_column: ]
[weight_column: ]
[group_column: ]
[ignore_column: ]
[categorical_feature: ]
[forcedbins_filename: ]
[precise_float_parser: 0]
[parser_config_file: ]
[objective_seed: 16083]
[num_class: 1]
[is_unbalance: 0]
[scale_pos_weight: 1]
[sigmoid: 1]
[boost_from_average: 1]
[reg_sqrt: 0]
[alpha: 0.9]
[fair_c: 1]
[poisson_max_delta_step: 0.7]
[tweedie_variance_power: 1.5]
[lambdarank_truncation_level: 30]
[lambdarank_norm: 1]
[label_gain: ]
[lambdarank_position_bias_regularization: 0]
[eval_at: ]
[multi_error_top_k: 1]
[auc_mu_weights: ]
[num_machines: 1]
[local_listen_port: 12400]
[time_out: 120]
[machine_list_filename: ]
[machines: ]
[gpu_platform_id: -1]
[gpu_device_id: -1]
[gpu_use_dp: 0]
[num_gpu: 1]

end of parameters

pandas_categorical:[]
