tree
version=v4
num_class=1
num_tree_per_iteration=1
label_index=0
max_feature_idx=7
objective=binary sigmoid:1
feature_names=discharge_disposition_id_lt=_10.5 number_inpatient_lt=_0.5 number_inpatient_lt=_1.5 number_inpatient_lt=_2.5 number_diagnoses_lt=_5.5 number_diagnoses_lt=_6.5 change_lt=_0.5 number_outpatient_lt=_0.5
feature_infos=[0:1] [0:1] [0:1] [0:1] [0:1] [0:1] [0:1] [0:1]
tree_sizes=926 1028 1023 1025 1028 1028 1025 1023 1029 1030 1029 1029 1033 1028 1033 1029 1032 1024 1037 1026 1026 1035 1028 1022 1029

Tree=0
num_leaves=8
num_cat=0
split_feature=1 4 2 0 6 0 6
split_gain=2703.35 449.525 436.493 249.83 206.386 161.593 89.1599
threshold=1.0000000180025095e-35 1.0000000180025095e-35 1.0000000180025095e-35 1.0000000180025095e-35 1.0000000180025095e-35 1.0000000180025095e-35 1.0000000180025095e-35
decision_type=2 2 2 2 2 2 2
left_child=2 4 3 -1 -2 -4 -3
right_child=1 6 5 -5 -6 -7 -8
leaf_value=-0.0067903208200472357 -0.031589779627434963 -0.078945420166812941 -0.038116972920918445 0.097475180455137256 -0.0011277382212417117 0.038616431224966934 -0.042642130962216244
leaf_weight=255.75 4617 1554 300.5 2253.5 4290.75 3078.75 1206
leaf_count=1023 18468 6216 1202 9014 17163 12315 4824
internal_value=2.84847e-05 -0.027848 0.0552595 0.0868497 -0.0169184 0.0317836 -0.0631037
internal_weight=17556.2 11667.8 5888.5 2509.25 8907.75 3379.25 2760
internal_count=70225 46671 23554 10037 35631 13517 11040
is_linear=0
shrinkage=1


Tree=1
num_leaves=8
num_cat=0
split_feature=1 4 2 0 6 0 6
split_gain=2192 364.955 355.446 203.274 167.25 130.996 72.5876
threshold=1.0000000180025095e-35 1.0000000180025095e-35 1.0000000180025095e-35 1.0000000180025095e-35 1.0000000180025095e-35 1.0000000180025095e-35 1.0000000180025095e-35
decision_type=2 2 2 2 2 2 2
left_child=2 4 3 -1 -2 -4 -3
right_child=1 6 5 -5 -6 -7 -8
leaf_value=-0.0061396501316405751 -0.028464488342076485 -0.071196439165208167 -0.034356454811795119 0.087922486536759922 -0.0010406302612110125 0.034743828480188324 -0.038425182705248077
leaf_weight=255.74705792963505 4615.8483104109764 1551.5812672376633 300.39088499546051 2248.1555786430836 4290.7487212568521 3077.6025257259607 1205.4519624710083
leaf_count=1023 18468 6216 1202 9014 17163 12315 4824
internal_value=2.27192e-07 -0.0250997 0.0497685 0.0783164 -0.0152547 0.0285907 -0.0568871
internal_weight=17545.5 11663.6 5881.9 2503.9 8906.6 3377.99 2757.03
internal_count=70225 46671 23554 10037 35631 13517 11040
is_linear=0
shrinkage=0.1


Tree=2
num_leaves=8
num_cat=0
split_feature=1 3 4 0 0 0 6
split_gain=1780.32 298.971 297.336 173.025 156.589 91.9499 59.583
threshold=1.0000000180025095e-35 1.0000000180025095e-35 1.0000000180025095e-35 1.0000000180025095e-35 1.0000000180025095e-35 1.0000000180025095e-35 1.0000000180025095e-35
decision_type=2 2 2 2 2 2 2
left_child=1 5 4 -3 -2 -1 -4
right_child=2 3 6 -5 -6 -7 -8
leaf_value=0.0066434099295217298 -0.054924328191637312 -0.026449667939476798 -0.064355746101262046 0.039687304921161598 -0.009463860607134212 0.09891806435008621 -0.034628970706957238
leaf_weight=120.2449756115675 835.32379579544067 435.60009509325027 1545.2750372886658 4237.0935896039009 8068.2606965899467 1071.763841509819 1204.0207679271698
leaf_count=481 3343 1744 6216 17005 32288 4324 4824
internal_value=1.74638e-06 0.0449344 -0.022614 0.0335175 -0.0137346 0.0896231 -0.0513546
internal_weight=17517.6 5864.7 11652.9 4672.69 8903.58 1192.01 2749.3
internal_count=70225 23554 46671 18749 35631 4805 11040
is_linear=0
shrinkage=0.1


Tree=3
num_leaves=8
num_cat=0
split_feature=1 2 5 7 0 6 0
split_gain=1447.34 263.129 247.44 140.347 139.109 85.6838 85.0861
threshold=1.0000000180025095e-35 1.0000000180025095e-35 1.0000000180025095e-35 1.0000000180025095e-35 1.0000000180025095e-35 1.0000000180025095e-35 1.0000000180025095e-35
decision_type=2 2 2 2 2 2 2
left_child=1 4 3 -2 -1 -4 -3
right_child=2 6 5 -5 -6 -7 -8
leaf_value=-0.0044444677752930178 0.022938450470131683 -0.028360188266399002 -0.053636246425223667 -0.015458975102758574 0.073433007086456115 -0.024022785781749493 0.02738901638662454
leaf_weight=255.69628918170929 1112.7303248047829 299.76603502035141 2227.0223599523306 6554.0769786089659 2217.219034075737 1745.1648499965668 3068.9345347881317
leaf_count=1023 4454 1202 8983 26237 9014 6997 12315
internal_value=3.67799e-06 0.0406158 -0.0203813 -0.00988386 0.065382 -0.040635 0.0224212
internal_weight=17480.6 5841.62 11639 7666.81 2472.92 3972.19 3368.7
internal_count=70225 23554 46671 30691 10037 15980 13517
is_linear=0
shrinkage=0.1


Tree=4
num_leaves=8
num_cat=0
split_feature=1 3 4 6 0 0 7
split_gain=1177.66 223.357 208.318 129.369 113.875 64.4887 44.6809
threshold=1.0000000180025095e-35 1.0000000180025095e-35 1.0000000180025095e-35 1.0000000180025095e-35 1.0000000180025095e-35 1.0000000180025095e-35 1.0000000180025095e-35
decision_type=2 2 2 2 2 2 2
left_child=1 5 3 -2 -3 -1 -4
right_child=2 4 6 -5 -6 -7 -8
leaf_value=0.0064252560820491971 -0.022592605019067399 -0.021772120928049078 0.0010287877710733143 0.0015389974125750452 0.031946853488827719 0.083800702826479986 -0.046308822309150295
leaf_weight=120.24653811752796 4606.8044581264257 434.7211366891861 216.54510162770748 4289.5859393924475 4210.3814686089754 1047.1369205713272 2509.9880834966898
leaf_count=481 18468 1744 876 17163 17005 4324 10164
internal_value=6.38121e-06 0.0367538 -0.0183721 -0.0109582 0.0269159 0.075843 -0.0425502
internal_weight=17435.4 5812.49 11622.9 8896.39 4645.1 1167.38 2726.53
internal_count=70225 23554 46671 35631 18749 4805 11040
is_linear=0
shrinkage=0.1


Tree=5
num_leaves=8
num_cat=0
split_feature=1 2 7 4 0 4 0
split_gain=958.634 197.502 182.599 140.044 96.6611 75.3076 28.7071
threshold=1.0000000180025095e-35 1.0000000180025095e-35 1.0000000180025095e-35 1.0000000180025095e-35 1.0000000180025095e-35 1.0000000180025095e-35 1.0000000180025095e-35
decision_type=2 2 2 2 2 2 2
left_child=1 4 6 -4 -1 -3 -2
right_child=2 5 3 -5 -6 -7 -8
leaf_value=-0.0031554966191533643 -0.041038197325923176 0.024006345134445523 -0.014631036303843853 -0.041918505090968998 0.061845574005553877 -0.017168619099205192 0.019590507602043221
leaf_weight=255.6037825345993 81.788844153285027 2828.6668417006731 7626.3640304207802 2496.4147599935532 2171.0388726592064 526.16104125976562 1399.5873051136732
leaf_count=1023 328 11397 30567 10164 9014 2120 5612
internal_value=9.04075e-06 0.0332731 -0.0165653 -0.021364 0.0550004 0.0175454 0.0162177
internal_weight=17385.6 5781.47 11604.2 10122.8 2426.64 3354.83 1481.38
internal_count=70225 23554 46671 40731 10037 13517 5940
is_linear=0
shrinkage=0.1


Tree=6
num_leaves=8
num_cat=0
split_feature=1 3 6 5 7 7 0
split_gain=780.481 169.327 154.515 93.1988 87.7351 55.4306 46.1048
threshold=1.0000000180025095e-35 1.0000000180025095e-35 1.0000000180025095e-35 1.0000000180025095e-35 1.0000000180025095e-35 1.0000000180025095e-35 1.0000000180025095e-35
decision_type=2 2 2 2 2 2 2
left_child=1 6 3 -2 -3 -4 -1
right_child=2 4 5 -5 -6 -7 -8
leaf_value=0.0061008803062781308 -0.016614053155745184 0.048138645431742011 0.022370170241668846 -0.042366770731167298 0.0144352733917544 -0.0067710824661423342 0.071635462610525738
leaf_weight=120.24832998216152 3910.9529488384724 980.46014797687531 756.37473231554031 2194.5725603252649 3633.5998396873474 4723.6211089342833 1015.3086877465248
leaf_count=481 15701 3991 3028 8983 14758 18959 4324
internal_value=1.12573e-05 0.0301283 -0.0149364 -0.025876 0.0216059 -0.00274552 0.0647072
internal_weight=17335.1 5749.62 11585.5 6105.53 4614.06 5480 1135.56
internal_count=70225 23554 46671 24684 18749 21987 4805
is_linear=0
shrinkage=0.1


Tree=7
num_leaves=8
num_cat=0
split_feature=1 2 7 6 0 4 0
split_gain=635.44 147.672 133.732 117.263 73.1681 60.2108 23.598
threshold=1.0000000180025095e-35 1.0000000180025095e-35 1.0000000180025095e-35 1.0000000180025095e-35 1.0000000180025095e-35 1.0000000180025095e-35 1.0000000180025095e-35
decision_type=2 2 2 2 2 2 2
left_child=1 4 6 -4 -1 -3 -2
right_child=2 5 3 -5 -6 -7 -8
leaf_value=-0.0041830454389617999 -0.037393793219534281 0.019524886290451619 -0.027706605373054041 -0.0060960772283232337 0.052430873420014693 -0.017304287936844926 0.017642374473490614
leaf_weight=255.66425031423569 81.57661235332489 2817.7861910611391 5362.7964140474796 4722.1785345822573 2119.6376622915268 526.07443848252296 1399.0855047255754
leaf_count=1023 328 11397 21772 18959 9014 2120 5612
internal_value=1.36879e-05 0.027277 -0.0134691 -0.0175893 0.0463381 0.0137273 0.014587
internal_weight=17284.8 5719.16 11565.6 10085 2375.3 3343.86 1480.66
internal_count=70225 23554 46671 40731 10037 13517 5940
is_linear=0
shrinkage=0.1


Tree=8
num_leaves=8
num_cat=0
split_feature=1 3 5 0 0 6 0
split_gain=517.435 129.222 128.844 104.232 80.2805 41.6473 33.0519
threshold=1.0000000180025095e-35 1.0000000180025095e-35 1.0000000180025095e-35 1.0000000180025095e-35 1.0000000180025095e-35 1.0000000180025095e-35 1.0000000180025095e-35
decision_type=2 2 2 2 2 2 2
left_child=1 6 3 -2 -3 -4 -1
right_child=2 4 5 -5 -6 -7 -8
leaf_value=0.0059106449183245965 -0.041183984877851083 -0.023516469925468627 -0.036149650526889163 -0.00086743145545547292 0.021594155587762832 -0.01534778368857255 0.061506646033349134
leaf_weight=120.24907539784908 705.57174292206764 435.11627036333084 2170.9408017843962 6938.1610912680626 4149.9233238399029 1732.7525432556868 981.21184676885605
leaf_count=481 2843 1744 8983 27848 17005 6997 4324
internal_value=1.54418e-05 0.0247049 -0.0121439 -0.00459384 0.017309 -0.0269225 0.055448
internal_weight=17233.9 5686.5 11547.4 7643.73 4585.04 3903.69 1101.46
internal_count=70225 23554 46671 30691 18749 15980 4805
is_linear=0
shrinkage=0.1


Tree=9
num_leaves=8
num_cat=0
split_feature=1 2 4 0 0 4 7
split_gain=421.429 111.438 108.041 96.4893 50.6498 49.1319 20.6809
threshold=1.0000000180025095e-35 1.0000000180025095e-35 1.0000000180025095e-35 1.0000000180025095e-35 1.0000000180025095e-35 1.0000000180025095e-35 1.0000000180025095e-35
decision_type=2 2 2 2 2 2 2
left_child=1 4 3 -2 -1 -3 -4
right_child=2 5 6 -5 -6 -7 -8
leaf_value=-0.0028044455183556718 -0.038168237710374045 0.015905751890428258 0.0010428968900169182 -0.0022950652037738743 0.044375147106033186 -0.017382098769400122 -0.031220429853612581
leaf_weight=255.54705385863781 825.95571184158325 2805.2510347515345 216.14643236994743 8037.0502654314041 2067.1822936832905 525.74531269073486 2448.5448368787766
leaf_count=1023 3343 11397 876 32288 9014 2120 10164
internal_value=1.60246e-05 0.022377 -0.0109519 -0.00564206 0.0391855 0.0106481 -0.028604
internal_weight=17181.4 5653.73 11527.7 8863.01 2322.73 3331 2664.69
internal_count=70225 23554 46671 35631 10037 13517 11040
is_linear=0
shrinkage=0.1


Tree=10
num_leaves=8
num_cat=0
split_feature=1 7 7 6 3 0 0
split_gain=343.159 103.589 99.9335 86.8683 60.0026 52.7866 14.6717
threshold=1.0000000180025095e-35 1.0000000180025095e-35 1.0000000180025095e-35 1.0000000180025095e-35 1.0000000180025095e-35 1.0000000180025095e-35 1.0000000180025095e-35
decision_type=2 2 2 2 2 2 2
left_child=1 5 6 -4 -3 -1 -2
right_child=2 4 3 -5 -6 -7 -8
leaf_value=-0.025077062717254683 -0.026827235221135101 0.038798374269709647 -0.022215115146420775 -0.0035675882135511299 0.0075022545513850659 0.050901432389597712 0.016776270653508892
leaf_weight=98.431975394487381 80.792792215943336 737.76732848584652 5317.1711790114641 4712.0281309187412 3592.4251407831907 1193.885149165988 1398.6801489293575
leaf_count=394 328 3318 21772 18959 14758 5084 5612
internal_value=1.62778e-05 0.0202631 -0.00987611 -0.0134552 0.0128421 0.0450995 0.0143786
internal_weight=17131.2 5622.51 11508.7 10029.2 4330.19 1292.32 1479.47
internal_count=70225 23554 46671 40731 18076 5478 5940
is_linear=0
shrinkage=0.1


Tree=11
num_leaves=8
num_cat=0
split_feature=2 4 0 0 7 7 5
split_gain=290.252 136.637 126.707 39.0874 39.1661 25.5531 16.8902
threshold=1.0000000180025095e-35 1.0000000180025095e-35 1.0000000180025095e-35 1.0000000180025095e-35 1.0000000180025095e-35 1.0000000180025095e-35 1.0000000180025095e-35
decision_type=2 2 2 2 2 2 2
left_child=3 2 -2 6 -5 -3 -1
right_child=1 5 -4 4 -6 -7 -8
leaf_value=-0.017177576087666287 -0.032722236747437482 0.005349835014403382 0.0032520501288432905 0.060304272573107456 0.029222097557883166 -0.026294621140741908 0.044631646775750204
leaf_weight=199.81639289855957 1078.0725272744894 279.56126101315022 10564.077146574855 563.37924379110336 1457.13903619349 2888.7318721115589 55.697474628686905
leaf_count=800 4375 1132 42653 2546 6468 12028 223
internal_value=1.69931e-05 -0.00509302 -8.17224e-05 0.0332562 0.0379143 -0.0235016 -0.0035828
internal_weight=17086.5 14810.4 11642.1 2276.03 2020.52 3168.29 255.514
internal_count=70225 60188 47028 10037 9014 13160 1023
is_linear=0
shrinkage=0.1


Tree=12
num_leaves=8
num_cat=0
split_feature=1 6 7 6 7 0 4
split_gain=246.846 77.3641 75.6776 52.9633 44.8105 38.2973 29.3702
threshold=1.0000000180025095e-35 1.0000000180025095e-35 1.0000000180025095e-35 1.0000000180025095e-35 1.0000000180025095e-35 1.0000000180025095e-35 1.0000000180025095e-35
decision_type=2 2 2 2 2 2 2
left_child=2 4 5 -4 -2 -1 -3
right_child=1 6 3 -5 -6 -7 -8
leaf_value=-0.020998816267924367 0.0071349647596327991 0.0040985528859368162 0.00010676323794104968 0.022296738842842098 -0.019381986226060736 0.043821016164329998 -0.013720707068023136
leaf_weight=98.281567633152008 724.03061930835247 4282.5694120228291 2198.5281693190336 2104.9886319935322 5290.2665377855301 1167.4936137348413 1178.7099807411432
leaf_count=394 2912 17163 9222 8854 21772 5084 4824
internal_value=1.75458e-05 -0.00836593 0.0172902 0.0109633 -0.0161891 0.0387755 0.000250808
internal_weight=17044.9 11475.6 5569.29 4303.52 6014.3 1265.78 5461.28
internal_count=70225 46671 23554 18076 24684 5478 21987
is_linear=0
shrinkage=0.1


Tree=13
num_leaves=8
num_cat=0
split_feature=2 7 6 0 7 0 5
split_gain=211.513 104.333 87.557 29.6869 27.5449 25.7435 13.7452
threshold=1.0000000180025095e-35 1.0000000180025095e-35 1.0000000180025095e-35 1.0000000180025095e-35 1.0000000180025095e-35 1.0000000180025095e-35 1.0000000180025095e-35
decision_type=2 2 2 2 2 2 2
left_child=3 5 -3 6 -5 -2 -1
right_child=1 2 -4 4 -6 -7 -8
leaf_value=-0.015673856564503565 -0.028485740993938625 -0.015693790738356386 0.00097375460623975139 0.051998611277009589 0.025528883704388074 0.018839471442613692 0.040085213035704677
leaf_weight=199.73622477054596 121.04192082583904 6633.0868643373251 6003.9819049984217 542.74730004370213 1438.5299753397703 2010.0256522744894 55.702996149659157
leaf_count=800 492 27290 24256 2546 6468 8150 223
internal_value=1.72854e-05 -0.00432364 -0.00777544 0.0286678 0.0328025 0.0161394 -0.00340572
internal_weight=17004.9 14768.1 12637.1 2236.72 1981.28 2131.07 255.439
internal_count=70225 60188 51546 10037 9014 8642 1023
is_linear=0
shrinkage=0.1


Tree=14
num_leaves=8
num_cat=0
split_feature=1 5 3 0 6 6 0
split_gain=177.123 66.816 64.2082 49.9977 46.8106 21.7196 14.7504
threshold=1.0000000180025095e-35 1.0000000180025095e-35 1.0000000180025095e-35 1.0000000180025095e-35 1.0000000180025095e-35 1.0000000180025095e-35 1.0000000180025095e-35
decision_type=2 2 2 2 2 2 2
left_child=2 3 6 -2 -4 -3 -1
right_child=1 5 4 -5 -6 -7 -8
leaf_value=0.0044175371205957331 -0.027245591785510351 -0.024641808010558656 -0.00044495842843263157 0.00090671724603004315 0.019945433146170269 -0.0094947177190596796 0.041763979640593293
leaf_weight=120.11553341150284 693.10537184774876 2111.9143722057343 2287.8398991823196 6920.9988753646612 2215.7248950004578 1718.630348533392 899.46575063467026
leaf_count=481 2843 8983 9497 27848 9252 6997 4324
internal_value=1.81931e-05 -0.00707941 0.0147239 -0.0016592 0.00958918 -0.0178501 0.0373729
internal_weight=16967.8 11444.6 5523.15 7614.1 4503.56 3830.54 1019.58
internal_count=70225 46671 23554 30691 18749 15980 4805
is_linear=0
shrinkage=0.1


Tree=15
num_leaves=8
num_cat=0
split_feature=2 4 0 7 6 0 0
split_gain=146.037 87.4341 84.6568 22.5574 15.3561 12.366 10.7196
threshold=1.0000000180025095e-35 1.0000000180025095e-35 1.0000000180025095e-35 1.0000000180025095e-35 1.0000000180025095e-35 1.0000000180025095e-35 1.0000000180025095e-35
decision_type=2 2 2 2 2 2 2
left_child=3 2 -2 5 -3 -1 -5
right_child=1 4 -4 6 -6 -7 -8
leaf_value=-0.0031051398358616297 -0.02638616815855507 -0.02477461220234049 0.0031523831625941395 -0.0038186846855290252 -0.010688910496583333 0.045725766955412667 0.021009003799469027
leaf_weight=57.387679547071457 1067.6449474543333 1711.8234126418829 10536.664165139198 197.95907850563526 1416.6961814910173 525.78950417041779 1413.5568990707397
leaf_count=230 4375 7358 42653 793 5802 2546 6468
internal_value=1.76252e-05 -0.00356777 0.000432674 0.0240768 -0.0184016 0.0409235 0.0179587
internal_weight=16927.5 14732.8 11604.3 2194.69 3128.52 583.177 1611.52
internal_count=70225 60188 47028 10037 13160 2776 7261
is_linear=0
shrinkage=0.1


Tree=16
num_leaves=8
num_cat=0
split_feature=1 7 3 6 6 0 5
split_gain=127.692 51.0868 46.3388 37.2524 36.9887 10.5021 7.23959
threshold=1.0000000180025095e-35 1.0000000180025095e-35 1.0000000180025095e-35 1.0000000180025095e-35 1.0000000180025095e-35 1.0000000180025095e-35 1.0000000180025095e-35
decision_type=2 2 2 2 2 2 2
left_child=2 6 5 -3 -4 -1 -2
right_child=1 3 4 -5 -6 -7 -8
leaf_value=0.0043375463528558403 0.015366144425986585 -0.014385900035429508 -0.00068648168289074001 -0.0021218442811393387 0.017476559631124152 0.035912202223480065 -0.00082011657871027379
leaf_weight=120.11591896414757 1109.5157218575478 5236.9163912087679 2282.893276065588 4699.2308369576931 2202.2707696855068 872.91704757511616 367.72813375294209
leaf_count=481 4454 21772 9497 18959 9252 4324 1486
internal_value=1.68132e-05 -0.00600675 0.0125652 -0.0085865 0.0082337 0.0321012 0.0113391
internal_weight=16891.6 11413.4 5478.2 9936.15 4485.16 993.033 1477.24
internal_count=70225 46671 23554 40731 18749 4805 5940
is_linear=0
shrinkage=0.1


Tree=17
num_leaves=8
num_cat=0
split_feature=7 4 0 3 3 0 0
split_gain=107.731 62.6878 57.2877 23.7557 21.0649 20.3124 7.21492
threshold=1.0000000180025095e-35 1.0000000180025095e-35 1.0000000180025095e-35 1.0000000180025095e-35 1.0000000180025095e-35 1.0000000180025095e-35 1.0000000180025095e-35
decision_type=2 2 2 2 2 2 2
left_child=3 2 -2 6 -3 -5 -1
right_child=1 4 -4 5 -6 -7 -8
leaf_value=0.0025425650969450632 -0.021396722514495637 0.030082984128473413 0.0024298073460272476 -0.02144419590927138 -0.017631969404849322 0.017377005748094001 0.051029350973453208
leaf_weight=34.95609886944294 1121.5366500914097 94.626743078231812 9986.0366550534964 142.50464788079262 2962.7356285005808 2257.044890627265 256.9421004652977
leaf_count=140 4602 456 41149 582 12600 9349 1347
internal_value=1.6786e-05 -0.00346831 2.23224e-05 0.0183531 -0.0161458 0.0150635 0.0452513
internal_weight=16856.4 14164.9 11107.6 2691.45 3057.36 2399.55 291.898
internal_count=70225 58807 45751 11418 13056 9931 1487
is_linear=0
shrinkage=0.1


Tree=18
num_leaves=8
num_cat=0
split_feature=1 6 6 0 5 7 7
split_gain=97.9879 36.6236 36.2173 24.295 20.0431 19.4311 15.9769
threshold=1.0000000180025095e-35 1.0000000180025095e-35 1.0000000180025095e-35 1.0000000180025095e-35 1.0000000180025095e-35 1.0000000180025095e-35 1.0000000180025095e-35
decision_type=2 2 2 2 2 2 2
left_child=1 3 4 -1 -2 -3 -4
right_child=2 5 6 -5 -6 -7 -8
leaf_value=-0.022410297089847118 -0.0064011517636830845 0.035014199547878593 0.014143290565469854 0.0064370551882661419 -0.018586949797986172 0.014731610237169622 -0.0015408025961613676
leaf_weight=330.64882954955101 3864.0360094308853 613.11550462245941 752.75648680329323 2438.5414835959673 2074.8821083158255 2062.1701935529709 4694.5282818228006
leaf_count=1332 15701 2806 3028 10562 8983 8854 18959
internal_value=1.59469e-05 0.0110491 -0.00526023 0.00298576 -0.0106609 0.0193913 0.000628769
internal_weight=16830.7 5444.48 11386.2 2769.19 5938.92 2675.29 5447.28
internal_count=70225 23554 46671 11894 24684 11660 21987
is_linear=0
shrinkage=0.1


Tree=19
num_leaves=8
num_cat=0
split_feature=2 5 0 6 7 0 3
split_gain=83.0995 53.6012 48.1186 13.3302 13.0151 7.78436 7.07269
threshold=1.0000000180025095e-35 1.0000000180025095e-35 1.0000000180025095e-35 1.0000000180025095e-35 1.0000000180025095e-35 1.0000000180025095e-35 1.0000000180025095e-35
decision_type=2 2 2 2 2 2 2
left_child=4 2 -2 -3 5 -1 -6
right_child=1 3 -4 -5 6 -7 -8
leaf_value=-0.0032218290910778278 -0.020561245900576709 -0.016515222676622782 0.003592229543967887 -0.0056977379290510033 0.021466097787391086 0.035624786112129443 0.007958899649390009
leaf_weight=57.36465086042881 905.44794027507305 2513.9425520151854 9157.5335309952497 2085.2529959082603 682.82412675023079 497.27908419072628 899.67591398954391
leaf_count=230 3741 10802 37118 8527 3318 2546 3943
internal_value=1.49144e-05 -0.00267063 0.00141712 -0.0116129 0.0184321 0.0316085 0.0137969
internal_weight=16799.3 14662.2 10063 4599.2 2137.14 554.644 1582.5
internal_count=70225 60188 40859 19329 10037 2776 7261
is_linear=0
shrinkage=0.1


Tree=20
num_leaves=8
num_cat=0
split_feature=7 6 1 2 0 6 3
split_gain=71.9682 43.8531 28.5231 19.2468 16.3162 21.9169 17.8029
threshold=1.0000000180025095e-35 1.0000000180025095e-35 1.0000000180025095e-35 1.0000000180025095e-35 1.0000000180025095e-35 1.0000000180025095e-35 1.0000000180025095e-35
decision_type=2 2 2 2 2 2 2
left_child=4 3 -3 -2 5 -1 -6
right_child=1 2 -4 -5 6 -7 -8
leaf_value=-0.049907633663907047 0.0063404085346510783 0.012828057075954486 -0.0013059783183812506 -0.0099668591369853499 0.04283227434661685 0.020181076594405666 0.014378665130600418
leaf_weight=86.477883696556091 812.94802217185497 2051.176634952426 4692.1994744092226 6551.714957177639 243.24145844578743 90.224675863981247 2242.2467807382345
leaf_count=356 3704 8854 18959 27290 1347 366 9349
internal_value=1.42212e-05 -0.00283173 0.00299453 -0.00816617 0.0150915 -0.014208 0.0171794
internal_weight=16770.2 14108 6743.38 7364.66 2662.19 176.703 2485.49
internal_count=70225 58807 27813 30994 11418 722 10696
is_linear=0
shrinkage=0.1


Tree=21
num_leaves=8
num_cat=0
split_feature=1 7 5 4 0 0 6
split_gain=60.2017 25.1523 24.6248 18.8562 18.2119 13.7386 6.30902
threshold=1.0000000180025095e-35 1.0000000180025095e-35 1.0000000180025095e-35 1.0000000180025095e-35 1.0000000180025095e-35 1.0000000180025095e-35 1.0000000180025095e-35
decision_type=2 2 2 2 2 2 2
left_child=1 5 4 -3 -2 -1 -4
right_child=2 3 6 -5 -6 -7 -8
leaf_value=-0.014191305100768867 -0.016459028104981382 0.0080447480620125487 -0.014478397995482829 -0.010067158401121375 0.00069432934593527699 0.024863824170541796 -0.0062455488369918067
leaf_weight=97.615512698888779 678.8294300287962 3530.4084249287844 2050.0118627846241 685.67998062074184 6911.2936666160822 1080.849777713418 1708.962755292654
leaf_count=394 2843 15184 8983 2892 27848 5084 6997
internal_value=1.37877e-05 0.0087101 -0.00412022 0.00509744 -0.000841763 0.0216195 -0.0107381
internal_weight=16743.7 5394.55 11349.1 4216.09 7590.12 1178.47 3758.97
internal_count=70225 23554 46671 18076 30691 5478 15980
is_linear=0
shrinkage=0.1


Tree=22
num_leaves=8
num_cat=0
split_feature=7 6 1 2 3 0 0
split_gain=52.0343 33.8169 20.4312 13.8166 12.5677 10.1598 3.26289
threshold=1.0000000180025095e-35 1.0000000180025095e-35 1.0000000180025095e-35 1.0000000180025095e-35 1.0000000180025095e-35 1.0000000180025095e-35 1.0000000180025095e-35
decision_type=2 2 2 2 2 2 2
left_child=4 3 -3 -2 6 -6 -1
right_child=1 2 -4 -5 5 -7 -8
leaf_value=0.0046428363042854805 0.0052152860438675177 0.011059358369686049 -0.00092176084777655435 -0.008625155657315222 -0.015406639435267107 0.01219918300342069 0.037550879203599924
leaf_weight=34.899621352553368 810.10819675028324 2042.412531837821 4689.7146002948284 6532.8344080895185 140.94782738387585 2231.702875956893 234.52648946642876
leaf_count=140 3704 8854 18959 27290 582 9349 1347
internal_value=1.26241e-05 -0.0024048 0.00271421 -0.00709771 0.0128869 0.0105535 0.0333211
internal_weight=16717.1 14075.1 6732.13 7342.94 2642.08 2372.65 269.426
internal_count=70225 58807 27813 30994 11418 9931 1487
is_linear=0
shrinkage=0.1


Tree=23
num_leaves=8
num_cat=0
split_feature=3 4 0 5 0 7 0
split_gain=44.2436 39.48 41.1627 5.64883 10.2899 5.44596 2.10731
threshold=1.0000000180025095e-35 1.0000000180025095e-35 1.0000000180025095e-35 1.0000000180025095e-35 1.0000000180025095e-35 1.0000000180025095e-35 1.0000000180025095e-35
decision_type=2 2 2 2 2 2 2
left_child=3 2 -2 4 -1 -3 -5
right_child=1 5 -4 6 -6 -7 -8
leaf_value=-0.013615194978520324 -0.016580164359434241 0.001771448104821578 0.0031285676807958013 0.063080202363022683 0.021591288098451886 -0.012436160909726369 0.031812762717791286
leaf_weight=94.625509202480316 1167.5783053934574 296.99734988808632 11374.157091632485 25.34619964659214 642.34746678173542 2919.6094910353422 172.99493783712387
leaf_count=379 4853 1227 46740 102 3415 12600 909
internal_value=1.23015e-05 -0.00124247 0.0012926 0.0211317 0.0170585 -0.0111242 0.0361049
internal_weight=16693.7 15758.3 12541.7 935.314 736.973 3216.61 198.341
internal_count=70225 65420 51593 4805 3794 13827 1011
is_linear=0
shrinkage=0.1


Tree=24
num_leaves=8
num_cat=0
split_feature=7 6 4 2 3 5 0
split_gain=39.7275 27.0428 15.6023 9.4814 9.05345 7.5877 2.43512
threshold=1.0000000180025095e-35 1.0000000180025095e-35 1.0000000180025095e-35 1.0000000180025095e-35 1.0000000180025095e-35 1.0000000180025095e-35 1.0000000180025095e-35
decision_type=2 2 2 2 2 2 2
left_child=4 3 -3 -2 6 -6 -1
right_child=1 2 -4 -5 5 -7 -8
leaf_value=0.0041843046915971812 0.0039291929625996447 0.0049002724565653556 -0.0071123287520669098 -0.0075679123580898698 0.012304288463872083 -0.0014466428172084419 0.032690099155215549
leaf_weight=34.877457410097122 805.344870865345 5366.5059645026922 1353.0274330675602 6518.4891338348389 1855.7158071547747 511.66464760899544 226.6553807258606
leaf_count=140 3704 22160 5653 27290 7813 2118 1347
internal_value=1.18416e-05 -0.00210039 0.00248075 -0.0063033 0.0112917 0.00933293 0.028919
internal_weight=16672.3 14043.4 6719.53 7323.83 2628.91 2367.38 261.533
internal_count=70225 58807 27813 30994 11418 9931 1487
is_linear=0
shrinkage=0.1


end of trees

feature_importances:
discharge_disposition_id_lt=_10.5=49
change_lt=_0.5=27
number_outpatient_lt=_0.5=26
number_inpatient_lt=_0.5=18
number_diagnoses_lt=_5.5=16
number_inpatient_lt=_2.5=14
number_inpatient_lt=_1.5=13
number_diagnoses_lt=_6.5=12

parameters:
[boosting: gbdt]
[objective: binary]
[metric: binary_logloss]
[tree_learner: serial]
[device_type: cpu]
[data_sample_strategy: bagging]
[data: ]
[valid: ]
[num_iterations: 25]
[learning_rate: 0.1]
[num_leaves: 31]
[num_threads: 8]
[seed: 42]
[deterministic: 0]
[force_col_wise: 0]
[force_row_wise: 0]
[histogram_pool_size: -1]
[max_depth: 3]
[min_data_in_leaf: 20]
[min_sum_hessian_in_leaf: 0.001]
[bagging_fraction: 1]
[pos_bagging_fraction: 1]
[neg_bagging_fraction: 1]
[bagging_freq: 0]
[bagging_seed: 400]
[bagging_by_query: 0]
[feature_fraction: 1]
[feature_fraction_bynode: 1]
[feature_fraction_seed: 30056]
[extra_trees: 0]
[extra_seed: 12879]
[early_stopping_round: 0]
[early_stopping_min_delta: 0]
[first_metric_only: 0]
[max_delta_step: 0]
[lambda_l1: 0]
[lambda_l2: 1]
[linear_lambda: 0]
[min_gain_to_split: 0]
[drop_rate: 0.1]
[max_drop: 50]
[skip_drop: 0.5]
[xgboost_dart_mode: 0]
[uniform_drop: 0]
[drop_seed: 17869]
[top_rate: 0.2]
[other_rate: 0.1]
[min_data_per_group: 100]
[max_cat_threshold: 32]
[cat_l2: 10]
[cat_smooth: 10]
[max_cat_to_onehot: 4]
[top_k: 20]
[monotone_constraints: ]
[monotone_constraints_method: basic]
[monotone_penalty: 0]
[feature_contri: ]
[forcedsplits_filename: ]
[refit_decay_rate: 0.9]
[cegb_tradeoff: 1]
[cegb_penalty_split: 0]
[cegb_penalty_feature_lazy: ]
[cegb_penalty_feature_coupled: ]
[path_smooth: 0]
[interaction_constraints: ]
[verbosity: -1]
[saved_feature_importance_type: 0]
[use_quantized_grad: 0]
[num_grad_quant_bins: 4]
[quant_train_renew_leaf: 0]
[stochastic_rounding: 1]
[linear_tree: 0]
[max_bin: 255]
[max_bin_by_feature: ]
[min_data_in_bin: 3]
[bin_construct_sample_cnt: 200000]
[data_random_seed: 175]
[is_enable_sparse: 1]
[enable_bundle: 1]
[use_missing: 1]
[zero_as_missing: 0]
[feature_pre_filter: 1]
[pre_partition: 0]
[two_round: 0]
[header: 0]
[label_column: ]
[weight_column: ]
[group_column: ]
[ignore_column: ]
[categorical_feature: ]
[forcedbins_filename: ]
[precise_float_parser: 0]
[parser_config_file: ]
[objective_seed: 16083]
[num_class: 1]
[is_unbalance: 0]
[scale_pos_weight: 1]
[sigmoid: 1]
[boost_from_average: 1]
[reg_sqrt: 0]
[alpha: 0.9]
[fair_c: 1]
[poisson_max_delta_step: 0.7]
[tweedie_variance_power: 1.5]
[lambdarank_truncation_level: 30]
[lambdarank_norm: 1]
[label_gain: ]
[lambdarank_position_bias_regularization: 0]
[eval_at: ]
[multi_error_top_k: 1]
[auc_mu_weights: ]
[num_machines: 1]
[local_listen_port: 12400]
[time_out: 120]
[machine_list_filename: ]
[machines: ]
[gpu_platform_id: -1]
[gpu_device_id: -1]
[gpu_use_dp: 0]
[num_gpu: 1]

end of parameters

pandas_categorical:[]
