tree
version=v4
num_class=1
num_tree_per_iteration=1
label_index=0
max_feature_idx=40
objective=binary sigmoid:1
feature_names=V4_lt=_-0.4713319092988968 V4_lt=_-0.46976254880428314 V4_lt=_-0.45784682035446167 V4_lt=_-0.26174306869506836 V4_lt=_-0.24416956305503845 V4_lt=_-0.18242227286100388 V4_lt=_-0.09988194331526756 V4_lt=_-0.07750282809138298 V4_lt=_0.3752809464931488 V4_lt=_0.38157644867897034 V4_lt=_0.6149967312812805 V4_lt=_0.7523619830608368 V4_lt=_0.7563583552837372 V4_lt=_1.5319359302520752 V4_lt=_1.574686348438263 V4_lt=_1.662422001361847 V4_lt=_1.6956751942634583 V4_lt=_1.779853105545044 V7_lt=_2.1766912937164307 V8_lt=_-0.7664555907249451 V8_lt=_-0.6077740788459778 V8_lt=_-0.45575150847435 V10_lt=_-1.7240893840789795 V10_lt=_-1.702573299407959 V10_lt=_0.567154198884964 V12_lt=_-1.4592942595481873 V14_lt=_-2.7358014583587646 V14_lt=_-1.8273465633392334 V14_lt=_-1.812438189983368 V14_lt=_-1.7704376578330994 V14_lt=_-1.7583861351013184 V14_lt=_-1.5734373927116394 V14_lt=_-1.4366859793663025 V14_lt=_-1.4205476641654968 V14_lt=_-1.3845648169517517 V14_lt=_-0.8144704699516296 V14_lt=_-0.7452503144741058 V14_lt=_-0.7145193219184875 V14_lt=_-0.6914466023445129 V20_lt=_-0.8322816491127014 V12_lt=_0.3119194656610489
feature_infos=[0:1] [0:1] [0:1] [0:1] [0:1] [0:1] [0:1] [0:1] [0:1] [0:1] [0:1] [0:1] [0:1] [0:1] [0:1] [0:1] [0:1] [0:1] [0:1] [0:1] [0:1] [0:1] [0:1] [0:1] [0:1] [0:1] [0:1] [0:1] [0:1] [0:1] [0:1] [0:1] [0:1] [0:1] [0:1] [0:1] [0:1] [0:1] [0:1] [0:1] [0:1]
tree_sizes=939 1028 1030 1030 1032 1036 1033 1031 1033 1033 1037 1035 1027 1037 1036 1034 1032 1036 1032 1036 1037 1042 1039 1034 1033

Tree=0
num_leaves=8
num_cat=0
split_feature=28 12 37 2 25 18 0
split_gain=263206 9858.31 6935.51 6196.26 2464.95 981.995 27.6623
threshold=1.0000000180025095e-35 1.0000000180025095e-35 1.0000000180025095e-35 1.0000000180025095e-35 1.0000000180025095e-35 1.0000000180025095e-35 1.0000000180025095e-35
decision_type=2 2 2 2 2 2 2
left_child=1 2 -1 4 -2 -3 -5
right_child=3 5 -4 6 -6 -7 -8
leaf_value=-0.12184890918103534 0.11613807755613105 -0.058894208070897396 0.044710458822812403 -0.023995008795471021 0.19946860469009864 -0.18587160018410057 -0.18334713242070388
leaf_weight=11823 3935 621.25 3169.75 11.499999999999998 36729.25 34247 443.5
leaf_count=47292 15740 2485 12679 46 146917 136988 1774
internal_value=5.49691e-06 -0.154453 -0.0866345 0.187301 0.191408 -0.183611 -0.179381
internal_weight=90980.2 49861 14992.8 41119.2 40664.2 34868.2 455
internal_count=363921 199444 59971 164477 162657 139473 1820
is_linear=0
shrinkage=1


Tree=1
num_leaves=8
num_cat=0
split_feature=28 13 2 21 38 22 0
split_gain=215089 8460.91 5070.69 3432.59 2758.37 2153.15 22.8018
threshold=1.0000000180025095e-35 1.0000000180025095e-35 1.0000000180025095e-35 1.0000000180025095e-35 1.0000000180025095e-35 1.0000000180025095e-35 1.0000000180025095e-35
decision_type=2 2 2 2 2 2 2
left_child=1 3 5 -1 -3 -2 -4
right_child=2 4 6 -5 -6 -7 -8
leaf_value=-0.073659275005167488 0.10189970721296711 -0.16752217300988337 -0.021795447416607751 0.098438308350594042 -0.099525966559670859 0.18135821159581844 -0.16649801252260044
leaf_weight=5071.8146021366119 3766.36455103755 35781.613297224045 11.498344630002974 1501.2340758144855 7166.3401758670807 36521.712977662683 439.79359632730484
leaf_count=20350 15140 144219 46 6021 28854 147517 1774
internal_value=4.69226e-06 -0.140008 0.170198 -0.0343445 -0.156179 0.173933 -0.162868
internal_weight=90260.4 49521 40739.4 6573.05 42948 40288.1 451.292
internal_count=363921 199444 164477 26371 173073 162657 1820
is_linear=0
shrinkage=0.1


Tree=2
num_leaves=8
num_cat=0
split_feature=29 11 38 6 24 18 0
split_gain=178398 7399.39 5164.15 4739.08 1732.62 835.897 577.239
threshold=1.0000000180025095e-35 1.0000000180025095e-35 1.0000000180025095e-35 1.0000000180025095e-35 1.0000000180025095e-35 1.0000000180025095e-35 1.0000000180025095e-35
decision_type=2 2 2 2 2 2 2
left_child=1 2 -1 4 -2 -3 -5
right_child=3 5 -4 6 -6 -7 -8
leaf_value=-0.10078147530013951 -0.20397847134706987 -0.038443026704909233 0.042788524247171819 0.015499438661935906 0.16284724651681001 -0.15673685904608581 -0.15448450291523214
leaf_weight=11599.738610267639 128.38357838988304 609.08759431540966 3194.8709879666567 348.4249537140131 38960.240942269564 33134.802926123142 466.72779408097267
leaf_count=47109 520 2465 12799 1419 161194 136492 1923
internal_value=2.31821e-05 -0.12875 -0.069777 0.15666 0.161637 -0.154603 -0.0818974
internal_weight=88442.3 48538.5 14794.6 39903.8 39088.6 33743.9 815.153
internal_count=363921 198865 59908 165056 161714 138957 3342
is_linear=0
shrinkage=0.1


Tree=3
num_leaves=8
num_cat=0
split_feature=30 12 20 6 23 4 0
split_gain=149556 6491.97 4890.58 4112.92 1610.42 840.148 495.96
threshold=1.0000000180025095e-35 1.0000000180025095e-35 1.0000000180025095e-35 1.0000000180025095e-35 1.0000000180025095e-35 1.0000000180025095e-35 1.0000000180025095e-35
decision_type=2 2 2 2 2 2 2
left_child=1 2 -1 4 -2 -3 -5
right_child=3 5 -4 6 -6 -7 -8
leaf_value=-0.086871339170943335 0.086499582888824908 -0.12568840790128483 0.080825617321335086 0.013506252249136983 0.15760973718520482 -0.15803777271898589 -0.14409556124668038
leaf_weight=12548.738748967648 3515.9288542866707 14297.151267960668 2017.981474339962 350.39256918430328 34231.31706944108 18410.525359913707 462.72443376481533
leaf_count=51462 14610 60795 8180 1430 147205 78271 1968
internal_value=4.2281e-05 -0.119171 -0.0636357 0.146195 0.150989 -0.143902 -0.0762478
internal_weight=85834.8 47274.4 14566.7 38560.4 37747.2 32707.7 813.117
internal_count=363921 198708 59642 165213 161815 139066 3398
is_linear=0
shrinkage=0.1


Tree=4
num_leaves=8
num_cat=0
split_feature=31 11 7 20 25 18 0
split_gain=126454 5386.7 4893.99 4156.61 1761.93 804.513 488.451
threshold=1.0000000180025095e-35 1.0000000180025095e-35 1.0000000180025095e-35 1.0000000180025095e-35 1.0000000180025095e-35 1.0000000180025095e-35 1.0000000180025095e-35
decision_type=2 2 2 2 2 2 2
left_child=1 3 4 -1 -2 -3 -4
right_child=2 5 6 -5 -6 -7 -8
leaf_value=-0.083473212027642074 0.078439597135644967 -0.019564993740784915 0.002977667685257198 0.072524210458983357 0.14927218510179632 -0.13825908466882197 -0.13697845773959003
leaf_weight=12146.095226660371 3939.5427899360657 582.33335770666599 423.40856063365936 1986.7557792812586 32610.957497388124 30437.466609701514 605.50877338647842
leaf_count=50551 16709 2424 1749 8029 146944 134845 2670
internal_value=6.93045e-05 -0.112717 0.135585 -0.06154 0.14164 -0.136032 -0.0794383
internal_weight=82732.1 45152.7 37579.4 14132.9 36550.5 31019.8 1028.92
internal_count=363921 195849 168072 58580 163653 137269 4419
is_linear=0
shrinkage=0.1


Tree=5
num_leaves=8
num_cat=0
split_feature=28 14 25 17 38 21 24
split_gain=107629 5746.65 3050.59 3025.84 2431.65 1821.59 252.467
threshold=1.0000000180025095e-35 1.0000000180025095e-35 1.0000000180025095e-35 1.0000000180025095e-35 1.0000000180025095e-35 1.0000000180025095e-35 1.0000000180025095e-35
decision_type=2 2 2 2 2 2 2
left_child=1 5 3 -2 -3 -1 -4
right_child=2 4 6 -5 -6 -7 -8
leaf_value=-0.043763377570813618 0.13416934761523688 -0.12912988546316162 -0.18976764477690056 -0.039646357431574644 -0.062482478783983886 0.084218192957048063 0.14240446000536441
leaf_weight=4672.2041137814522 2052.5517618656158 31641.061345800757 22.081599801778793 1954.3301279395819 6623.1707716584206 1458.4646097272635 30864.679542273283
leaf_count=19538 8962 144929 96 8496 29081 5896 146923
internal_value=9.58535e-05 -0.103195 0.131511 0.0494031 -0.117596 -0.0133082 0.142161
internal_weight=79288.5 44394.9 34893.6 4006.88 38264.2 6130.67 30886.8
internal_count=363921 199444 164477 17458 174010 25434 147019
is_linear=0
shrinkage=0.1


Tree=6
num_leaves=8
num_cat=0
split_feature=32 7 11 40 24 39 0
split_gain=92168.5 5029.51 4471.68 3404.44 1853.02 859.477 439.86
threshold=1.0000000180025095e-35 1.0000000180025095e-35 1.0000000180025095e-35 1.0000000180025095e-35 1.0000000180025095e-35 1.0000000180025095e-35 1.0000000180025095e-35
decision_type=2 2 2 2 2 2 2
left_child=2 4 3 -1 -2 -4 -3
right_child=1 6 5 -5 -6 -7 -8
leaf_value=-0.11866631614713866 -0.18595123348203935 -0.0059465656095907433 -0.12663933742264041 -0.014221305175535784 0.12971263706036329 -0.022317867279702891 -0.13031735872045005
leaf_weight=4977.4008254110813 186.18046474456787 469.76518404483795 27059.985113993287 8364.895892560482 33124.044281959534 813.9753163009882 719.91556768119335
leaf_count=21677 758 1974 131668 35702 164873 3892 3377
internal_value=0.000135596 0.120727 -0.100805 -0.0531909 0.127943 -0.123594 -0.0812537
internal_weight=75716.2 34499.9 41216.3 13342.3 33310.2 27874 1189.68
internal_count=363921 170982 192939 57379 165631 135560 5351
is_linear=0
shrinkage=0.1


Tree=7
num_leaves=8
num_cat=0
split_feature=28 9 38 22 17 18 0
split_gain=79160.1 5013.21 4683.08 2913.02 2562.73 519.249 171.464
threshold=1.0000000180025095e-35 1.0000000180025095e-35 1.0000000180025095e-35 1.0000000180025095e-35 1.0000000180025095e-35 1.0000000180025095e-35 1.0000000180025095e-35
decision_type=2 2 2 2 2 2 2
left_child=1 2 -1 4 -2 -3 -5
right_child=3 5 -4 6 -6 -7 -8
leaf_value=-0.079277827455816685 0.11692856581223432 -0.018071167923978997 0.041945148408210245 0.13190013859456376 -0.051449735035847134 -0.12469917068551749 -0.12570198515541056
leaf_weight=14269.196564272046 1884.4818480610847 466.67278534173965 4102.4858409613371 27431.006736159325 1735.5141164362431 22193.963784500957 25.125044837594032
leaf_count=65752 9019 2070 17299 147537 7796 114323 125
internal_value=0.00014965 -0.0910317 -0.0522073 0.120543 0.036212 -0.122504 0.13166
internal_weight=72108.4 41032.3 18371.7 31076.1 3620 22660.6 27456.1
internal_count=363921 199444 83051 164477 16815 116393 147662
is_linear=0
shrinkage=0.1


Tree=8
num_leaves=8
num_cat=0
split_feature=30 11 40 25 17 4 24
split_gain=68197.1 4655.2 3423.97 2945.47 2268.48 901.29 189.075
threshold=1.0000000180025095e-35 1.0000000180025095e-35 1.0000000180025095e-35 1.0000000180025095e-35 1.0000000180025095e-35 1.0000000180025095e-35 1.0000000180025095e-35
decision_type=2 2 2 2 2 2 2
left_child=1 2 -1 4 -2 -3 -5
right_child=3 5 -4 6 -6 -7 -8
leaf_value=-0.10623406911543126 0.11431203620578403 -0.090180804661812247 -0.0011591754621662004 -0.16412972232013098 -0.039757766379058417 -0.12793237848691674 0.12806984127568266
leaf_weight=4820.3830743730068 1826.3302862346172 11388.140320703387 8692.3114679604769 21.355919808149338 2002.5842512995005 14262.84377579391 25463.212906077504
leaf_count=22174 9148 60594 37669 98 8972 78271 146995
internal_value=0.000183923 -0.0861532 -0.0386476 0.115532 0.0337417 -0.111176 0.127819
internal_weight=68477.2 39163.7 13512.7 29313.5 3828.91 25651 25484.6
internal_count=363921 198708 59843 165213 18120 138865 147093
is_linear=0
shrinkage=0.1


Tree=9
num_leaves=8
num_cat=0
split_feature=33 25 11 21 17 39 24
split_gain=59149.1 4006.88 3765.96 2959.39 2304.96 894.39 219.3
threshold=1.0000000180025095e-35 1.0000000180025095e-35 1.0000000180025095e-35 1.0000000180025095e-35 1.0000000180025095e-35 1.0000000180025095e-35 1.0000000180025095e-35
decision_type=2 2 2 2 2 2 2
left_child=2 4 3 -1 -2 -4 -3
right_child=1 6 5 -5 -6 -7 -8
leaf_value=-0.063502621172410595 0.10953197058567275 -0.1552514480336874 -0.11213508190318096 0.06267935512106064 -0.029540955896281404 0.00030437359138647937 0.12459643276015463
leaf_weight=10428.66610494256 1973.8748552948236 27.233055919408798 22745.125582620502 2260.9242765307426 3004.4497117847204 730.14260585606098 23771.187436923385
leaf_count=47801 10132 131 131452 9421 13621 3886 147477
internal_value=0.000217474 0.107203 -0.084913 -0.0410174 0.0256115 -0.108638 0.12427
internal_weight=64941.6 28776.7 36164.9 12689.6 4978.32 23475.3 23798.4
internal_count=363921 171361 192560 57222 23753 135338 147608
is_linear=0
shrinkage=0.1


Tree=10
num_leaves=8
num_cat=0
split_feature=33 25 11 40 17 18 24
split_gain=51120.1 3804.28 3551.57 2478.01 1968.11 888.116 193.109
threshold=1.0000000180025095e-35 1.0000000180025095e-35 1.0000000180025095e-35 1.0000000180025095e-35 1.0000000180025095e-35 1.0000000180025095e-35 1.0000000180025095e-35
decision_type=2 2 2 2 2 2 2
left_child=2 4 3 -1 -2 -4 -3
right_child=1 6 5 -5 -6 -7 -8
leaf_value=-0.097838053877562559 0.10387611112651372 -0.14743145439346395 0.028261818496803592 -0.0046271434872066763 -0.026618101435460818 -0.10741911180027458 0.1215325722280477
leaf_weight=4413.7534149885178 1878.2767541110516 25.929934456944466 493.0826041996479 8058.221419274807 3001.2051849216223 21571.130413860083 22023.246531292796
leaf_count=21636 10132 131 2372 35586 13621 132966 147477
internal_value=0.000251758 0.103529 -0.0802763 -0.0376191 0.0236245 -0.104386 0.12121
internal_weight=61464.8 26928.7 34536.2 12472 4879.48 22064.2 22049.2
internal_count=363921 171361 192560 57222 23753 135338 147608
is_linear=0
shrinkage=0.1


Tree=11
num_leaves=8
num_cat=0
split_feature=26 38 3 15 24 40 0
split_gain=44279.8 4950.83 4019.77 2563.29 884.233 748.764 9.22523
threshold=1.0000000180025095e-35 1.0000000180025095e-35 1.0000000180025095e-35 1.0000000180025095e-35 1.0000000180025095e-35 1.0000000180025095e-35 1.0000000180025095e-35
decision_type=2 2 2 2 2 2 2
left_child=1 3 -3 -1 6 -6 -2
right_child=4 2 -4 -5 5 -7 -8
leaf_value=-0.01476837916281494 -0.19668546881768445 0.038288511066250301 -0.11168113395030106 -0.10039484273263524 -0.26418399050474051 0.11648584577852124 -0.12922633455115973
leaf_weight=4108.0755659937859 63.568170920014381 6589.8601988852024 2451.2914764732122 23481.614367634058 50.889010787010193 21361.010467901826 44.229872137308121
leaf_count=18390 262 31168 14483 146146 222 153007 243
internal_value=0.000281693 -0.0666016 -0.00238002 -0.0876462 0.114128 0.115569 -0.170449
internal_weight=58150.5 36630.8 9041.15 27589.7 21519.7 21411.9 107.798
internal_count=363921 210187 45651 164536 153734 153229 505
is_linear=0
shrinkage=0.1


Tree=12
num_leaves=8
num_cat=0
split_feature=26 9 38 23 17 18 0
split_gain=38581.6 4605.62 3770.4 826.059 1432.44 774.403 20.906
threshold=1.0000000180025095e-35 1.0000000180025095e-35 1.0000000180025095e-35 1.0000000180025095e-35 1.0000000180025095e-35 1.0000000180025095e-35 1.0000000180025095e-35
decision_type=2 2 2 2 2 2 2
left_child=1 2 -1 4 -2 -3 -5
right_child=3 5 -4 6 -6 -7 -8
leaf_value=-0.057206987922540788 0.10231212147784817 0.022412624000064975 0.043237138718956604 0.1169750281983232 -0.12740199860707671 -0.10291672262128466 -0.07899595408905688
leaf_weight=12357.46596172452 918.4955123513937 507.49457244575024 5356.219684034586 18595.988421872258 384.21442921459675 16901.093133658171 4.8013640940189353
leaf_count=65752 6010 2475 24588 145919 1780 117372 25
internal_value=0.000298987 -0.0627354 -0.0268342 0.111529 0.0345157 -0.099262 0.11692
internal_weight=55025.8 35122.3 17713.7 19903.5 1302.71 17408.6 18600.8
internal_count=363921 210187 90340 153734 7790 119847 145944
is_linear=0
shrinkage=0.1


Tree=13
num_leaves=8
num_cat=0
split_feature=22 16 38 40 24 0 17
split_gain=33716.2 4627.69 2248.14 1449.16 1436.54 415.738 83.1421
threshold=1.0000000180025095e-35 1.0000000180025095e-35 1.0000000180025095e-35 1.0000000180025095e-35 1.0000000180025095e-35 1.0000000180025095e-35 1.0000000180025095e-35
decision_type=2 2 2 2 2 2 2
left_child=1 4 -3 6 -1 -5 -2
right_child=3 2 -4 5 -6 -7 -8
leaf_value=-0.04000305496062985 0.037859877447673849 -0.092843577786380638 -0.026960401621839769 0.11495450014963156 0.058126365843240428 -0.047816042751386872 -0.12524025594713706
leaf_weight=2476.2594931721687 34.890988796949387 20686.177300855517 6910.5134094953537 17793.147711627185 3749.5278456881642 157.80735978484154 268.94580242037773
leaf_count=11300 156 143941 36444 149438 19648 1079 1915
internal_value=0.000333583 -0.0587788 -0.0763473 0.109854 0.019096 0.113521 -0.106448
internal_weight=52077.3 33822.5 27596.7 18254.8 6225.79 17951 303.837
internal_count=363921 211333 180385 152588 30948 150517 2071
is_linear=0
shrinkage=0.1


Tree=14
num_leaves=8
num_cat=0
split_feature=22 7 38 40 5 18 17
split_gain=29449.8 4498.2 3788.42 1286.29 379.105 165.456 75.9675
threshold=1.0000000180025095e-35 1.0000000180025095e-35 1.0000000180025095e-35 1.0000000180025095e-35 1.0000000180025095e-35 1.0000000180025095e-35 1.0000000180025095e-35
decision_type=2 2 2 2 2 2 2
left_child=1 2 -1 6 -5 -3 -2
right_child=3 5 -4 4 -6 -7 -8
leaf_value=-0.057470996579975911 0.034332260888155795 -0.032374588888614698 0.032375046811686618 0.11330351915335471 -0.0099566574247358947 -0.10923503038909915 -0.12265281777344834
leaf_weight=14606.664784699678 34.739363968372345 288.64898033440113 6913.8216633871198 16281.266091130674 253.25094926357269 10709.103699468076 248.24106439948082
leaf_count=90148 156 1515 34385 148917 1600 85285 1915
internal_value=0.000365211 -0.0551964 -0.0286063 0.107796 0.111415 -0.107221 -0.103328
internal_weight=49335.7 32518.2 21520.5 16817.5 16534.5 10997.8 282.98
internal_count=363921 211333 124533 152588 150517 86800 2071
is_linear=0
shrinkage=0.1


Tree=15
num_leaves=8
num_cat=0
split_feature=22 7 40 5 18 40 31
split_gain=25764.4 4192.77 3549.62 1147.09 299.655 249.206 174.491
threshold=1.0000000180025095e-35 1.0000000180025095e-35 1.0000000180025095e-35 1.0000000180025095e-35 1.0000000180025095e-35 1.0000000180025095e-35 1.0000000180025095e-35
decision_type=2 2 2 2 2 2 2
left_child=1 2 -1 5 -5 -2 -3
right_child=3 6 -4 4 -6 -7 -8
leaf_value=-0.080046033949015979 -0.063739780088779951 -0.10788511680439612 0.0050299883311917893 0.10903431173333862 -0.096143703447510345 0.11147621883418002 -0.054025239071481206
leaf_weight=7772.0932242125273 81.017943024635315 9554.0016481801867 13287.264837406576 88.657067529857159 346.041046269238 14961.045836210251 645.20657026767731
leaf_count=49755 471 83146 74778 433 2767 148917 3654
internal_value=0.000384604 -0.0518599 -0.0263702 0.1059 -0.0541433 0.110528 -0.104484
internal_weight=46735.3 31258.6 21059.4 15476.8 434.698 15042.1 10199.2
internal_count=363921 211333 124533 152588 3200 149388 86800
is_linear=0
shrinkage=0.1


Tree=16
num_leaves=8
num_cat=0
split_feature=26 4 21 25 17 18 24
split_gain=22599.8 3779.7 3265.51 780.162 975.47 483.296 61.1214
threshold=1.0000000180025095e-35 1.0000000180025095e-35 1.0000000180025095e-35 1.0000000180025095e-35 1.0000000180025095e-35 1.0000000180025095e-35 1.0000000180025095e-35
decision_type=2 2 2 2 2 2 2
left_child=1 2 -1 4 -2 -3 -5
right_child=3 5 -4 6 -6 -7 -8
leaf_value=-0.043381406249097115 0.095543969207511542 0.018262368991060127 0.063351056173700002 -0.12476892350076324 -0.08814658263730224 -0.10898265765957538 0.11070457583585749
leaf_weight=17912.385604724288 778.35193469375372 309.20499571412802 3411.7275121882558 10.253088690340517 458.62462305277586 8405.3305179104209 13155.61098819226
leaf_count=112003 6216 1660 17597 61 2247 78927 145210
internal_value=0.00039723 -0.0489815 -0.0263027 0.103378 0.0274222 -0.104466 0.110512
internal_weight=44441.5 30038.6 21324.1 14402.8 1236.98 8714.54 13165.9
internal_count=363921 210187 129600 153734 8463 80587 145271
is_linear=0
shrinkage=0.1


Tree=17
num_leaves=8
num_cat=0
split_feature=34 7 39 25 24 18 24
split_gain=19965.1 2794.19 2960.25 2516.38 1147.72 447.399 128.515
threshold=1.0000000180025095e-35 1.0000000180025095e-35 1.0000000180025095e-35 1.0000000180025095e-35 1.0000000180025095e-35 1.0000000180025095e-35 1.0000000180025095e-35
decision_type=2 2 2 2 2 2 2
left_child=1 2 -1 4 -2 -3 -5
right_child=3 5 -4 6 -6 -7 -8
leaf_value=-0.042507482703887746 -0.14852357490550439 0.019722253918852552 0.13411251918683048 -0.13336288870894517 0.035585471216879591 -0.10717296878372949 0.10880342472880769
leaf_weight=16254.380665645003 369.12912414968014 287.51869069039822 1006.8317540735006 21.154181398451328 3975.4250432550907 8021.1860908791423 12353.504024259746
leaf_count=102290 2132 1539 5005 136 22374 82912 147533
internal_value=0.000423365 -0.0551362 -0.0321982 0.0853929 0.0199123 -0.10278 0.108379
internal_weight=42289.1 25569.9 17261.2 16719.2 4344.55 8308.7 12374.7
internal_count=363921 191746 107295 172175 24506 84451 147669
is_linear=0
shrinkage=0.1


Tree=18
num_leaves=8
num_cat=0
split_feature=22 4 38 8 18 18 18
split_gain=17588.4 3436.02 3114.37 916.736 252.877 180.09 135.738
threshold=1.0000000180025095e-35 1.0000000180025095e-35 1.0000000180025095e-35 1.0000000180025095e-35 1.0000000180025095e-35 1.0000000180025095e-35 1.0000000180025095e-35
decision_type=2 2 2 2 2 2 2
left_child=1 2 -1 6 -5 -3 -2
right_child=3 5 -4 4 -6 -7 -8
leaf_value=-0.04946071056145826 -0.030599897528311944 -0.018866551255922855 0.032437307601258382 0.091028491722550176 -0.063727065334950928 -0.10544775176846016 0.10843042425526075
leaf_weight=14033.292872205377 70.263865739107132 249.3471392095089 6938.2315048724413 140.89336664974689 412.0541315600276 6945.6245772317052 11427.385075107217
leaf_count=97301 314 1407 35959 680 4061 76666 147533
internal_value=0.000430462 -0.0428254 -0.0223653 0.10153 -0.0242016 -0.10245 0.107578
internal_weight=40217.1 28166.5 20971.5 12050.6 552.947 7194.97 11497.6
internal_count=363921 211333 133260 152588 4741 78073 147847
is_linear=0
shrinkage=0.1


Tree=19
num_leaves=8
num_cat=0
split_feature=22 7 40 40 10 31 17
split_gain=15423.4 3209.48 2932.76 881.708 308.466 210.669 58.598
threshold=1.0000000180025095e-35 1.0000000180025095e-35 1.0000000180025095e-35 1.0000000180025095e-35 1.0000000180025095e-35 1.0000000180025095e-35 1.0000000180025095e-35
decision_type=2 2 2 2 2 2 2
left_child=1 2 -1 6 -5 -3 -2
right_child=3 5 -4 4 -6 -7 -8
leaf_value=-0.070741513322828339 0.023895297677139729 -0.10020296092787534 0.0099686813601426519 0.10751187602713091 0.023763476575320155 -0.036816161320171487 -0.11915228542623227
leaf_weight=6988.3430850431323 33.411320686340332 6988.4683028012514 12651.016072846949 10390.825989000499 459.91430327296257 568.50085690617561 187.49994313716888
leaf_count=49755 156 83146 74778 146605 3912 3654 1915
internal_value=0.000441994 -0.0400644 -0.0187529 0.0999363 0.103965 -0.09544 -0.0975071
internal_weight=38268 27196.3 19639.4 11071.7 10850.7 7556.97 220.911
internal_count=363921 211333 124533 152588 150517 86800 2071
is_linear=0
shrinkage=0.1


Tree=20
num_leaves=8
num_cat=0
split_feature=22 4 38 10 26 18 18
split_gain=13523.4 3009.79 2569.13 810.702 223.641 197.231 121.724
threshold=1.0000000180025095e-35 1.0000000180025095e-35 1.0000000180025095e-35 1.0000000180025095e-35 1.0000000180025095e-35 1.0000000180025095e-35 1.0000000180025095e-35
decision_type=2 2 2 2 2 2 2
left_child=1 2 -1 6 -5 -3 -2
right_child=3 5 -4 4 -6 -7 -8
leaf_value=-0.044253213470761638 -0.032622801816774114 -0.0087539321563809402 0.030901247808873711 -0.05274948333208021 0.07841302554977006 -0.10220011740250348 0.10654929238040996
leaf_weight=13376.078300118446 62.848258316516876 235.05571596324444 6891.2511225789785 427.48150479793549 185.63293372839689 5903.0324837788939 9485.0254774205387
leaf_count=97301 284 1407 35959 3601 2126 76666 146577
internal_value=0.000443562 -0.037281 -0.0186991 0.0984727 -0.0129743 -0.0986236 0.10563
internal_weight=36566.4 26405.4 20267.3 10161 613.114 6138.09 9547.87
internal_count=363921 211333 133260 152588 5727 78073 146861
is_linear=0
shrinkage=0.1


Tree=21
num_leaves=8
num_cat=0
split_feature=17 38 24 39 2 25 39
split_gain=11952.5 2587.09 2472.76 2428.85 1408.38 548.141 203.974
threshold=1.0000000180025095e-35 1.0000000180025095e-35 1.0000000180025095e-35 1.0000000180025095e-35 1.0000000180025095e-35 1.0000000180025095e-35 1.0000000180025095e-35
decision_type=2 2 2 2 2 2 2
left_child=2 3 6 -2 -3 -4 -1
right_child=1 4 5 -5 -6 -7 -8
leaf_value=-0.034021373035103677 -0.078679382027822348 0.022649733243145322 0.053953942518071875 0.1214518103334475 -0.099337352016957217 0.10657023953195879 0.053078664884145754
leaf_weight=1891.8126396387815 13785.756568722427 6057.259253397584 2585.621401309967 633.45131611078978 1120.6704658716917 8499.2650609463453 312.46613915264606
leaf_count=9765 142997 39124 16253 4499 12567 137324 1392
internal_value=0.000452656 -0.0454615 0.0750687 -0.0698796 0.00359304 0.0943031 -0.0216561
internal_weight=34886.3 21597.1 13289.2 14419.2 7177.93 11084.9 2204.28
internal_count=363921 199187 164734 147496 51691 153577 11157
is_linear=0
shrinkage=0.1


Tree=22
num_leaves=8
num_cat=0
split_feature=22 4 40 40 12 18 17
split_gain=10580.4 2655.76 2463.06 726.536 266.844 203.605 43.0184
threshold=1.0000000180025095e-35 1.0000000180025095e-35 1.0000000180025095e-35 1.0000000180025095e-35 1.0000000180025095e-35 1.0000000180025095e-35 1.0000000180025095e-35
decision_type=2 2 2 2 2 2 2
left_child=1 2 -1 6 -5 -3 -2
right_child=3 5 -4 4 -6 -7 -8
leaf_value=-0.064674374504078341 0.0092452441690609195 -0.0024154052109335218 0.010259029367099742 0.10468119606652126 0.026779382587508966 -0.099487291791350033 -0.11727553650294729
leaf_weight=6701.930645339191 32.107077434659004 225.68949458748102 12692.782950758934 7939.8053330518305 466.34162219613791 5097.2467939928174 159.592001080513
leaf_count=53371 156 1407 79889 146115 4402 76666 1915
internal_value=0.000426228 -0.0328109 -0.0156365 0.0959711 0.100363 -0.0953727 -0.096147
internal_weight=33315.5 24717.6 19394.7 8597.85 8406.15 5322.94 191.699
internal_count=363921 211333 133260 152588 150517 78073 2071
is_linear=0
shrinkage=0.1


Tree=23
num_leaves=8
num_cat=0
split_feature=22 4 39 25 40 31 0
split_gain=9287.04 2453.5 2112.74 657.102 231.052 204.095 115.54
threshold=1.0000000180025095e-35 1.0000000180025095e-35 1.0000000180025095e-35 1.0000000180025095e-35 1.0000000180025095e-35 1.0000000180025095e-35 1.0000000180025095e-35
decision_type=2 2 2 2 2 2 2
left_child=1 2 -1 4 -2 -3 -5
right_child=3 5 -4 6 -6 -7 -8
leaf_value=-0.023585867368734907 -0.093522574511846479 -0.099465545231910132 0.10385960704094044 0.1047191746511001 0.036550727761638299 -0.023957090673912922 -0.10269013351523371
leaf_weight=17786.295870706439 178.25867312029004 4520.2965427078307 1402.4042135775089 7112.4877705313265 572.39543340355158 389.5521523617208 26.213041886687279
leaf_count=125288 2071 74852 7972 144745 5487 3221 285
internal_value=0.000421266 -0.0304089 -0.0142666 0.094586 0.00557875 -0.0934807 0.103943
internal_weight=31987.9 24098.5 19188.7 7889.35 750.654 4909.85 7138.7
internal_count=363921 211333 133260 152588 7558 78073 145030
is_linear=0
shrinkage=0.1


Tree=24
num_leaves=8
num_cat=0
split_feature=17 38 18 24 24 25 34
split_gain=8224.8 2108.9 2103.11 2037.93 1055.32 508.807 202.484
threshold=1.0000000180025095e-35 1.0000000180025095e-35 1.0000000180025095e-35 1.0000000180025095e-35 1.0000000180025095e-35 1.0000000180025095e-35 1.0000000180025095e-35
decision_type=2 2 2 2 2 2 2
left_child=3 2 -2 6 -3 -5 -1
right_child=1 4 -4 5 -6 -7 -8
leaf_value=-0.013171966663439012 0.12153958400509696 -0.12543840447842206 -0.071778033417803463 0.050824240428823123 0.018120486731036056 0.10359472843079001 -0.17363927302978333
leaf_weight=2065.6245098561049 589.191998437047 557.14460958167911 12153.326759405434 2530.0810168944299 6201.8473733849823 6605.514522396028 80.761559292674065
leaf_count=10816 3198 5617 144298 16253 46074 137324 341
internal_value=0.00043287 -0.038882 -0.0628305 0.0683881 0.0062701 0.0889872 -0.0192879
internal_weight=30783.5 19501.5 12742.5 11282 6758.99 9135.6 2146.39
internal_count=363921 199187 147496 164734 51691 153577 11157
is_linear=0
shrinkage=0.1


end of trees

feature_importances:
V7_lt=_2.1766912937164307=17
V10_lt=_0.567154198884964=14
V4_lt=_1.779853105545044=13
V12_lt=_0.3119194656610489=13
V14_lt=_-0.6914466023445129=12
V4_lt=_-0.4713319092988968=11
V12_lt=_-1.4592942595481873=11
V10_lt=_-1.7240893840789795=10
V4_lt=_-0.24416956305503845=7
V4_lt=_-0.07750282809138298=6
V4_lt=_0.7523619830608368=6
V20_lt=_-0.8322816491127014=6
V8_lt=_-0.45575150847435=4
V14_lt=_-2.7358014583587646=4
V14_lt=_-1.812438189983368=4
V14_lt=_-1.5734373927116394=4
V4_lt=_-0.45784682035446167=3
V4_lt=_0.7563583552837372=3
V4_lt=_-0.18242227286100388=2
V4_lt=_-0.09988194331526756=2
V4_lt=_0.38157644867897034=2
V4_lt=_0.6149967312812805=2
V8_lt=_-0.6077740788459778=2
V10_lt=_-1.702573299407959=2
V14_lt=_-1.7583861351013184=2
V14_lt=_-1.4205476641654968=2
V14_lt=_-1.3845648169517517=2
V4_lt=_-0.26174306869506836=1
V4_lt=_0.3752809464931488=1
V4_lt=_1.5319359302520752=1
V4_lt=_1.574686348438263=1
V4_lt=_1.662422001361847=1
V4_lt=_1.6956751942634583=1
V14_lt=_-1.7704376578330994=1
V14_lt=_-1.4366859793663025=1
V14_lt=_-0.7145193219184875=1

parameters:
[boosting: gbdt]
[objective: binary]
[metric: binary_logloss]
[tree_learner: serial]
[device_type: cpu]
[data_sample_strategy: bagging]
[data: ]
[valid: ]
[num_iterations: 25]
[learning_rate: 0.1]
[num_leaves: 31]
[num_threads: 8]
[seed: 42]
[deterministic: 0]
[force_col_wise: 0]
[force_row_wise: 0]
[histogram_pool_size: -1]
[max_depth: 3]
[min_data_in_leaf: 20]
[min_sum_hessian_in_leaf: 0.001]
[bagging_fraction: 1]
[pos_bagging_fraction: 1]
[neg_bagging_fraction: 1]
[bagging_freq: 0]
[bagging_seed: 400]
[bagging_by_query: 0]
[feature_fraction: 1]
[feature_fraction_bynode: 1]
[feature_fraction_seed: 30056]
[extra_trees: 0]
[extra_seed: 12879]
[early_stopping_round: 0]
[early_stopping_min_delta: 0]
[first_metric_only: 0]
[max_delta_step: 0]
[lambda_l1: 0]
[lambda_l2: 1]
[linear_lambda: 0]
[min_gain_to_split: 0]
[drop_rate: 0.1]
[max_drop: 50]
[skip_drop: 0.5]
[xgboost_dart_mode: 0]
[uniform_drop: 0]
[drop_seed: 17869]
[top_rate: 0.2]
[other_rate: 0.1]
[min_data_per_group: 100]
[max_cat_threshold: 32]
[cat_l2: 10]
[cat_smooth: 10]
[max_cat_to_onehot: 4]
[top_k: 20]
[monotone_constraints: ]
[monotone_constraints_method: basic]
[monotone_penalty: 0]
[feature_contri: ]
[forcedsplits_filename: ]
[refit_decay_rate: 0.9]
[cegb_tradeoff: 1]
[cegb_penalty_split: 0]
[cegb_penalty_feature_lazy: ]
[cegb_penalty_feature_coupled: ]
[path_smooth: 0]
[interaction_constraints: ]
[verbosity: -1]
[saved_feature_importance_type: 0]
[use_quantized_grad: 0]
[num_grad_quant_bins: 4]
[quant_train_renew_leaf: 0]
[stochastic_rounding: 1]
[linear_tree: 0]
[max_bin: 255]
[max_bin_by_feature: ]
[min_data_in_bin: 3]
[bin_construct_sample_cnt: 200000]
[data_random_seed: 175]
[is_enable_sparse: 1]
[enable_bundle: 1]
[use_missing: 1]
[zero_as_missing: 0]
[feature_pre_filter: 1]
[pre_partition: 0]
[two_round: 0]
[header: 0]
[label_column: ]
[weight_column: ]
[group_column: ]
[ignore_column: ]
[categorical_feature: ]
[forcedbins_filename: ]
[precise_float_parser: 0]
[parser_config_file: ]
[objective_seed: 16083]
[num_class: 1]
[is_unbalance: 0]
[scale_pos_weight: 1]
[sigmoid: 1]
[boost_from_average: 1]
[reg_sqrt: 0]
[alpha: 0.9]
[fair_c: 1]
[poisson_max_delta_step: 0.7]
[tweedie_variance_power: 1.5]
[lambdarank_truncation_level: 30]
[lambdarank_norm: 1]
[label_gain: ]
[lambdarank_position_bias_regularization: 0]
[eval_at: ]
[multi_error_top_k: 1]
[auc_mu_weights: ]
[num_machines: 1]
[local_listen_port: 12400]
[time_out: 120]
[machine_list_filename: ]
[machines: ]
[gpu_platform_id: -1]
[gpu_device_id: -1]
[gpu_use_dp: 0]
[num_gpu: 1]

end of parameters

pandas_categorical:[]
