tree
version=v4
num_class=1
num_tree_per_iteration=1
label_index=0
max_feature_idx=26
objective=binary sigmoid:1
feature_names=V4_lt=_-0.46976254880428314 V4_lt=_-0.45784682035446167 V4_lt=_-0.18242227286100388 V4_lt=_-0.09988194331526756 V4_lt=_-0.07750282809138298 V4_lt=_0.3752809464931488 V4_lt=_0.7523619830608368 V4_lt=_0.7563583552837372 V4_lt=_1.5319359302520752 V4_lt=_1.574686348438263 V4_lt=_1.662422001361847 V4_lt=_1.6956751942634583 V8_lt=_-0.7664555907249451 V8_lt=_-0.6077740788459778 V10_lt=_-1.702573299407959 V12_lt=_-1.4592942595481873 V14_lt=_-2.7358014583587646 V14_lt=_-1.8273465633392334 V14_lt=_-1.812438189983368 V14_lt=_-1.7704376578330994 V14_lt=_-1.7583861351013184 V14_lt=_-1.5734373927116394 V14_lt=_-1.4366859793663025 V14_lt=_-1.4205476641654968 V14_lt=_-1.3845648169517517 V14_lt=_-0.6914466023445129 V10_lt=_0.567154198884964
feature_infos=[0:1] [0:1] [0:1] [0:1] [0:1] [0:1] [0:1] [0:1] [0:1] [0:1] [0:1] [0:1] [0:1] [0:1] [0:1] [0:1] [0:1] [0:1] [0:1] [0:1] [0:1] [0:1] [0:1] [0:1] [0:1] [0:1] [0:1]
tree_sizes=936 1029 1027 1027 1031 1023 1025 1025 1034 1037 1042 1033 1036 1039 1034 1033 1031 1035 1037 1034 1039 1043 1035 1043 1035

Tree=0
num_leaves=8
num_cat=0
split_feature=18 7 25 1 15 4 0
split_gain=263206 9858.31 6928.86 6196.26 2464.95 805.567 22.7347
threshold=1.0000000180025095e-35 1.0000000180025095e-35 1.0000000180025095e-35 1.0000000180025095e-35 1.0000000180025095e-35 1.0000000180025095e-35 1.0000000180025095e-35
decision_type=2 2 2 2 2 2 2
left_child=1 2 -1 4 -2 -3 -5
right_child=3 5 -4 6 -6 -7 -8
leaf_value=-0.12244020703736602 0.11613807755613105 -0.16398773220175031 0.042418026021015916 -0.0272677300860594 0.19946860469009864 -0.19543084695126406 -0.18273047744394533
leaf_weight=11736.5 3935 13113 3256.25 9.9999999999999982 36729.25 21755.25 445
leaf_count=46946 15740 52452 13025 40 146917 87021 1780
internal_value=5.49691e-06 -0.154453 -0.0866345 0.187301 0.191408 -0.183611 -0.179381
internal_weight=90980.2 49861 14992.8 41119.2 40664.2 34868.2 455
internal_count=363921 199444 59971 164477 162657 139473 1820
is_linear=0
shrinkage=1


Tree=1
num_leaves=8
num_cat=0
split_feature=18 8 1 13 25 14 0
split_gain=215088 8459.01 5070.7 3353.8 2757.78 2150.12 18.7277
threshold=1.0000000180025095e-35 1.0000000180025095e-35 1.0000000180025095e-35 1.0000000180025095e-35 1.0000000180025095e-35 1.0000000180025095e-35 1.0000000180025095e-35
decision_type=2 2 2 2 2 2 2
left_child=1 3 5 -1 -3 -2 -4
right_child=2 4 6 -5 -6 -7 -8
leaf_value=-0.070116273104391336 0.10160031302726147 -0.16751788761031142 -0.024798187383102317 0.10827016852086083 -0.099529315517546735 0.18131708160606619 -0.16592825974439832
leaf_weight=5255.7961251735687 3733.371419236064 35781.987767025828 9.9981415271759015 1317.2840347737074 7166.4135044664145 36554.706109464169 441.30588710308075
leaf_count=21088 15007 144219 40 5283 28854 147650 1780
internal_value=4.53205e-06 -0.140007 0.170198 -0.0343555 -0.156176 0.173933 -0.162863
internal_weight=90260.9 49521.5 40739.4 6573.08 42948.4 40288.1 451.304
internal_count=363921 199444 164477 26371 173073 162657 1820
is_linear=0
shrinkage=0.1


Tree=2
num_leaves=8
num_cat=0
split_feature=19 6 25 3 26 2 0
split_gain=178398 7398.15 5148.47 4735.87 1732.25 699.642 573.896
threshold=1.0000000180025095e-35 1.0000000180025095e-35 1.0000000180025095e-35 1.0000000180025095e-35 1.0000000180025095e-35 1.0000000180025095e-35 1.0000000180025095e-35
decision_type=2 2 2 2 2 2 2
left_child=1 2 -1 4 -2 -3 -5
right_child=3 5 -4 6 -6 -7 -8
leaf_value=-0.1007418759250589 -0.20392953466061808 -0.13753416075962588 0.04259947078541991 0.015719100126940472 0.16284590824929779 -0.16678847483172798 -0.15388886247667166
leaf_weight=11599.368419677019 128.39119262993336 14065.062920182943 3195.4940745830536 346.64096429944038 38960.313359171152 19679.281120821834 468.44151645898819
leaf_count=47109 520 57763 12799 1412 161194 81194 1930
internal_value=2.31153e-05 -0.128749 -0.0697813 0.156661 0.161636 -0.154599 -0.0818266
internal_weight=88443 48539.2 14794.9 39903.8 39088.7 33744.3 815.082
internal_count=363921 198865 59908 165056 161714 138957 3342
is_linear=0
shrinkage=0.1


Tree=3
num_leaves=8
num_cat=0
split_feature=20 7 13 3 14 2 0
split_gain=149555 6490.77 4845.16 4108.77 1610.35 646.955 492.752
threshold=1.0000000180025095e-35 1.0000000180025095e-35 1.0000000180025095e-35 1.0000000180025095e-35 1.0000000180025095e-35 1.0000000180025095e-35 1.0000000180025095e-35
decision_type=2 2 2 2 2 2 2
left_child=1 2 -1 4 -2 -3 -5
right_child=3 5 -4 6 -6 -7 -8
leaf_value=-0.08676344334424696 0.08650178425159806 -0.12733162002482215 0.080152088805881289 0.013707965497893555 0.1576077807553028 -0.15587193165670241 -0.14349241622212736
leaf_weight=12548.494115918875 3516.2085359990597 13733.53537543118 2018.0163726508617 348.59377111494541 34231.152415066957 18976.39139534533 464.38899122178555
leaf_count=51462 14610 57924 8180 1423 147205 81142 1975
internal_value=4.2156e-05 -0.119167 -0.0636354 0.146196 0.150987 -0.143893 -0.0761534
internal_weight=85836.8 47276.4 14566.5 38560.3 37747.4 32709.9 812.983
internal_count=363921 198708 59642 165213 161815 139066 3398
is_linear=0
shrinkage=0.1


Tree=4
num_leaves=8
num_cat=0
split_feature=21 6 4 13 15 4 0
split_gain=126462 5387.08 4863.63 4119.59 1771.71 545.671 484.468
threshold=1.0000000180025095e-35 1.0000000180025095e-35 1.0000000180025095e-35 1.0000000180025095e-35 1.0000000180025095e-35 1.0000000180025095e-35 1.0000000180025095e-35
decision_type=2 2 2 2 2 2 2
left_child=1 3 4 -1 -2 -3 -4
right_child=2 5 6 -5 -6 -7 -8
leaf_value=-0.083382743090076691 0.078255926021107813 -0.11910339157454197 0.0034502498265146656 0.071935486805465049 0.14927204500350424 -0.14646267551492184 -0.13612158641962774
leaf_weight=12145.715899720788 3941.1029976755381 11813.814258754253 421.20259028673172 1986.2579496502876 32610.974455341697 19202.816534176469 606.06288392841816
leaf_count=50551 16709 51448 1742 8029 146944 85821 2677
internal_value=6.85668e-05 -0.11273 0.135586 -0.0615491 0.141617 -0.136046 -0.0789462
internal_weight=82727.9 45148.6 37579.3 14132 36552.1 31016.6 1027.27
internal_count=363921 195849 168072 58580 163653 137269 4419
is_linear=0
shrinkage=0.1


Tree=5
num_leaves=8
num_cat=0
split_feature=18 9 15 11 25 13 26
split_gain=107635 5745.66 3051.7 2889.67 2435 1711.99 252.652
threshold=1.0000000180025095e-35 1.0000000180025095e-35 1.0000000180025095e-35 1.0000000180025095e-35 1.0000000180025095e-35 1.0000000180025095e-35 1.0000000180025095e-35
decision_type=2 2 2 2 2 2 2
left_child=1 5 3 -2 -3 -1 -4
right_child=2 4 6 -5 -6 -7 -8
leaf_value=-0.040519283460697914 0.13064584210535754 -0.12914459174364099 -0.18980034017470881 -0.03931603388989309 -0.062439427908864954 0.089320071057805359 0.14240656428463075
leaf_weight=4845.3400619477034 2091.3259770870209 31641.635422036052 22.093514576554298 1916.0192385166883 6620.3190246373415 1283.7419195175171 30864.608333811164
leaf_count=20244 9132 144929 96 8326 29081 5190 146923
internal_value=9.51312e-05 -0.103206 0.131511 0.049393 -0.117605 -0.0133142 0.142163
internal_weight=79285.1 44391 34894 4007.35 38262 6129.08 30886.7
internal_count=363921 199444 164477 17458 174010 25434 147019
is_linear=0
shrinkage=0.1


Tree=6
num_leaves=8
num_cat=0
split_feature=22 4 6 13 26 2 0
split_gain=92166.3 4972.23 4470.81 2940.54 1853.28 507.004 435.809
threshold=1.0000000180025095e-35 1.0000000180025095e-35 1.0000000180025095e-35 1.0000000180025095e-35 1.0000000180025095e-35 1.0000000180025095e-35 1.0000000180025095e-35
decision_type=2 2 2 2 2 2 2
left_child=2 4 3 -1 -2 -4 -3
right_child=1 6 5 -5 -6 -7 -8
leaf_value=-0.072306793909547168 -0.1859210637220545 -0.0052166053682332495 -0.10790286352436412 0.062124523068891907 0.12965298637085598 -0.13522050690295578 -0.12930223031307714
leaf_weight=11444.765385329723 186.3140829205513 466.7026581466198 11863.416187599301 1896.0047072172165 33128.69354917109 16008.93632389605 718.59277088940144
leaf_count=49644 758 1966 56203 7735 164873 79357 3385
internal_value=0.000134994 0.120722 -0.100811 -0.053198 0.127883 -0.123597 -0.0804899
internal_weight=75713.4 34500.3 41213.1 13340.8 33315 27872.4 1185.3
internal_count=363921 170982 192939 57379 165631 135560 5351
is_linear=0
shrinkage=0.1


Tree=7
num_leaves=8
num_cat=0
split_feature=18 6 25 14 11 4 0
split_gain=79205 4928.59 3859.62 2912.05 2404.73 679.825 161.84
threshold=1.0000000180025095e-35 1.0000000180025095e-35 1.0000000180025095e-35 1.0000000180025095e-35 1.0000000180025095e-35 1.0000000180025095e-35 1.0000000180025095e-35
decision_type=2 2 2 2 2 2 2
left_child=1 2 -1 4 -2 -3 -5
right_child=3 5 -4 6 -6 -7 -8
leaf_value=-0.071445218811020339 0.11312870481583955 -0.09608459815641951 0.054054783611537982 0.1318476886617784 -0.050673914568911273 -0.12852367551530422 -0.11520898518933381
leaf_weight=10607.022571742535 1899.5266916006804 10625.073548719287 3185.8400304913521 27457.27817876637 1695.2285253405571 16561.898667871952 25.8250912129879
leaf_count=47109 9076 52250 13064 147667 7606 87021 128
internal_value=0.000151466 -0.0911488 -0.0424557 0.120541 0.0358894 -0.11585 0.131611
internal_weight=72057.7 40979.8 13792.9 31077.9 3594.76 27187 27483.1
internal_count=363921 199444 60173 164477 16682 139271 147795
is_linear=0
shrinkage=0.1


Tree=8
num_leaves=8
num_cat=0
split_feature=21 6 15 25 11 2 26
split_gain=68296.9 4195.02 3605.6 2691.6 2422.52 611.475 214.003
threshold=1.0000000180025095e-35 1.0000000180025095e-35 1.0000000180025095e-35 1.0000000180025095e-35 1.0000000180025095e-35 1.0000000180025095e-35 1.0000000180025095e-35
decision_type=2 2 2 2 2 2 2
left_child=1 3 4 -1 -2 -3 -4
right_child=2 5 6 -5 -6 -7 -8
leaf_value=-0.065779091891345745 0.11127175009445839 -0.094183346484462985 -0.16293137483644629 0.044632935178638936 -0.037506254220043694 -0.12558814196678028 0.12806208987577591
leaf_weight=10380.832708135247 1999.9813728630543 11018.96639290452 24.491078957915306 2803.512030184269 2414.9022827744484 14240.312616497278 25526.211810275912
leaf_count=47109 9866 57018 113 11471 10837 80251 147256
internal_value=0.000186885 -0.0880272 0.113358 -0.0422995 0.0299014 -0.111893 0.127777
internal_weight=68409.2 38443.6 29965.6 13184.3 4414.88 25259.3 25550.7
internal_count=363921 195849 168072 58580 20703 137269 147369
is_linear=0
shrinkage=0.1


Tree=9
num_leaves=8
num_cat=0
split_feature=23 15 7 13 11 2 26
split_gain=59037.5 4069.34 3676.88 2427.18 2178.27 528.723 216.776
threshold=1.0000000180025095e-35 1.0000000180025095e-35 1.0000000180025095e-35 1.0000000180025095e-35 1.0000000180025095e-35 1.0000000180025095e-35 1.0000000180025095e-35
decision_type=2 2 2 2 2 2 2
left_child=2 4 3 -1 -2 -4 -3
right_child=1 6 5 -5 -6 -7 -8
leaf_value=-0.059724539669543331 0.10469476078662883 -0.15435613624745681 -0.091543587058592335 0.063957534571601762 -0.029990526639411874 -0.12180648670561481 0.12456192809647462
leaf_weight=10732.656003922224 2022.8290126025677 27.096460998058319 10368.658358305693 1861.0627806782722 2951.9686855822802 13088.256792068481 23770.739060759544
leaf_count=49356 10357 131 56317 7672 13396 79215 147477
internal_value=0.000222728 0.107044 -0.0850336 -0.0414435 0.0247846 -0.108434 0.124238
internal_weight=64823.3 28772.6 36050.6 12593.7 4974.8 23456.9 23797.8
internal_count=363921 171361 192560 57028 23753 135532 147608
is_linear=0
shrinkage=0.1


Tree=10
num_leaves=8
num_cat=0
split_feature=23 15 9 11 25 12 26
split_gain=51029.5 3860.55 3477.04 1855.21 1652.08 969.987 190.923
threshold=1.0000000180025095e-35 1.0000000180025095e-35 1.0000000180025095e-35 1.0000000180025095e-35 1.0000000180025095e-35 1.0000000180025095e-35 1.0000000180025095e-35
decision_type=2 2 2 2 2 2 2
left_child=2 3 5 -2 -4 -1 -3
right_child=1 6 4 -5 -6 -7 -8
leaf_value=-0.027329242347558055 0.099089999356348879 -0.1466835638660689 -0.10433032956549848 -0.027026361377334048 -0.038854703809694011 0.07982074097420036 0.12149959140792482
leaf_weight=4280.7001770883799 1928.5285651087761 25.782412752509117 24505.771703720093 2948.4543448388577 4574.6105860173702 1051.5432144105434 22022.714308440685
leaf_count=19363 10357 131 144929 13396 23921 4347 147477
internal_value=0.000258291 0.103371 -0.0804212 0.0228545 -0.0940321 -0.00618776 0.121179
internal_weight=61338.1 26925.5 34412.6 4876.98 29080.4 5332.24 22048.5
internal_count=363921 171361 192560 23753 168850 23710 147608
is_linear=0
shrinkage=0.1


Tree=11
num_leaves=8
num_cat=0
split_feature=16 5 25 26 1 14 0
split_gain=44328.8 4702.77 4005.75 889.126 490.568 440.343 9.47414
threshold=1.0000000180025095e-35 1.0000000180025095e-35 1.0000000180025095e-35 1.0000000180025095e-35 1.0000000180025095e-35 1.0000000180025095e-35 1.0000000180025095e-35
decision_type=2 2 2 2 2 2 2
left_child=1 2 -1 6 -3 -5 -2
right_child=3 4 -4 5 -6 -7 -8
leaf_value=-0.061197543321781102 -0.19757897217886258 -0.084088427508163088 0.041653472469733492 0.058465196747590979 -0.11707234671688385 0.11917009370111187 -0.12944940982856065
leaf_weight=12794.80076380074 63.584963783621788 8075.9094665199518 5377.6137836426497 1273.3810376375914 10256.760321199894 20143.279118686914 44.386097654700279
leaf_count=66147 262 49218 24689 7285 70133 145944 243
internal_value=0.000299125 -0.0668137 -0.0307611 0.114118 -0.102548 0.115564 -0.171016
internal_weight=58029.7 36505.1 18172.4 21524.6 18332.7 21416.7 107.971
internal_count=363921 210187 90836 153734 119351 153229 505
is_linear=0
shrinkage=0.1


Tree=12
num_leaves=8
num_cat=0
split_feature=16 5 25 14 11 18 0
split_gain=38609.8 4341.5 3331.35 785.236 1394.59 525.173 16.1312
threshold=1.0000000180025095e-35 1.0000000180025095e-35 1.0000000180025095e-35 1.0000000180025095e-35 1.0000000180025095e-35 1.0000000180025095e-35 1.0000000180025095e-35
decision_type=2 2 2 2 2 2 2
left_child=1 2 -1 4 -2 -3 -5
right_child=3 5 -4 6 -6 -7 -8
leaf_value=-0.056678751328149202 0.099681304471990251 -0.10241215089465644 0.037537563271704794 0.11691594862028064 -0.12973500003178426 -0.016158273965876054 -0.045461159498197727
leaf_weight=12451.916771277785 977.08644104003906 16463.609665036201 5370.9802305996418 18561.859156191349 362.47552095353603 737.95384874939919 5.6384425461292258
leaf_count=66147 6129 115912 24689 145916 1661 3439 28
internal_value=0.000328638 -0.0628766 -0.0282859 0.111529 0.0375525 -0.098713 0.116864
internal_weight=54931.5 35024.5 17822.9 19907.1 1339.56 17201.6 18567.5
internal_count=363921 210187 90836 153734 7790 119351 145944
is_linear=0
shrinkage=0.1


Tree=13
num_leaves=8
num_cat=0
split_feature=14 11 25 26 2 15 17
split_gain=33728.1 4923.32 2121.26 1283.85 1230.06 130.829 98.745
threshold=1.0000000180025095e-35 1.0000000180025095e-35 1.0000000180025095e-35 1.0000000180025095e-35 1.0000000180025095e-35 1.0000000180025095e-35 1.0000000180025095e-35
decision_type=2 2 2 2 2 2 2
left_child=1 3 -3 -1 5 -2 -6
right_child=4 2 -4 -5 6 -7 -8
leaf_value=-0.034893462466258428 0.073941347907012317 -0.092831610351896007 -0.028927113669966805 0.059065628648602098 -0.076035979407825346 0.11601628722600495 0.032945366417337418
leaf_weight=2384.2874123901129 779.69313341379166 20702.160170614719 6935.6419458314776 3725.0858074128628 356.04641568660736 16982.670843631029 107.74342066049576
leaf_count=11300 4944 143784 36381 19532 2821 144622 537
internal_value=0.000362296 -0.0588391 -0.0767966 0.0223968 0.109976 0.114174 -0.050702
internal_weight=51973.3 33747.2 27637.8 6109.37 18226.2 17762.4 463.79
internal_count=363921 210997 180165 30832 152924 149566 3358
is_linear=0
shrinkage=0.1


Tree=14
num_leaves=8
num_cat=0
split_feature=14 11 25 2 26 15 17
split_gain=29455 4258.05 1999.83 1107.47 1048.61 147.57 85.5482
threshold=1.0000000180025095e-35 1.0000000180025095e-35 1.0000000180025095e-35 1.0000000180025095e-35 1.0000000180025095e-35 1.0000000180025095e-35 1.0000000180025095e-35
decision_type=2 2 2 2 2 2 2
left_child=1 4 -3 5 -1 -2 -5
right_child=3 2 -4 6 -6 -7 -8
leaf_value=-0.031759280943712359 0.068783079376434769 -0.088980278816295943 -0.02626325118656089 -0.072444201789741439 0.053545826890364523 0.11419402566299064 0.029821098324764057
leaf_weight=2359.0991180539131 755.71309874951839 19501.279889121652 6878.4480978325009 337.36377131193876 3699.6622992455959 15599.187056161463 107.25945562124252
leaf_count=11300 4944 143784 36381 2821 19532 144622 537
internal_value=0.000394365 -0.0552658 -0.0726286 0.107866 0.0203308 0.1121 -0.0477625
internal_weight=49238 32438.5 26379.7 16799.5 6058.76 16354.9 444.623
internal_count=363921 210997 180165 152924 30832 149566 3358
is_linear=0
shrinkage=0.1


Tree=15
num_leaves=8
num_cat=0
split_feature=16 5 25 15 11 1 26
split_gain=25771.6 3840.81 2224.69 734.175 914.353 643.95 61.0407
threshold=1.0000000180025095e-35 1.0000000180025095e-35 1.0000000180025095e-35 1.0000000180025095e-35 1.0000000180025095e-35 1.0000000180025095e-35 1.0000000180025095e-35
decision_type=2 2 2 2 2 2 2
left_child=1 2 -1 4 -2 -3 -5
right_child=3 5 -4 6 -6 -7 -8
leaf_value=-0.044403622011830693 0.093498255458785318 -0.066700561507217773 0.034252057532492337 -0.12330227170586457 -0.082166606514924134 -0.10908867911040476 0.11196912050083879
leaf_weight=11310.708169102669 870.1998432725668 6559.8738013207912 5270.8903866112232 10.26223700493574 448.11550217866898 7919.6514502391219 14289.342467747629
leaf_count=66147 6360 49218 24689 61 2103 70133 145210
internal_value=0.000425593 -0.0522622 -0.0194003 0.105208 0.0337701 -0.0898909 0.111792
internal_weight=46679 31061.1 16581.6 15617.9 1318.32 14479.5 14299.6
internal_count=363921 210187 90836 153734 8463 119351 145271
is_linear=0
shrinkage=0.1


Tree=16
num_leaves=8
num_cat=0
split_feature=14 4 25 5 17 21 15
split_gain=22830.2 3779.31 2793.03 866.727 187.667 142.66 72.7658
threshold=1.0000000180025095e-35 1.0000000180025095e-35 1.0000000180025095e-35 1.0000000180025095e-35 1.0000000180025095e-35 1.0000000180025095e-35 1.0000000180025095e-35
decision_type=2 2 2 2 2 2 2
left_child=1 2 -1 6 -5 -3 -2
right_child=3 5 -4 4 -6 -7 -8
leaf_value=-0.05087945568126654 0.07575898157111427 -0.10528272618733406 0.027311590631753552 -0.059364664158566532 0.054000257760167952 -0.056579205123392179 0.11149870286257224
leaf_weight=13909.810760423541 605.05961312353611 8666.562744282186 6801.4860826581717 354.0423334017396 247.08145282417536 650.32218410819769 13032.647821031511
leaf_count=90117 4387 82994 34242 3174 1748 3644 143615
internal_value=0.000453716 -0.0489985 -0.0252018 0.104739 -0.0127557 -0.10189 0.109919
internal_weight=44267 30028.2 20711.3 14238.8 601.124 9316.88 13637.7
internal_count=363921 210997 124359 152924 4922 86638 148002
is_linear=0
shrinkage=0.1


Tree=17
num_leaves=8
num_cat=0
split_feature=14 4 13 5 17 21 15
split_gain=20003.3 3521.54 2343.14 803.616 158.247 151.645 83.2685
threshold=1.0000000180025095e-35 1.0000000180025095e-35 1.0000000180025095e-35 1.0000000180025095e-35 1.0000000180025095e-35 1.0000000180025095e-35 1.0000000180025095e-35
decision_type=2 2 2 2 2 2 2
left_child=1 2 -1 6 -5 -3 -2
right_child=3 5 -4 4 -6 -7 -8
leaf_value=-0.035638353467956921 0.071187635424361212 -0.10320445034369941 0.069567138324594727 -0.05594554906081492 0.049786063899259617 -0.05228018817261202 0.11020089174695234
leaf_weight=17896.566789001226 580.87699361890554 7991.7247682213783 2400.06789290905 338.97561652958393 241.57936666160822 634.36225108057261 11924.212525695562
leaf_count=111613 4387 82994 12746 3174 1748 3644 143615
internal_value=0.000469953 -0.0459452 -0.023195 0.103055 -0.0119388 -0.099466 0.108395
internal_weight=42008.4 28922.7 20296.6 13085.6 580.555 8626.09 12505.1
internal_count=363921 210997 124359 152924 4922 86638 148002
is_linear=0
shrinkage=0.1


Tree=18
num_leaves=8
num_cat=0
split_feature=14 4 25 7 16 1 15
split_gain=17509.5 3293.14 2342.89 751.487 217.021 166.11 47.6873
threshold=1.0000000180025095e-35 1.0000000180025095e-35 1.0000000180025095e-35 1.0000000180025095e-35 1.0000000180025095e-35 1.0000000180025095e-35 1.0000000180025095e-35
decision_type=2 2 2 2 2 2 2
left_child=1 2 -1 6 -5 -3 -2
right_child=3 5 -4 4 -6 -7 -8
leaf_value=-0.045602712733146374 0.077770282775249555 -0.071738443879475283 0.026693357533818199 -0.038503330502917772 0.079536270575457993 -0.10535048007994008 0.10910002755211079
leaf_weight=13264.238377265632 520.67910592257977 1958.2499822303653 6769.5069721117616 466.45549234002829 232.58896924555302 6027.0029382258654 10800.216311424971
leaf_count=90117 4187 18884 34242 3841 2595 67754 142301
internal_value=0.00049337 -0.0428198 -0.0211734 0.101453 0.000828808 -0.0971177 0.107666
internal_weight=40038.9 28019 20033.7 12019.9 699.044 7985.25 11320.9
internal_count=363921 210997 124359 152924 6436 86638 146488
is_linear=0
shrinkage=0.1


Tree=19
num_leaves=8
num_cat=0
split_feature=14 2 25 7 17 21 15
split_gain=15358.9 3057.18 2099.19 707.601 193.489 137.19 55.0366
threshold=1.0000000180025095e-35 1.0000000180025095e-35 1.0000000180025095e-35 1.0000000180025095e-35 1.0000000180025095e-35 1.0000000180025095e-35 1.0000000180025095e-35
decision_type=2 2 2 2 2 2 2
left_child=1 2 -1 6 -5 -3 -2
right_child=3 5 -4 4 -6 -7 -8
leaf_value=-0.043680103315288384 0.073602325731399409 -0.1021555332143239 0.024249529911589292 -0.051662523096024288 0.055163624281503176 -0.049125086041613079 0.10804044913651378
leaf_weight=13361.448396846652 496.48756057024002 6273.8998662903905 6896.5851857811213 344.05525596439838 332.35322487354279 531.9740971326828 9863.40069527179
leaf_count=94957 4187 77503 35153 3319 3117 3384 142301
internal_value=0.000507202 -0.0400374 -0.0205543 0.0999278 0.00083044 -0.0980183 0.106397
internal_weight=38100.2 27063.9 20258 11036.3 676.408 6805.87 10359.9
internal_count=363921 210997 130110 152924 6436 80887 146488
is_linear=0
shrinkage=0.1


Tree=20
num_leaves=8
num_cat=0
split_feature=14 11 2 7 26 15 15
split_gain=13479 2953.24 1528.52 666.956 619.091 180.252 62.4523
threshold=1.0000000180025095e-35 1.0000000180025095e-35 1.0000000180025095e-35 1.0000000180025095e-35 1.0000000180025095e-35 1.0000000180025095e-35 1.0000000180025095e-35
decision_type=2 2 2 2 2 2 2
left_child=1 4 -3 6 -1 -5 -2
right_child=3 2 -4 5 -6 -7 -8
leaf_value=-0.015034658777710133 0.069545558087420106 -0.036808116050587904 -0.095970444124148915 -0.037177162354368104 0.053478320269376871 0.073220989285512489 0.1070724114511753
leaf_weight=2139.9580406695604 474.14937967807055 14319.083821028471 6283.7734513729811 429.34034957736731 3434.9283217787743 224.33800998330116 9001.3601963743567
leaf_count=11300 4187 99278 80887 3591 19532 2845 142301
internal_value=0.000516716 -0.0373849 -0.0548561 0.0984631 0.0271812 0.00076471 0.105202
internal_weight=36306.9 26177.7 20602.9 10129.2 5574.89 653.678 9475.51
internal_count=363921 210997 180165 152924 30832 6436 146488
is_linear=0
shrinkage=0.1


Tree=21
num_leaves=8
num_cat=0
split_feature=14 2 13 7 21 15 15
split_gain=11821.5 2625.75 1998.78 633.812 166.613 151.596 69.8655
threshold=1.0000000180025095e-35 1.0000000180025095e-35 1.0000000180025095e-35 1.0000000180025095e-35 1.0000000180025095e-35 1.0000000180025095e-35 1.0000000180025095e-35
decision_type=2 2 2 2 2 2 2
left_child=1 2 -1 6 -3 -5 -2
right_child=3 4 -4 5 -6 -7 -8
leaf_value=-0.029138286586510648 0.065597262661421171 -0.098972016668173443 0.068698491444753457 -0.034072396994558371 -0.038041954171489575 0.068844427034201072 0.10618265027629986
leaf_weight=17216.251665517688 453.57510925084352 5317.5889081209898 2375.3938245773315 422.10336501151323 491.98132697492838 215.2895422950387 8209.5524700134993
leaf_count=116908 4187 77503 13202 3591 3384 2845 142301
internal_value=0.000534232 -0.0347833 -0.0172731 0.0969854 -0.0938196 0.000742777 0.104066
internal_weight=34701.7 25401.2 19591.6 9300.52 5809.57 637.393 8663.13
internal_count=363921 210997 130110 152924 80887 6436 146488
is_linear=0
shrinkage=0.1


Tree=22
num_leaves=8
num_cat=0
split_feature=14 2 25 7 21 17 15
split_gain=10364.3 2432.28 1710.82 603.801 169.967 139.93 77.2093
threshold=1.0000000180025095e-35 1.0000000180025095e-35 1.0000000180025095e-35 1.0000000180025095e-35 1.0000000180025095e-35 1.0000000180025095e-35 1.0000000180025095e-35
decision_type=2 2 2 2 2 2 2
left_child=1 2 -1 6 -3 -5 -2
right_child=3 4 -4 5 -6 -7 -8
leaf_value=-0.037568702055671671 0.061757786798544323 -0.097392178457314793 0.024702199555114875 -0.04536504482990264 -0.035027633616569985 0.049312592907892749 0.10535963386741083
leaf_weight=12582.600496992469 434.66716195642948 4885.6787885129452 6793.219714179635 319.7376270070672 481.54045660048723 303.12294191122055 7483.3959589228034
leaf_count=94957 4187 77503 35153 3319 3384 3117 142301
internal_value=0.000545651 -0.0322398 -0.0157362 0.0955178 -0.0918045 0.000716208 0.102974
internal_weight=33284 24743 19375.8 8540.92 5367.22 622.861 7918.06
internal_count=363921 210997 130110 152924 80887 6436 146488
is_linear=0
shrinkage=0.1


Tree=23
num_leaves=8
num_cat=0
split_feature=11 15 25 13 1 23 26
split_gain=9168.5 2016.96 1986.66 1520.06 1227.72 475.607 405.266
threshold=1.0000000180025095e-35 1.0000000180025095e-35 1.0000000180025095e-35 1.0000000180025095e-35 1.0000000180025095e-35 1.0000000180025095e-35 1.0000000180025095e-35
decision_type=2 2 2 2 2 2 2
left_child=1 5 3 -2 -4 -1 -3
right_child=2 6 4 -5 -6 -7 -8
leaf_value=-0.0018020534033341897 -0.074920633208178961 -0.053741748440385401 0.020327321173208662 0.046566833027891191 -0.097403246625362899 0.068799535587532504 0.10538636438427221
leaf_weight=3385.9663678407669 11835.597619555891 163.11000101268291 5782.6896370351315 1127.3989293277264 1044.9585176035762 1327.5066366270185 7206.0690954402089
leaf_count=17399 136274 906 37431 10331 12567 10357 138656
internal_value=0.000546903 0.0691847 -0.0413595 -0.064352 0.00229726 0.0180926 0.101857
internal_weight=31873.3 12082.7 19790.6 12963 6827.65 4713.47 7369.18
internal_count=363921 167318 196603 146605 49998 27756 139562
is_linear=0
shrinkage=0.1


Tree=24
num_leaves=8
num_cat=0
split_feature=14 2 13 15 25 21 0
split_gain=8094.41 2121.22 1461.91 562.451 234.344 180.155 108.031
threshold=1.0000000180025095e-35 1.0000000180025095e-35 1.0000000180025095e-35 1.0000000180025095e-35 1.0000000180025095e-35 1.0000000180025095e-35 1.0000000180025095e-35
decision_type=2 2 2 2 2 2 2
left_child=1 2 -1 4 -2 -3 -5
right_child=3 5 -4 6 -6 -7 -8
leaf_value=-0.023709867522177321 -0.068134608502013125 -0.094733417536925602 0.060555751978503596 0.10361322104866577 0.049536109032757042 -0.028297856590796252 -0.093783023719103575
leaf_weight=16238.204697102308 242.53527013212442 4231.1146844923496 2356.7749529704452 6405.1780701130629 553.96078735589981 452.90699873864651 27.11886689811945
leaf_count=116908 2554 77503 13202 144848 5224 3384 298
internal_value=0.000524611 -0.0281795 -0.0130271 0.0929522 0.0136645 -0.088317 0.102767
internal_weight=30507.8 23279 18595 7228.79 796.496 4684.02 6432.3
internal_count=363921 210997 130110 152924 7778 80887 145146
is_linear=0
shrinkage=0.1


end of trees

feature_importances:
V12_lt=_-1.4592942595481873=20
V14_lt=_-0.6914466023445129=18
V10_lt=_-1.702573299407959=15
V4_lt=_-0.18242227286100388=12
V10_lt=_0.567154198884964=12
V4_lt=_1.6956751942634583=11
V4_lt=_-0.46976254880428314=10
V8_lt=_-0.6077740788459778=10
V4_lt=_-0.07750282809138298=8
V4_lt=_0.7563583552837372=8
V14_lt=_-1.5734373927116394=8
V4_lt=_-0.45784682035446167=6
V14_lt=_-1.8273465633392334=6
V4_lt=_0.3752809464931488=5
V4_lt=_0.7523619830608368=5
V14_lt=_-1.812438189983368=5
V14_lt=_-2.7358014583587646=4
V14_lt=_-1.4205476641654968=3
V4_lt=_-0.09988194331526756=2
V4_lt=_1.574686348438263=2
V4_lt=_1.5319359302520752=1
V8_lt=_-0.7664555907249451=1
V14_lt=_-1.7704376578330994=1
V14_lt=_-1.7583861351013184=1
V14_lt=_-1.4366859793663025=1

parameters:
[boosting: gbdt]
[objective: binary]
[metric: binary_logloss]
[tree_learner: serial]
[device_type: cpu]
[data_sample_strategy: bagging]
[data: ]
[valid: ]
[num_iterations: 25]
[learning_rate: 0.1]
[num_leaves: 31]
[num_threads: 8]
[seed: 42]
[deterministic: 0]
[force_col_wise: 0]
[force_row_wise: 0]
[histogram_pool_size: -1]
[max_depth: 3]
[min_data_in_leaf: 20]
[min_sum_hessian_in_leaf: 0.001]
[bagging_fraction: 1]
[pos_bagging_fraction: 1]
[neg_bagging_fraction: 1]
[bagging_freq: 0]
[bagging_seed: 400]
[bagging_by_query: 0]
[feature_fraction: 1]
[feature_fraction_bynode: 1]
[feature_fraction_seed: 30056]
[extra_trees: 0]
[extra_seed: 12879]
[early_stopping_round: 0]
[early_stopping_min_delta: 0]
[first_metric_only: 0]
[max_delta_step: 0]
[lambda_l1: 0]
[lambda_l2: 1]
[linear_lambda: 0]
[min_gain_to_split: 0]
[drop_rate: 0.1]
[max_drop: 50]
[skip_drop: 0.5]
[xgboost_dart_mode: 0]
[uniform_drop: 0]
[drop_seed: 17869]
[top_rate: 0.2]
[other_rate: 0.1]
[min_data_per_group: 100]
[max_cat_threshold: 32]
[cat_l2: 10]
[cat_smooth: 10]
[max_cat_to_onehot: 4]
[top_k: 20]
[monotone_constraints: ]
[monotone_constraints_method: basic]
[monotone_penalty: 0]
[feature_contri: ]
[forcedsplits_filename: ]
[refit_decay_rate: 0.9]
[cegb_tradeoff: 1]
[cegb_penalty_split: 0]
[cegb_penalty_feature_lazy: ]
[cegb_penalty_feature_coupled: ]
[path_smooth: 0]
[interaction_constraints: ]
[verbosity: -1]
[saved_feature_importance_type: 0]
[use_quantized_grad: 0]
[num_grad_quant_bins: 4]
[quant_train_renew_leaf: 0]
[stochastic_rounding: 1]
[linear_tree: 0]
[max_bin: 255]
[max_bin_by_feature: ]
[min_data_in_bin: 3]
[bin_construct_sample_cnt: 200000]
[data_random_seed: 175]
[is_enable_sparse: 1]
[enable_bundle: 1]
[use_missing: 1]
[zero_as_missing: 0]
[feature_pre_filter: 1]
[pre_partition: 0]
[two_round: 0]
[header: 0]
[label_column: ]
[weight_column: ]
[group_column: ]
[ignore_column: ]
[categorical_feature: ]
[forcedbins_filename: ]
[precise_float_parser: 0]
[parser_config_file: ]
[objective_seed: 16083]
[num_class: 1]
[is_unbalance: 0]
[scale_pos_weight: 1]
[sigmoid: 1]
[boost_from_average: 1]
[reg_sqrt: 0]
[alpha: 0.9]
[fair_c: 1]
[poisson_max_delta_step: 0.7]
[tweedie_variance_power: 1.5]
[lambdarank_truncation_level: 30]
[lambdarank_norm: 1]
[label_gain: ]
[lambdarank_position_bias_regularization: 0]
[eval_at: ]
[multi_error_top_k: 1]
[auc_mu_weights: ]
[num_machines: 1]
[local_listen_port: 12400]
[time_out: 120]
[machine_list_filename: ]
[machines: ]
[gpu_platform_id: -1]
[gpu_device_id: -1]
[gpu_use_dp: 0]
[num_gpu: 1]

end of parameters

pandas_categorical:[]
