tree
version=v4
num_class=1
num_tree_per_iteration=1
label_index=0
max_feature_idx=36
objective=binary sigmoid:1
feature_names=ExternalRiskEstimate_lt=_63.5 ExternalRiskEstimate_lt=_67.5 ExternalRiskEstimate_lt=_70.5 ExternalRiskEstimate_lt=_73.5 ExternalRiskEstimate_lt=_74.5 ExternalRiskEstimate_lt=_75.5 ExternalRiskEstimate_lt=_78.5 ExternalRiskEstimate_lt=_80.5 ExternalRiskEstimate_lt=_81.5 ExternalRiskEstimate_lt=_84.5 MSinceOldestTradeOpen_lt=_134.5 AverageMInFile_lt=_59.5 AverageMInFile_lt=_63.5 AverageMInFile_lt=_69.5 AverageMInFile_lt=_75.5 AverageMInFile_lt=_97.5 NumSatisfactoryTrades_lt=_13.5 NumSatisfactoryTrades_lt=_18.5 NumSatisfactoryTrades_lt=_26.5 PercentTradesNeverDelq_lt=_95.5 PercentInstallTrades_lt=_45.5 PercentInstallTrades_lt=_47.5 PercentInstallTrades_lt=_48.5 MSinceMostRecentInqexcl7days_lt=_-7.5 MSinceMostRecentInqexcl7days_lt=_0.5 MSinceMostRecentInqexcl7days_lt=_1.5 NumInqLast6M_lt=_7.5 NetFractionRevolvingBurden_lt=_35.5 NetFractionRevolvingBurden_lt=_37.5 NetFractionRevolvingBurden_lt=_47.5 NetFractionRevolvingBurden_lt=_57.5 NetFractionRevolvingBurden_lt=_58.5 NetFractionRevolvingBurden_lt=_71.5 PercentTradesWBalance_lt=_66.5 PercentTradesWBalance_lt=_73.5 PercentTradesWBalance_lt=_80.5 NumRevolvingTradesWBalance_lt=_7.5
feature_infos=[0:1] [0:1] [0:1] [0:1] [0:1] [0:1] [0:1] [0:1] [0:1] [0:1] [0:1] [0:1] [0:1] [0:1] [0:1] [0:1] [0:1] [0:1] [0:1] [0:1] [0:1] [0:1] [0:1] [0:1] [0:1] [0:1] [0:1] [0:1] [0:1] [0:1] [0:1] [0:1] [0:1] [0:1] [0:1] [0:1] [0:1]
tree_sizes=1013 1016 1016 1017 1013 1022 1021 1019 1014 1018 1015 1027 1019 1013 1022 1017 1015 916 1025 1024 1021 1021 1022 1019 1019

Tree=0
num_leaves=8
num_cat=0
split_feature=4 1 23 8 24 16 10
split_gain=1324.43 138.635 92.372 86.442 70.4804 53.2604 19.6288
threshold=1.0000000180025095e-35 1.0000000180025095e-35 1.0000000180025095e-35 1.0000000180025095e-35 1.0000000180025095e-35 1.0000000180025095e-35 1.0000000180025095e-35
decision_type=2 2 2 2 2 2 2
left_child=3 4 -3 6 -2 -5 -1
right_child=1 2 -4 5 -6 -7 -8
leaf_value=0.053881432267219365 -0.046806475511535738 -0.18933909065160953 -0.09605688041337701 -0.00095624804324202783 -0.13167318015720481 -0.090813623513330749 -0.015680757054797281
leaf_weight=360.5549843609333 136.98594215512276 694.16191452741623 125.50806722044945 300.67041948437691 336.10212036967278 84.337428867816925 49.404766023159027
leaf_count=1445 549 2782 503 1205 1347 338 198
internal_value=-0.0877819 -0.150226 -0.175083 0.0137139 -0.107065 -0.0205967 0.0456942
internal_weight=2087.73 1292.76 819.67 794.968 473.088 385.008 409.96
internal_count=8367 5181 3285 3186 1896 1543 1643
is_linear=0
shrinkage=1


Tree=1
num_leaves=8
num_cat=0
split_feature=3 34 6 0 24 2 16
split_gain=1075.38 99.5449 98.0986 46.6132 44.5982 34.4927 26.3433
threshold=1.0000000180025095e-35 1.0000000180025095e-35 1.0000000180025095e-35 1.0000000180025095e-35 1.0000000180025095e-35 1.0000000180025095e-35 1.0000000180025095e-35
decision_type=2 2 2 2 2 2 2
left_child=2 3 6 -2 -4 -3 -1
right_child=1 5 4 -5 -6 -7 -8
leaf_value=0.12252749078228076 -0.063294415333690443 0.013912408491801118 0.095248715893843261 -0.11980167938484017 0.0096055370453249321 -0.043969184082588347 0.073034885951828374
leaf_weight=424.30387450754642 325.07605205476284 128.84425356984138 88.715833872556686 271.5787388086319 189.49757221341133 503.42225381731987 151.85583394765854
leaf_count=1698 1308 517 355 1096 759 2026 608
internal_value=-7.86739e-06 -0.0598955 0.0861032 -0.0891722 0.0371585 -0.0321706 0.109632
internal_weight=2083.29 1228.92 854.373 596.655 278.213 632.267 576.16
internal_count=8367 4947 3420 2404 1114 2543 2306
is_linear=0
shrinkage=0.1


Tree=2
num_leaves=8
num_cat=0
split_feature=4 1 23 7 18 24 13
split_gain=878.302 98.5924 71.4886 62.1948 57.8341 34.5467 16.7817
threshold=1.0000000180025095e-35 1.0000000180025095e-35 1.0000000180025095e-35 1.0000000180025095e-35 1.0000000180025095e-35 1.0000000180025095e-35 1.0000000180025095e-35
decision_type=2 2 2 2 2 2 2
left_child=3 4 -3 6 -2 -5 -1
right_child=1 2 -4 5 -6 -7 -8
leaf_value=0.11537342473284702 0.036920151476885744 -0.085143562651856478 -0.0029068555440791249 0.093755038207958108 -0.038443668813816632 0.026156666028967608 0.063356595911742628
leaf_weight=379.14004838466644 147.33373314142227 683.05646875500679 125.11343158781528 115.23095145821571 324.16209490597248 219.73909056186676 79.172420382499695
leaf_count=1526 592 2782 503 462 1304 880 318
internal_value=-1.20405e-05 -0.0512495 -0.0724318 0.082601 -0.0148656 0.0496206 0.106545
internal_weight=2072.95 1279.67 808.17 793.283 471.496 334.97 458.312
internal_count=8367 5181 3285 3186 1896 1342 1844
is_linear=0
shrinkage=0.1


Tree=3
num_leaves=8
num_cat=0
split_feature=3 30 6 20 24 24 25
split_gain=719.551 80.0417 68.0535 45.131 31.572 25.5608 24.3517
threshold=1.0000000180025095e-35 1.0000000180025095e-35 1.0000000180025095e-35 1.0000000180025095e-35 1.0000000180025095e-35 1.0000000180025095e-35 1.0000000180025095e-35
decision_type=2 2 2 2 2 2 2
left_child=2 5 6 -3 -4 -2 -1
right_child=1 3 4 -5 -6 -7 -8
leaf_value=0.12132845532406554 -0.038748172887218255 -0.073251071869268131 0.079074161635371856 -0.017390595350489917 0.0068787027125449471 -0.098394638346888302 0.076117849274839611
leaf_weight=178.91482843458652 94.85810749232769 189.33959886431694 88.186551332473755 606.57983699440956 189.48971521854401 321.0083911716938 389.23285992443562
leaf_count=727 389 774 355 2463 759 1321 1579
internal_value=-5.74772e-06 -0.0493962 0.0707292 -0.0307544 0.0300086 -0.084915 0.0905432
internal_weight=2057.61 1211.79 845.824 795.919 277.676 415.866 568.148
internal_count=8367 4947 3420 3237 1114 1710 2306
is_linear=0
shrinkage=0.1


Tree=4
num_leaves=8
num_cat=0
split_feature=4 24 23 11 0 29 24
split_gain=590.092 78.2536 75.3459 55.7888 49.1179 44.1938 18.7344
threshold=1.0000000180025095e-35 1.0000000180025095e-35 1.0000000180025095e-35 1.0000000180025095e-35 1.0000000180025095e-35 1.0000000180025095e-35 1.0000000180025095e-35
decision_type=2 2 2 2 2 2 2
left_child=3 4 -3 5 -2 -1 -5
right_child=1 2 -4 6 -6 -7 -8
leaf_value=-0.01445783873129731 0.030231724999624923 -0.067362741507812338 0.012297694622441221 0.06337163392252064 -0.058259713498986933 0.086496491614638696 -0.022868589678432028
leaf_weight=46.343546137213707 202.91600799560547 829.5794879347086 138.21040807664394 35.618171408772469 89.592289313673973 618.1457205414772 79.731816351413727
leaf_count=187 823 3428 557 145 373 2533 321
internal_value=-3.68156e-06 -0.0422987 -0.0559855 0.068316 0.00302156 0.0794445 0.00407676
internal_weight=2040.14 1260.3 967.79 779.839 292.508 664.489 115.35
internal_count=8367 5181 3985 3186 1196 2720 466
is_linear=0
shrinkage=0.1


Tree=5
num_leaves=8
num_cat=0
split_feature=2 6 34 12 14 16 27
split_gain=503.781 89.5693 48.0681 41.475 22.3898 22.2937 16.8201
threshold=1.0000000180025095e-35 1.0000000180025095e-35 1.0000000180025095e-35 1.0000000180025095e-35 1.0000000180025095e-35 1.0000000180025095e-35 1.0000000180025095e-35
decision_type=2 2 2 2 2 2 2
left_child=1 5 4 -3 -2 -1 -4
right_child=2 3 6 -5 -6 -7 -8
leaf_value=0.088388106124896712 -0.044149325351415164 0.037704609226776098 -0.052590882345451784 -0.024904945562865505 -0.088765370983593037 0.042526964762183775 -0.014365563042617581
leaf_weight=405.7877375036478 179.01358759403229 320.52445533871651 183.53744012117386 156.86490325629711 318.47525802254677 147.44448728859425 308.98885820806026
leaf_count=1698 755 1297 763 635 1348 608 1263
internal_value=-2.24631e-06 0.0489127 -0.0509215 0.0171227 -0.0728318 0.0762642 -0.0286877
internal_weight=2020.64 1030.62 990.015 477.389 497.489 553.232 492.526
internal_count=8367 4238 4129 1932 2103 2306 2026
is_linear=0
shrinkage=0.1


Tree=6
num_leaves=8
num_cat=0
split_feature=2 8 16 31 20 14 10
split_gain=413.305 77.8383 54.8616 43.7586 29.9346 15.2541 14.711
threshold=1.0000000180025095e-35 1.0000000180025095e-35 1.0000000180025095e-35 1.0000000180025095e-35 1.0000000180025095e-35 1.0000000180025095e-35 1.0000000180025095e-35
decision_type=2 2 2 2 2 2 2
left_child=1 6 -3 5 -5 -2 -1
right_child=3 2 -4 4 -6 -7 -8
leaf_value=0.087271836184842203 -0.048300056938902207 0.038578434056475847 -0.031993649804503713 -0.069886043327609212 -0.018411481633416844 -0.091634442627861454 0.027184683872241894
leaf_weight=337.23537258803844 138.22765634953976 495.61930647492409 140.72637701034546 147.12902790307999 481.38209477066994 212.00670753419399 47.621069237589836
leaf_count=1445 591 2025 570 627 1991 920 198
internal_value=-6.17401e-06 0.0444771 0.0229459 -0.0464171 -0.0305531 -0.0747178 0.0799265
internal_weight=1999.95 1021.2 636.346 978.745 628.511 350.234 384.856
internal_count=8367 4238 2595 4129 2618 1511 1643
is_linear=0
shrinkage=0.1


Tree=7
num_leaves=8
num_cat=0
split_feature=2 12 28 23 24 24 0
split_gain=339.292 70.6704 40.5012 38.3119 52.4214 23.7734 17.0116
threshold=1.0000000180025095e-35 1.0000000180025095e-35 1.0000000180025095e-35 1.0000000180025095e-35 1.0000000180025095e-35 1.0000000180025095e-35 1.0000000180025095e-35
decision_type=2 2 2 2 2 2 2
left_child=1 2 -1 4 -2 -3 -5
right_child=3 5 -4 6 -6 -7 -8
leaf_value=0.0079654012640180873 -0.0068021038247982196 0.041560088496647767 0.066271889768528588 0.13323638886794995 -0.064631021115149873 -0.027267393516085172 -0.0023305857348338362
leaf_weight=147.51769196987152 209.1958180218935 70.193911954760551 624.68766404688358 9.0156480967998487 627.34766225516796 169.17397600412369 121.6854662001133
leaf_count=601 881 289 2658 37 2720 690 491
internal_value=-1.25636e-05 0.0404584 0.0551581 -0.0423364 -0.050195 -0.00699501 0.00796136
internal_weight=1978.82 1011.57 772.205 967.245 836.543 239.368 130.701
internal_count=8367 4238 3259 4129 3601 979 528
is_linear=0
shrinkage=0.1


Tree=8
num_leaves=8
num_cat=0
split_feature=5 35 24 25 23 11 29
split_gain=285.419 62.8891 40.234 32.5356 39.2689 23.7343 10.9466
threshold=1.0000000180025095e-35 1.0000000180025095e-35 1.0000000180025095e-35 1.0000000180025095e-35 1.0000000180025095e-35 1.0000000180025095e-35 1.0000000180025095e-35
decision_type=2 2 2 2 2 2 2
left_child=3 5 -3 6 -5 -2 -1
right_child=1 2 -4 4 -6 -7 -8
leaf_value=-0.014141927626465302 -0.03893052351445192 0.025480681867296219 -0.024639233137705809 0.026415855924093873 0.11040810915616871 -0.087251591475344129 0.091040736005575065
leaf_weight=10.160902306437491 244.1297976821661 211.95022338628769 646.15019914507866 410.81865485012531 63.634737655520439 177.11000034213066 193.75355938076973
leaf_count=42 1064 875 2714 1752 277 788 855
internal_value=-7.74385e-06 -0.0278071 -0.0122444 0.0523831 0.0378896 -0.0594056 0.0857561
internal_weight=1957.71 1279.34 858.1 678.368 474.453 421.24 203.914
internal_count=8367 5441 3589 2926 2029 1852 897
is_linear=0
shrinkage=0.1


Tree=9
num_leaves=8
num_cat=0
split_feature=2 12 32 25 20 18 14
split_gain=239.001 54.1881 34.6067 33.0628 21.3166 19.4294 9.20893
threshold=1.0000000180025095e-35 1.0000000180025095e-35 1.0000000180025095e-35 1.0000000180025095e-35 1.0000000180025095e-35 1.0000000180025095e-35 1.0000000180025095e-35
decision_type=2 2 2 2 2 2 2
left_child=1 3 6 -1 -4 -3 -2
right_child=2 5 4 -5 -6 -7 -8
leaf_value=0.08006592848132571 -0.043696141933450894 0.051564766235986527 -0.056509420196995314 0.033887345236052531 -0.016178141728028356 -0.021099604858038218 -0.087694098196845136
leaf_weight=219.3067618906498 79.520798698067665 44.428768038749695 170.25109125673771 534.58587254583836 564.60022670030594 192.95277592539787 132.2890686839819
leaf_count=974 353 183 761 2285 2400 796 615
internal_value=2.10025e-06 0.0343039 -0.0359145 0.0474089 -0.0255862 -0.00734035 -0.0714587
internal_weight=1937.94 991.274 946.661 753.893 734.851 237.382 211.81
internal_count=8367 4238 4129 3259 3161 979 968
is_linear=0
shrinkage=0.1


Tree=10
num_leaves=8
num_cat=0
split_feature=5 18 0 23 9 25 10
split_gain=202.294 53.8505 42.6258 39.7501 27.6581 25.3053 9.44681
threshold=1.0000000180025095e-35 1.0000000180025095e-35 1.0000000180025095e-35 1.0000000180025095e-35 1.0000000180025095e-35 1.0000000180025095e-35 1.0000000180025095e-35
decision_type=2 2 2 2 2 2 2
left_child=4 2 -2 -3 6 -6 -1
right_child=1 3 -4 -5 5 -7 -8
leaf_value=0.080764533158206323 0.033765170309069469 -0.04466807044771004 -0.043068057596996813 0.014218842958724488 0.066886864264723289 0.014474764635468033 0.013083243911107165
leaf_weight=197.03784586489201 236.97302910685539 784.92333708703518 102.69644474983215 133.7195975035429 130.74058203399181 308.97680927813053 23.498457759618759
leaf_count=916 990 3447 462 542 594 1314 102
internal_value=-3.86417e-06 -0.0235215 0.010477 -0.0360902 0.0447839 0.0301748 0.0736446
internal_weight=1918.57 1258.31 339.669 918.643 660.254 439.717 220.536
internal_count=8367 5441 1452 3989 2926 1908 1018
is_linear=0
shrinkage=0.1


Tree=11
num_leaves=8
num_cat=0
split_feature=2 7 16 31 20 19 24
split_gain=168.561 43.0712 31.7396 29.1654 18.4375 11.5967 11.5662
threshold=1.0000000180025095e-35 1.0000000180025095e-35 1.0000000180025095e-35 1.0000000180025095e-35 1.0000000180025095e-35 1.0000000180025095e-35 1.0000000180025095e-35
decision_type=2 2 2 2 2 2 2
left_child=1 5 -3 6 -5 -1 -2
right_child=3 2 -4 4 -6 -7 -8
leaf_value=0.059944707080375498 -0.020814945625119201 0.024129391337118253 -0.032240735713568974 -0.049742952576601197 -0.0080591048022048539 0.00076992149382067285 -0.065463178619692697
leaf_weight=358.58314299583435 77.637581869959831 449.13710764050484 127.44175657629967 136.30448706448078 469.53163667023182 36.506091117858887 243.84736561775208
leaf_count=1676 344 1871 523 627 1991 168 1167
internal_value=9.02239e-06 0.0290998 0.0116356 -0.0304715 -0.0175039 0.0544927 -0.0547788
internal_weight=1898.99 971.668 576.579 927.321 605.836 395.089 321.485
internal_count=8367 4238 2394 4129 2618 1844 1511
is_linear=0
shrinkage=0.1


Tree=12
num_leaves=8
num_cat=0
split_feature=1 11 19 24 23 0 12
split_gain=139.926 58.5798 42.0343 27.5932 23.7416 23.5563 1.02896
threshold=1.0000000180025095e-35 1.0000000180025095e-35 1.0000000180025095e-35 1.0000000180025095e-35 1.0000000180025095e-35 1.0000000180025095e-35 1.0000000180025095e-35
decision_type=2 2 2 2 2 2 2
left_child=1 2 -1 -3 5 -2 -6
right_child=4 3 -4 -5 6 -7 -8
leaf_value=0.0474531510645263 -0.018111426866196056 0.031114681779979572 0.00038688238532778705 -0.041724323398690533 0.041628643677292354 -0.058833330741255851 0.0029206029664490358
leaf_weight=634.81026454269886 235.6736743748188 71.981424480676651 270.49377778172493 180.97990819811821 6.3088786303997031 361.3014379888773 117.82564380764961
leaf_count=2870 1070 302 1146 764 26 1712 477
internal_value=1.83203e-06 0.0215257 0.0334063 -0.0209567 -0.0345524 -0.0428143 0.00520481
internal_weight=1879.38 1158.27 905.304 252.961 721.11 596.975 124.135
internal_count=8367 5082 4016 1066 3285 2782 503
is_linear=0
shrinkage=0.1


Tree=13
num_leaves=8
num_cat=0
split_feature=5 24 23 17 25 23 30
split_gain=119.194 45.1408 35.4196 23.103 21.5457 32.6964 10.9007
threshold=1.0000000180025095e-35 1.0000000180025095e-35 1.0000000180025095e-35 1.0000000180025095e-35 1.0000000180025095e-35 1.0000000180025095e-35 1.0000000180025095e-35
decision_type=2 2 2 2 2 2 2
left_child=4 3 -3 -2 6 -6 -1
right_child=1 2 -4 -5 5 -7 -8
leaf_value=-0.081714016736542175 0.035829931173778522 -0.037252005793530496 0.017345578326768692 -0.022256534383367471 0.012931616819268311 0.092922896500068117 0.067995513347846509
leaf_weight=4.192206233739852 194.89426603913307 789.23316144943237 139.24251256883144 104.43765044212341 392.8713838160038 57.829488947987556 178.29881311953068
leaf_count=18 829 3596 564 452 1752 277 879
internal_value=-3.08395e-06 -0.0181745 -0.0290542 0.0155568 0.0352058 0.0233783 0.0641298
internal_weight=1861 1227.81 928.476 299.332 633.192 450.701 182.491
internal_count=8367 5441 4160 1281 2926 2029 897
is_linear=0
shrinkage=0.1


Tree=14
num_leaves=8
num_cat=0
split_feature=1 12 23 24 33 0 26
split_gain=103.718 45.3127 27.4147 22.7375 19.8258 12.126 7.01456
threshold=1.0000000180025095e-35 1.0000000180025095e-35 1.0000000180025095e-35 1.0000000180025095e-35 1.0000000180025095e-35 1.0000000180025095e-35 1.0000000180025095e-35
decision_type=2 2 2 2 2 2 2
left_child=1 2 -1 -3 5 -2 -6
right_child=4 3 -4 -5 6 -7 -8
leaf_value=0.025487421355094977 -0.021864434198439586 0.028937521063178779 0.092867263037727452 -0.030913808643492659 -0.10381898254437727 -0.056682215956470085 -0.0064754142209448974
leaf_weight=763.74365259706974 162.99054129421711 87.819422140717506 64.807971969246864 222.09840682148933 6.6199139207601538 265.95482970774174 269.93522882461548
leaf_count=3447 766 375 313 947 30 1331 1158
internal_value=7.30697e-06 0.018672 0.0308634 -0.0139156 -0.0300957 -0.0435338 -0.00917118
internal_weight=1843.97 1138.47 828.552 309.918 705.501 428.945 276.555
internal_count=8367 5082 3760 1322 3285 2097 1188
is_linear=0
shrinkage=0.1


Tree=15
num_leaves=8
num_cat=0
split_feature=6 17 23 25 16 29 23
split_gain=89.0117 41.8754 33.4687 32.065 18.193 8.52516 8.45189
threshold=1.0000000180025095e-35 1.0000000180025095e-35 1.0000000180025095e-35 1.0000000180025095e-35 1.0000000180025095e-35 1.0000000180025095e-35 1.0000000180025095e-35
decision_type=2 2 2 2 2 2 2
left_child=4 3 -3 -2 5 -1 -6
right_child=1 2 -4 -5 6 -7 -8
leaf_value=-0.043681267619949095 0.042135582806601471 -0.042328781365925904 0.013328085874163183 -0.0079942962637246807 -0.0052418216423319114 0.052027067719900934 0.064973939712790515
leaf_weight=8.8552237004041654 167.44771142303944 527.82300817966461 135.2757740020752 525.24919371306896 111.3311782926321 333.03413747251034 19.238815978169441
leaf_count=39 724 2450 548 2339 511 1659 97
internal_value=-1.63133e-06 -0.0130289 -0.0309715 0.00416702 0.0373306 0.049428 0.00551931
internal_weight=1828.26 1355.8 663.099 692.697 472.459 341.889 130.57
internal_count=8367 6061 2998 3063 2306 1698 608
is_linear=0
shrinkage=0.1


Tree=16
num_leaves=8
num_cat=0
split_feature=1 23 24 32 26 15 19
split_gain=77.7726 35.7302 47.9845 16.8152 15.9528 7.26022 2.21034
threshold=1.0000000180025095e-35 1.0000000180025095e-35 1.0000000180025095e-35 1.0000000180025095e-35 1.0000000180025095e-35 1.0000000180025095e-35 1.0000000180025095e-35
decision_type=2 2 2 2 2 2 2
left_child=1 2 -1 5 -5 -2 -3
right_child=3 6 -4 4 -6 -7 -8
leaf_value=0.041223602200785553 -0.0023511155029370765 0.073401061703688875 -0.0036959016920832966 -0.11502719947669177 -0.0147285142156625 -0.063747163697675066 0.12142353981334263
leaf_weight=360.93878194689751 22.540545344352722 51.549730092287064 692.99587213993073 15.389891609549521 519.3777172267437 134.59830825030804 15.866667956113814
leaf_count=1694 112 269 3050 75 2381 717 69
internal_value=6.43146e-06 0.01627 0.0117121 -0.0263369 -0.0178243 -0.0550109 0.0863129
internal_weight=1813.26 1121.35 1053.93 691.906 534.768 157.139 67.4164
internal_count=8367 5082 4744 3285 2456 829 338
is_linear=0
shrinkage=0.1


Tree=17
num_leaves=7
num_cat=0
split_feature=0 10 19 23 14 20
split_gain=66.2831 41.6825 35.8705 18.3019 16.4401 14.6892
threshold=1.0000000180025095e-35 1.0000000180025095e-35 1.0000000180025095e-35 1.0000000180025095e-35 1.0000000180025095e-35 1.0000000180025095e-35
decision_type=2 2 2 2 2 2
left_child=1 2 -1 4 -2 -3
right_child=3 5 -4 -5 -6 -7
leaf_value=0.0351011490894911 -0.016288787061748137 -0.051335921666923516 -0.0043215287739216393 0.00033623315362280525 -0.062202929258767671 -0.005641969007421665
leaf_weight=656.52461513876915 125.8670606315136 100.00818182528019 355.33434587717056 121.33544039726257 207.97775194048882 232.78801169991493
leaf_count=3110 620 459 1565 491 1092 1030
internal_value=6.20932e-06 0.0111734 0.0212665 -0.0329352 -0.0449926 -0.0194861
internal_weight=1799.84 1344.66 1011.86 455.18 333.845 332.796
internal_count=8367 6164 4675 2203 1712 1489
is_linear=0
shrinkage=0.1


Tree=18
num_leaves=8
num_cat=0
split_feature=28 19 10 25 23 22 32
split_gain=60.2315 49.9756 38.5083 21.5496 18.2087 9.07193 7.89125
threshold=1.0000000180025095e-35 1.0000000180025095e-35 1.0000000180025095e-35 1.0000000180025095e-35 1.0000000180025095e-35 1.0000000180025095e-35 1.0000000180025095e-35
decision_type=2 2 2 2 2 2 2
left_child=3 2 -2 6 -5 -3 -1
right_child=1 5 -4 4 -6 -7 -8
leaf_value=-0.026347375627486142 0.047628236296949678 -0.03835425685560815 -0.010645805446434703 -0.036164103267037818 0.067205318841257897 -0.0029546245731220102 0.026176630771999738
leaf_weight=39.004045143723488 462.75607721507549 86.701611265540123 149.67512832581997 515.58420868217945 16.729758709669113 415.94963455200195 99.950715437531471
leaf_count=181 2296 412 664 2513 72 1790 439
internal_value=-7.58464e-06 0.0142357 0.0333922 -0.0236538 -0.0327954 -0.00912469 0.0113504
internal_weight=1786.35 1115.08 612.431 671.269 532.314 502.651 138.955
internal_count=8367 5162 2960 3205 2585 2202 620
is_linear=0
shrinkage=0.1


Tree=19
num_leaves=8
num_cat=0
split_feature=14 19 33 28 23 0 25
split_gain=51.5795 36.7012 31.0102 18.604 17.7576 15.1945 13.3383
threshold=1.0000000180025095e-35 1.0000000180025095e-35 1.0000000180025095e-35 1.0000000180025095e-35 1.0000000180025095e-35 1.0000000180025095e-35 1.0000000180025095e-35
decision_type=2 2 2 2 2 2 2
left_child=1 3 5 -1 -3 -2 -4
right_child=2 4 6 -5 -6 -7 -8
leaf_value=0.0053250638684557809 -0.021638235970790162 -0.010164061950955559 0.040143071618519356 0.050150106615523896 0.086696903391162483 -0.059999287417137538 -0.0050325973530375278
leaf_weight=129.97044515609741 336.74012500047684 353.469532802701 77.812296718358994 323.16366127133369 18.997855603694916 149.30627033114433 381.94322010874748
leaf_count=569 1543 1626 366 1679 83 851 1650
internal_value=-2.61282e-06 0.0182496 -0.0159377 0.0373332 -0.00500472 -0.0335212 0.00268378
internal_weight=1771.4 825.601 945.802 453.134 372.467 486.046 459.756
internal_count=8367 3957 4410 2248 1709 2394 2016
is_linear=0
shrinkage=0.1


Tree=20
num_leaves=8
num_cat=0
split_feature=29 14 19 18 0 23 13
split_gain=42.71 36.3228 22.1367 20.75 10.8688 11.4095 3.96088
threshold=1.0000000180025095e-35 1.0000000180025095e-35 1.0000000180025095e-35 1.0000000180025095e-35 1.0000000180025095e-35 1.0000000180025095e-35 1.0000000180025095e-35
decision_type=2 2 2 2 2 2 2
left_child=4 2 -2 -3 5 -1 -6
right_child=1 3 -4 -5 6 -7 -8
leaf_value=-0.01641138358251824 0.043701185991424467 0.026689536053170145 0.0043548227086560734 -0.015750316606021345 -0.027818728823564533 0.090096112673195283 -0.056944851009947312
leaf_weight=299.48933297395706 353.26178523898125 147.49865266680717 240.16966293752193 513.27699348330498 93.42216956615448 9.4218297153711301 100.30016827583313
leaf_count=1366 1844 662 1069 2294 492 40 600
internal_value=4.28872e-06 0.00987506 0.0278113 -0.00625086 -0.0245967 -0.0128827 -0.0431138
internal_weight=1756.84 1254.21 593.431 660.776 502.634 308.911 193.722
internal_count=8367 5869 2913 2956 2498 1406 1092
is_linear=0
shrinkage=0.1


Tree=21
num_leaves=8
num_cat=0
split_feature=25 27 21 19 23 30 18
split_gain=41.5966 30.6507 22.6278 17.2113 15.2637 10.9753 10.8192
threshold=1.0000000180025095e-35 1.0000000180025095e-35 1.0000000180025095e-35 1.0000000180025095e-35 1.0000000180025095e-35 1.0000000180025095e-35 1.0000000180025095e-35
decision_type=2 2 2 2 2 2 2
left_child=3 4 -3 5 -2 -1 -5
right_child=1 2 -4 6 -6 -7 -8
leaf_value=-0.0068773660378436893 -0.029663358473865593 -0.032161530665141373 0.011666667952048911 0.04798874584645952 0.062355158680043238 0.05528831271974232 -0.01261664233383312
leaf_weight=32.926255524158478 525.97419762611389 141.57446379959583 677.12001360952854 38.677991047501564 17.754020437598228 196.55192916095257 113.37426249682903
leaf_count=146 2634 688 3095 170 78 1040 516
internal_value=7.81732e-06 -0.00816799 0.00405759 0.0291482 -0.0265498 0.0463774 0.00301255
internal_weight=1743.95 1362.42 818.694 381.53 543.728 229.478 152.052
internal_count=8367 6495 3783 1872 2712 1186 686
is_linear=0
shrinkage=0.1


Tree=22
num_leaves=8
num_cat=0
split_feature=17 36 22 19 27 27 23
split_gain=34.2589 26.5025 23.5186 23.3348 14.7896 11.7435 11.1489
threshold=1.0000000180025095e-35 1.0000000180025095e-35 1.0000000180025095e-35 1.0000000180025095e-35 1.0000000180025095e-35 1.0000000180025095e-35 1.0000000180025095e-35
decision_type=2 2 2 2 2 2 2
left_child=1 5 6 -3 -4 -1 -2
right_child=2 3 4 -5 -6 -7 -8
leaf_value=-0.039078625718117245 -0.050082314061135336 0.035815833063246851 -0.025957147833625328 -0.0014515023019685881 0.005656628201670442 0.018057150845346353 0.065925140986941397
leaf_weight=117.98575788736343 184.50231148302555 454.10484161973 225.55285888910294 266.22325071692467 425.91776774823666 50.862266808748245 7.8360946327447882
leaf_count=575 954 2236 1136 1233 1966 229 38
internal_value=1.45062e-05 0.0137038 -0.0144099 0.0220594 -0.00531173 -0.0218626 -0.0450395
internal_weight=1732.99 889.176 843.809 720.328 651.471 168.848 192.338
internal_count=8367 4273 4094 3469 3102 804 992
is_linear=0
shrinkage=0.1


Tree=23
num_leaves=8
num_cat=0
split_feature=25 15 23 19 16 17 18
split_gain=33.7409 27.6197 19.4005 12.9193 11.6407 8.74935 8.60422
threshold=1.0000000180025095e-35 1.0000000180025095e-35 1.0000000180025095e-35 1.0000000180025095e-35 1.0000000180025095e-35 1.0000000180025095e-35 1.0000000180025095e-35
decision_type=2 2 2 2 2 2 2
left_child=3 4 -3 5 -2 -1 -5
right_child=1 2 -4 6 -6 -7 -8
leaf_value=0.056028277390643311 0.033711315186510091 -0.020171323387799301 0.018626139239159543 0.043966257478805428 -0.010399157502139074 0.014210597141197885 -0.010100318684426433
leaf_weight=146.39315517246723 196.94946409761906 917.08253216743469 149.12960244715214 38.715534225106239 85.179182350635529 77.040917843580246 112.77992331981659
leaf_count=786 970 4471 636 170 418 400 516
internal_value=1.07081e-05 -0.00737075 -0.0147324 0.0265053 0.020404 0.0417369 0.00391441
internal_weight=1723.27 1348.34 1066.21 374.93 282.129 223.434 151.495
internal_count=8367 6495 5107 1872 1388 1186 686
is_linear=0
shrinkage=0.1


Tree=24
num_leaves=8
num_cat=0
split_feature=0 23 24 35 14 23 19
split_gain=30.6628 27.4176 31.1466 8.54263 5.42341 4.26836 2.63857
threshold=1.0000000180025095e-35 1.0000000180025095e-35 1.0000000180025095e-35 1.0000000180025095e-35 1.0000000180025095e-35 1.0000000180025095e-35 1.0000000180025095e-35
decision_type=2 2 2 2 2 2 2
left_child=1 2 -1 4 -2 -5 -3
right_child=3 6 -4 5 -6 -7 -8
leaf_value=0.027382255371255122 -0.017891413746252523 0.056852680335114605 -0.0066538633773286756 -0.02351301462653177 -0.059344983883965224 0.0010617273095062463 0.1060985127893983
leaf_weight=396.66767194867134 51.984519883990288 46.484181046485901 829.23391710221767 170.93456590175629 84.192896515130997 119.87006628513336 16.803272888064384
leaf_count=1968 284 274 3846 884 551 484 76
internal_value=2.04816e-05 0.00771459 0.00437262 -0.0231741 -0.0437662 -0.0134143 0.0713748
internal_weight=1716.17 1289.19 1225.9 426.982 136.177 290.805 63.2875
internal_count=8367 6164 5814 2203 835 1368 350
is_linear=0
shrinkage=0.1


end of trees

feature_importances:
MSinceMostRecentInqexcl7days_lt=_-7.5=22
MSinceMostRecentInqexcl7days_lt=_0.5=16
PercentTradesNeverDelq_lt=_95.5=11
ExternalRiskEstimate_lt=_63.5=10
MSinceMostRecentInqexcl7days_lt=_1.5=10
AverageMInFile_lt=_75.5=7
NumSatisfactoryTrades_lt=_13.5=7
ExternalRiskEstimate_lt=_70.5=6
NumSatisfactoryTrades_lt=_26.5=6
ExternalRiskEstimate_lt=_67.5=5
MSinceOldestTradeOpen_lt=_134.5=5
AverageMInFile_lt=_63.5=5
PercentInstallTrades_lt=_45.5=5
ExternalRiskEstimate_lt=_78.5=4
NumSatisfactoryTrades_lt=_18.5=4
NetFractionRevolvingBurden_lt=_35.5=4
NetFractionRevolvingBurden_lt=_47.5=4
ExternalRiskEstimate_lt=_74.5=3
ExternalRiskEstimate_lt=_75.5=3
AverageMInFile_lt=_59.5=3
NetFractionRevolvingBurden_lt=_37.5=3
NetFractionRevolvingBurden_lt=_57.5=3
NetFractionRevolvingBurden_lt=_71.5=3
ExternalRiskEstimate_lt=_73.5=2
ExternalRiskEstimate_lt=_80.5=2
ExternalRiskEstimate_lt=_81.5=2
AverageMInFile_lt=_69.5=2
AverageMInFile_lt=_97.5=2
PercentInstallTrades_lt=_48.5=2
NumInqLast6M_lt=_7.5=2
NetFractionRevolvingBurden_lt=_58.5=2
PercentTradesWBalance_lt=_66.5=2
PercentTradesWBalance_lt=_73.5=2
PercentTradesWBalance_lt=_80.5=2
ExternalRiskEstimate_lt=_84.5=1
PercentInstallTrades_lt=_47.5=1
NumRevolvingTradesWBalance_lt=_7.5=1

parameters:
[boosting: gbdt]
[objective: binary]
[metric: binary_logloss]
[tree_learner: serial]
[device_type: cpu]
[data_sample_strategy: bagging]
[data: ]
[valid: ]
[num_iterations: 25]
[learning_rate: 0.1]
[num_leaves: 31]
[num_threads: 8]
[seed: 42]
[deterministic: 0]
[force_col_wise: 0]
[force_row_wise: 0]
[histogram_pool_size: -1]
[max_depth: 3]
[min_data_in_leaf: 20]
[min_sum_hessian_in_leaf: 0.001]
[bagging_fraction: 1]
[pos_bagging_fraction: 1]
[neg_bagging_fraction: 1]
[bagging_freq: 0]
[bagging_seed: 400]
[bagging_by_query: 0]
[feature_fraction: 1]
[feature_fraction_bynode: 1]
[feature_fraction_seed: 30056]
[extra_trees: 0]
[extra_seed: 12879]
[early_stopping_round: 0]
[early_stopping_min_delta: 0]
[first_metric_only: 0]
[max_delta_step: 0]
[lambda_l1: 0]
[lambda_l2: 1]
[linear_lambda: 0]
[min_gain_to_split: 0]
[drop_rate: 0.1]
[max_drop: 50]
[skip_drop: 0.5]
[xgboost_dart_mode: 0]
[uniform_drop: 0]
[drop_seed: 17869]
[top_rate: 0.2]
[other_rate: 0.1]
[min_data_per_group: 100]
[max_cat_threshold: 32]
[cat_l2: 10]
[cat_smooth: 10]
[max_cat_to_onehot: 4]
[top_k: 20]
[monotone_constraints: ]
[monotone_constraints_method: basic]
[monotone_penalty: 0]
[feature_contri: ]
[forcedsplits_filename: ]
[refit_decay_rate: 0.9]
[cegb_tradeoff: 1]
[cegb_penalty_split: 0]
[cegb_penalty_feature_lazy: ]
[cegb_penalty_feature_coupled: ]
[path_smooth: 0]
[interaction_constraints: ]
[verbosity: -1]
[saved_feature_importance_type: 0]
[use_quantized_grad: 0]
[num_grad_quant_bins: 4]
[quant_train_renew_leaf: 0]
[stochastic_rounding: 1]
[linear_tree: 0]
[max_bin: 255]
[max_bin_by_feature: ]
[min_data_in_bin: 3]
[bin_construct_sample_cnt: 200000]
[data_random_seed: 175]
[is_enable_sparse: 1]
[enable_bundle: 1]
[use_missing: 1]
[zero_as_missing: 0]
[feature_pre_filter: 1]
[pre_partition: 0]
[two_round: 0]
[header: 0]
[label_column: ]
[weight_column: ]
[group_column: ]
[ignore_column: ]
[categorical_feature: ]
[forcedbins_filename: ]
[precise_float_parser: 0]
[parser_config_file: ]
[objective_seed: 16083]
[num_class: 1]
[is_unbalance: 0]
[scale_pos_weight: 1]
[sigmoid: 1]
[boost_from_average: 1]
[reg_sqrt: 0]
[alpha: 0.9]
[fair_c: 1]
[poisson_max_delta_step: 0.7]
[tweedie_variance_power: 1.5]
[lambdarank_truncation_level: 30]
[lambdarank_norm: 1]
[label_gain: ]
[lambdarank_position_bias_regularization: 0]
[eval_at: ]
[multi_error_top_k: 1]
[auc_mu_weights: ]
[num_machines: 1]
[local_listen_port: 12400]
[time_out: 120]
[machine_list_filename: ]
[machines: ]
[gpu_platform_id: -1]
[gpu_device_id: -1]
[gpu_use_dp: 0]
[num_gpu: 1]

end of parameters

pandas_categorical:[]
