tree
version=v4
num_class=1
num_tree_per_iteration=1
label_index=0
max_feature_idx=79
objective=binary sigmoid:1
feature_names=season_lt=_1.5 season_lt=_2.5 season_lt=_3.5 yr_lt=_0.5 mnth_lt=_1.5 mnth_lt=_3.5 mnth_lt=_4.5 mnth_lt=_9.0 mnth_lt=_11.5 hr_lt=_0.5 hr_lt=_5.5 hr_lt=_6.5 hr_lt=_7.5 hr_lt=_8.5 hr_lt=_9.5 hr_lt=_10.5 hr_lt=_11.5 hr_lt=_15.5 hr_lt=_16.5 hr_lt=_18.5 hr_lt=_19.5 hr_lt=_20.5 hr_lt=_21.5 hr_lt=_22.5 holiday_lt=_0.5 weekday_lt=_0.5 weekday_lt=_1.5 weekday_lt=_2.5 weekday_lt=_3.5 weekday_lt=_4.5 weekday_lt=_5.5 workingday_lt=_0.5 weathersit_lt=_1.5 weathersit_lt=_2.5 temp_lt=_0.17999999970197678 temp_lt=_0.26999999582767487 temp_lt=_0.3100000023841858 temp_lt=_0.32999999821186066 temp_lt=_0.3700000047683716 temp_lt=_0.39000000059604645 temp_lt=_0.4099999964237213 temp_lt=_0.4299999922513962 temp_lt=_0.45000000298023224 temp_lt=_0.4699999988079071 temp_lt=_0.48999999463558197 temp_lt=_0.5099999904632568 atemp_lt=_0.14395000040531158 atemp_lt=_0.18939999490976334 atemp_lt=_0.28030000627040863 atemp_lt=_0.31059999763965607 atemp_lt=_0.3257499933242798 atemp_lt=_0.3409000039100647 atemp_lt=_0.5076000094413757 atemp_lt=_0.5227500200271606 atemp_lt=_0.5985000133514404 atemp_lt=_0.6136500239372253 atemp_lt=_0.7802999913692474 atemp_lt=_0.8105999827384949 atemp_lt=_0.8257499933242798 atemp_lt=_0.9166499972343445 atemp_lt=_0.9393500089645386 hum_lt=_0.19500000029802322 hum_lt=_0.4050000011920929 hum_lt=_0.625 hum_lt=_0.6349999904632568 hum_lt=_0.6550000011920929 hum_lt=_0.675000011920929 hum_lt=_0.7450000047683716 hum_lt=_0.7950000166893005 hum_lt=_0.8149999976158142 hum_lt=_0.8349999785423279 hum_lt=_0.9350000023841858 hum_lt=_0.9850000143051147 windspeed_lt=_0.17909999936819077 windspeed_lt=_0.23879999667406082 windspeed_lt=_0.26864999532699585 windspeed_lt=_0.2910500019788742 windspeed_lt=_0.31344999372959137 windspeed_lt=_0.5074500143527985 windspeed_lt=_0.7014999985694885
feature_infos=[0:1] [0:1] [0:1] [0:1] [0:1] [0:1] [0:1] [0:1] [0:1] [0:1] [0:1] [0:1] [0:1] [0:1] [0:1] [0:1] [0:1] [0:1] [0:1] [0:1] [0:1] [0:1] [0:1] [0:1] [0:1] [0:1] [0:1] [0:1] [0:1] [0:1] [0:1] [0:1] [0:1] [0:1] [0:1] [0:1] [0:1] [0:1] [0:1] [0:1] [0:1] [0:1] [0:1] [0:1] [0:1] [0:1] [0:1] [0:1] [0:1] [0:1] [0:1] [0:1] [0:1] [0:1] [0:1] [0:1] [0:1] [0:1] [0:1] none none [0:1] [0:1] [0:1] [0:1] [0:1] [0:1] [0:1] [0:1] [0:1] [0:1] [0:1] [0:1] [0:1] [0:1] [0:1] [0:1] [0:1] [0:1] none
tree_sizes=897 905 904 1015 1009 1014 1018 1016 1010 1021 1016 1020 1019 1019 1019 1023 1018 1021 1022 1018 1022 1026 912 1023 918

Tree=0
num_leaves=7
num_cat=0
split_feature=11 38 23 3 10 3
split_gain=4990.34 1452.91 515.783 265.684 29.252 40.8909
threshold=1.0000000180025095e-35 1.0000000180025095e-35 1.0000000180025095e-35 1.0000000180025095e-35 1.0000000180025095e-35 1.0000000180025095e-35
decision_type=2 2 2 2 2 2
left_child=1 2 -1 -3 5 -2
right_child=4 3 -4 -5 -6 -7
leaf_value=-0.10720773748454829 -0.094061561585856407 0.017288904963985791 0.1336016562898662 -0.1051940292676538 -0.19955032351452004 -0.2011031766378146
leaf_weight=93.249594256281853 73.74967910349369 329.24856738746166 1668.7427390366793 381.49834004044533 854.99627977609634 74.249676927924156
leaf_count=373 295 1317 6675 1526 3420 297
internal_value=-0.00417176 0.0721425 0.120806 -0.0485042 -0.192202 -0.148724
internal_weight=3475.73 2472.74 1761.99 710.747 1003 147.999
internal_count=13903 9891 7048 2843 4012 592
is_linear=0
shrinkage=1


Tree=1
num_leaves=7
num_cat=0
split_feature=11 42 21 23 10 3
split_gain=4077.47 1210.41 372.227 356.469 24.4072 34.1902
threshold=1.0000000180025095e-35 1.0000000180025095e-35 1.0000000180025095e-35 1.0000000180025095e-35 1.0000000180025095e-35 1.0000000180025095e-35
decision_type=2 2 2 2 2 2
left_child=1 3 -3 -1 5 -2
right_child=4 2 -4 -5 -6 -7
leaf_value=-0.081376071797302468 -0.081204475046348118 -0.14123920081519384 0.013765072253086217 0.13845006899385709 -0.17768367280609054 -0.17934290771899247
leaf_weight=77.277739495038986 73.587112054228783 190.5906798094511 808.81145843863487 1387.30013859272 846.54459357261658 73.504318669438362
leaf_count=310 295 764 3243 5574 3420 297
internal_value=-2.49091e-05 0.0689366 -0.0159066 0.126803 -0.17093 -0.131126
internal_weight=3457.62 2463.98 999.402 1464.58 993.636 147.091
internal_count=13903 9891 4007 5884 4012 592
is_linear=0
shrinkage=0.1


Tree=2
num_leaves=7
num_cat=0
split_feature=11 51 22 3 10 3
split_gain=3376.54 1027.44 436.079 196.552 21.6239 29.9192
threshold=1.0000000180025095e-35 1.0000000180025095e-35 1.0000000180025095e-35 1.0000000180025095e-35 1.0000000180025095e-35 1.0000000180025095e-35
decision_type=2 2 2 2 2 2
left_child=1 2 -1 -3 5 -2
right_child=4 3 -4 -5 -6 -7
leaf_value=-0.038351358503289891 -0.073607870636330772 0.012535454779331524 0.11754106981309656 -0.10054397311332275 -0.16425675712759077 -0.16603754109824279
leaf_weight=201.2382745295763 73.186518922448158 283.18782709538937 1623.8159206211567 334.68433614075184 825.28937458992004 71.626787513494492
leaf_count=815 295 1134 6597 1345 3420 297
internal_value=-6.01115e-05 0.0626197 0.10034 -0.04878 -0.157803 -0.12015
internal_weight=3413.03 2442.93 1825.05 617.872 970.103 144.813
internal_count=13903 9891 7412 2479 4012 592
is_linear=0
shrinkage=0.1


Tree=3
num_leaves=8
num_cat=0
split_feature=11 43 3 23 10 3 9
split_gain=2824.58 896.816 322.907 228.623 19.996 27.0402 3.34626
threshold=1.0000000180025095e-35 1.0000000180025095e-35 1.0000000180025095e-35 1.0000000180025095e-35 1.0000000180025095e-35 1.0000000180025095e-35 1.0000000180025095e-35
decision_type=2 2 2 2 2 2 2
left_child=1 3 -3 -1 5 -2 -6
right_child=4 2 -4 -5 6 -7 -8
leaf_value=-0.063654876120594672 -0.066883869763558534 0.045622099895786049 -0.06468590492240188 0.12076940025427177 -0.15734524576744624 -0.15564159835773117 -0.13478355172162096
leaf_weight=70.341745883226395 72.619701400399208 510.01511600613594 551.12949754297733 1280.9027007818222 661.32658660411835 68.971104070544243 133.93956184387207
leaf_count=285 295 2056 2237 5313 2844 297 576
internal_value=-0.000102679 0.0571279 -0.0116758 0.111129 -0.147374 -0.110907 -0.153719
internal_weight=3349.25 2412.39 1061.14 1351.24 936.857 141.591 795.266
internal_count=13903 9891 4293 5598 4012 592 3420
is_linear=0
shrinkage=0.1


Tree=4
num_leaves=8
num_cat=0
split_feature=11 36 68 20 10 3 9
split_gain=2382.05 781.647 384.907 96.2768 19.0765 25 3.23847
threshold=1.0000000180025095e-35 1.0000000180025095e-35 1.0000000180025095e-35 1.0000000180025095e-35 1.0000000180025095e-35 1.0000000180025095e-35 1.0000000180025095e-35
decision_type=2 2 2 2 2 2 2
left_child=1 2 -1 -3 5 -2 -6
right_child=4 3 -4 -5 6 -7 -8
leaf_value=-0.019467537877227891 -0.060876488708894394 -0.1497431613147549 0.0991049846259906 -0.04173755296504493 -0.14884628794179616 -0.14731434607518878 -0.12656001127642375
leaf_weight=329.01807799935341 71.941849291324615 111.5631350427866 1620.7219033241272 314.3912493288517 630.79813903570175 65.801598832011223 128.71377754211426
leaf_count=1369 295 456 6796 1270 2844 297 576
internal_value=-0.000141052 0.0522898 0.0790962 -0.0703101 -0.138868 -0.102933 -0.145241
internal_weight=3272.95 2375.69 1949.74 425.954 897.255 137.743 759.512
internal_count=13903 9891 8165 1726 4012 592 3420
is_linear=0
shrinkage=0.1


Tree=5
num_leaves=8
num_cat=0
split_feature=11 0 22 3 10 3 9
split_gain=2018.98 706.164 365.615 216.704 18.6001 23.4817 3.28062
threshold=1.0000000180025095e-35 1.0000000180025095e-35 1.0000000180025095e-35 1.0000000180025095e-35 1.0000000180025095e-35 1.0000000180025095e-35 1.0000000180025095e-35
decision_type=2 2 2 2 2 2 2
left_child=1 2 -1 -3 5 -2 -6
right_child=4 3 -4 -5 6 -7 -8
leaf_value=-0.044569794094577973 -0.055470431041288959 0.013802621974878644 0.096953324364480675 -0.10594091957205475 -0.14193313649506453 -0.14051066799378928 -0.11946057544813793
leaf_weight=206.62953573465347 71.195193454623222 305.44015112519264 1532.1671550124884 297.76756152510643 597.14814627170563 62.316531836986542 123.07915592193604
leaf_count=849 295 1248 6567 1227 2844 297 576
internal_value=-0.000203752 0.0477889 0.0801195 -0.0453851 -0.131761 -0.0959124 -0.138264
internal_weight=3195.74 2342 1738.8 603.208 853.739 133.512 720.227
internal_count=13903 9891 7416 2475 4012 592 3420
is_linear=0
shrinkage=0.1


Tree=6
num_leaves=8
num_cat=0
split_feature=11 44 21 69 10 42 9
split_gain=1720.86 626.016 283.859 180.364 18.4153 22.869 3.42264
threshold=1.0000000180025095e-35 1.0000000180025095e-35 1.0000000180025095e-35 1.0000000180025095e-35 1.0000000180025095e-35 1.0000000180025095e-35 1.0000000180025095e-35
decision_type=2 2 2 2 2 2 2
left_child=1 3 -3 -1 5 -2 -6
right_child=4 2 -4 -5 6 -7 -8
leaf_value=-0.00065069427422547366 -0.04435874871398976 -0.11695491960431981 0.013300203002492357 0.10868307427481652 -0.13621756704765328 -0.12944003291619485 -0.11320822846709749
leaf_weight=176.33480437099934 61.390033394098282 205.76858529448509 875.84607560932636 1043.8772035241127 561.84224027395248 67.686178103089333 117.24806785583496
leaf_count=759 281 854 3607 4671 2844 311 576
internal_value=-0.000253693 0.0438264 -0.0115649 0.0928955 -0.125702 -0.0896266 -0.132417
internal_weight=3109.99 2301.83 1081.61 1220.21 808.167 129.076 679.09
internal_count=13903 9891 4461 5430 4012 592 3420
is_linear=0
shrinkage=0.1


Tree=7
num_leaves=8
num_cat=0
split_feature=11 49 33 20 10 3 9
split_gain=1471.91 540.836 315.382 86.4796 18.9098 24.1307 3.63591
threshold=1.0000000180025095e-35 1.0000000180025095e-35 1.0000000180025095e-35 1.0000000180025095e-35 1.0000000180025095e-35 1.0000000180025095e-35 1.0000000180025095e-35
decision_type=2 2 2 2 2 2 2
left_child=1 2 -1 -3 5 -2 -6
right_child=4 3 -4 -5 6 -7 -8
leaf_value=-0.071624488508272341 -0.042868102041098227 -0.1321303647024947 0.07792851582656736 -0.031368861302220358 -0.13142783056655036 -0.13168221079040038 -0.10760339103689298
leaf_weight=153.46902757883072 68.950427621603012 111.66542348265648 1642.5408874899149 353.31560008227825 525.9687112569809 56.201514601707458 111.37815856933594
leaf_count=659 295 481 7313 1438 2844 297 576
internal_value=-0.000286909 0.0402362 0.0651165 -0.0557984 -0.120343 -0.0834792 -0.12744
internal_weight=3023.49 2260.99 1796.01 464.981 762.499 125.152 637.347
internal_count=13903 9891 7972 1919 4012 592 3420
is_linear=0
shrinkage=0.1


Tree=8
num_leaves=8
num_cat=0
split_feature=11 54 3 23 10 3 9
split_gain=1263.01 493.962 317.395 72.429 19.0315 22.917 3.90296
threshold=1.0000000180025095e-35 1.0000000180025095e-35 1.0000000180025095e-35 1.0000000180025095e-35 1.0000000180025095e-35 1.0000000180025095e-35 1.0000000180025095e-35
decision_type=2 2 2 2 2 2 2
left_child=1 3 -3 -1 5 -2 -6
right_child=4 2 -4 -5 6 -7 -8
leaf_value=-0.043173393795798647 -0.039099968586067846 0.050629437190739895 -0.041808979473424088 0.11024937196018914 -0.12736766110978823 -0.12740325599550034 -0.10249879339451372
leaf_weight=31.666252508759499 68.174238875508308 729.05852927267551 755.18725988268852 707.20195764303207 490.32707959413528 52.504049688577652 105.58493041992188
leaf_count=127 295 3121 3247 3396 2844 297 576
internal_value=-0.000343375 0.0368756 0.0036001 0.103625 -0.1157 -0.0782498 -0.12314
internal_weight=2939.7 2223.11 1484.25 738.868 716.59 120.678 595.912
internal_count=13903 9891 6368 3523 4012 592 3420
is_linear=0
shrinkage=0.1


Tree=9
num_leaves=8
num_cat=0
split_feature=11 0 67 3 10 41 9
split_gain=1087.57 465.547 299.605 146.458 19.2302 22.4833 4.21234
threshold=1.0000000180025095e-35 1.0000000180025095e-35 1.0000000180025095e-35 1.0000000180025095e-35 1.0000000180025095e-35 1.0000000180025095e-35 1.0000000180025095e-35
decision_type=2 2 2 2 2 2 2
left_child=1 2 -1 -3 5 -2 -6
right_child=4 3 -4 -5 6 -7 -8
leaf_value=-0.011261031061976607 -0.030699012106188708 0.0067759345375435504 0.087448485833531542 -0.093050221327694943 -0.12389152483010071 -0.11901780275432441 -0.097783746017234441
leaf_weight=415.06368479132652 60.923020765185356 298.96703062951565 1183.1007714420557 287.83423258364201 455.49484258890152 55.373187333345413 99.951338768005371
leaf_count=1806 305 1248 5610 1227 2844 287 576
internal_value=-0.000356457 0.033861 0.0618214 -0.0422652 -0.11154 -0.0734072 -0.119378
internal_weight=2856.71 2184.97 1598.16 586.801 671.742 116.296 555.446
internal_count=13903 9891 7416 2475 4012 592 3420
is_linear=0
shrinkage=0.1


Tree=10
num_leaves=8
num_cat=0
split_feature=11 43 21 23 10 3 9
split_gain=937.705 396.803 214.185 165.551 19.9105 23.4576 4.55586
threshold=1.0000000180025095e-35 1.0000000180025095e-35 1.0000000180025095e-35 1.0000000180025095e-35 1.0000000180025095e-35 1.0000000180025095e-35 1.0000000180025095e-35
decision_type=2 2 2 2 2 2 2
left_child=1 3 -3 -1 5 -2 -6
right_child=4 2 -4 -5 6 -7 -8
leaf_value=-0.07553609898211959 -0.029275588355552013 -0.10947447621028955 0.0078876960951266041 0.081848194261550489 -0.12088902594151255 -0.1219337843935574 -0.09337405076744687
leaf_weight=70.581065744161606 65.856538325548172 190.46678856015205 827.23264634609222 1056.8859130442142 421.87875294685364 46.775192648172379 94.535207748413086
leaf_count=285 295 823 3470 5313 2844 297 576
internal_value=-0.000386769 0.0311025 -0.014163 0.0719375 -0.10765 -0.0684903 -0.116042
internal_weight=2774.21 2145.17 1017.7 1127.47 629.046 112.632 516.414
internal_count=13903 9891 4293 5598 4012 592 3420
is_linear=0
shrinkage=0.1


Tree=11
num_leaves=8
num_cat=0
split_feature=11 0 67 3 10 3 9
split_gain=811.017 356.856 254.142 121.55 20.1457 22.2295 4.92721
threshold=1.0000000180025095e-35 1.0000000180025095e-35 1.0000000180025095e-35 1.0000000180025095e-35 1.0000000180025095e-35 1.0000000180025095e-35 1.0000000180025095e-35
decision_type=2 2 2 2 2 2 2
left_child=1 2 -1 -3 5 -2 -6
right_child=4 3 -4 -5 6 -7 -8
leaf_value=-0.013453733920444516 -0.02665838884102998 0.0064397092443578777 0.078693191296113588 -0.085201377982445398 -0.11827478220294939 -0.11898402042931207 -0.089205076903146677
leaf_weight=408.59093500673771 65.222649648785591 296.7397366464138 1115.3431852906942 281.30652771890163 389.75431591272354 43.342505782842636 89.375049591064453
leaf_count=1806 295 1248 5610 1227 2844 297 576
internal_value=-0.000415212 0.0286272 0.0539945 -0.0382276 -0.104162 -0.0642671 -0.113049
internal_weight=2689.67 2101.98 1523.93 578.046 587.695 108.565 479.129
internal_count=13903 9891 7416 2475 4012 592 3420
is_linear=0
shrinkage=0.1


Tree=12
num_leaves=8
num_cat=0
split_feature=11 54 22 3 10 6 9
split_gain=702.229 323.642 242.198 62.3941 20.3714 22.5313 5.32101
threshold=1.0000000180025095e-35 1.0000000180025095e-35 1.0000000180025095e-35 1.0000000180025095e-35 1.0000000180025095e-35 1.0000000180025095e-35 1.0000000180025095e-35
decision_type=2 2 2 2 2 2 2
left_child=1 3 -3 -1 5 -2 -6
right_child=4 2 -4 -5 6 -7 -8
leaf_value=0.11581932322926572 -0.028379940596259187 -0.10308301456597668 0.016352729159400562 0.052695681929537823 -0.11598159331042675 -0.1281742393162108 -0.085227141845427068
leaf_weight=330.39641356468201 72.186518147587776 195.83108925819397 1234.7020512968302 302.55207408964634 359.29659873247147 32.510563731193542 84.494579315185547
leaf_count=1843 403 857 5511 1680 2844 189 576
internal_value=-0.00044061 0.0262997 -5.78688e-05 0.0857767 -0.100906 -0.0602876 -0.110331
internal_weight=2611.97 2063.48 1430.53 632.948 548.488 104.697 443.791
internal_count=13903 9891 6368 3523 4012 592 3420
is_linear=0
shrinkage=0.1


Tree=13
num_leaves=8
num_cat=0
split_feature=11 36 3 31 10 3 9
split_gain=608.061 303.27 253.677 50.5406 20.985 22.4297 5.73233
threshold=1.0000000180025095e-35 1.0000000180025095e-35 1.0000000180025095e-35 1.0000000180025095e-35 1.0000000180025095e-35 1.0000000180025095e-35 1.0000000180025095e-35
decision_type=2 2 2 2 2 2 2
left_child=1 2 -1 -3 5 -2 -6
right_child=4 3 -4 -5 6 -7 -8
leaf_value=0.082446893585513215 -0.018871266298425601 -0.026321701123077097 0.0035791655036391916 -0.099932270991650446 -0.1139557150629293 -0.1153220976037031 -0.081402183058267047
leaf_weight=819.68102194368839 63.166192635893822 250.58375263214111 810.89951159060001 148.58496555685997 330.60430186986923 38.492997229099274 79.906293869018555
leaf_count=4195 295 1088 3970 638 2844 297 576
internal_value=-0.000448862 0.0241281 0.0432516 -0.0539035 -0.0977054 -0.0561597 -0.107832
internal_weight=2541.92 2029.75 1630.58 399.169 512.17 101.659 410.511
internal_count=13903 9891 8165 1726 4012 592 3420
is_linear=0
shrinkage=0.1


Tree=14
num_leaves=8
num_cat=0
split_feature=11 22 33 28 10 41 9
split_gain=527.352 278.236 271.159 64.689 21.1122 22.4016 6.1564
threshold=1.0000000180025095e-35 1.0000000180025095e-35 1.0000000180025095e-35 1.0000000180025095e-35 1.0000000180025095e-35 1.0000000180025095e-35 1.0000000180025095e-35
decision_type=2 2 2 2 2 2 2
left_child=1 3 -3 -1 5 -2 -6
right_child=4 2 -4 -5 6 -7 -8
leaf_value=-0.017724278379951806 -0.0084287575000928146 -0.08324109503490934 0.049277211053411263 -0.11976785224489082 -0.11215353062632377 -0.10391935403783326 -0.077701390785701027
leaf_weight=109.86777681112289 53.3820895627141 170.26762440800667 1575.4063668400049 143.16921527683735 303.71857523918152 44.821193791925907 75.614201545715332
leaf_count=494 305 752 8002 643 2844 287 576
internal_value=-0.000466591 0.0220995 0.0363115 -0.0757051 -0.0947648 -0.0526201 -0.105508
internal_weight=2476.25 1998.71 1745.67 253.037 477.536 98.2033 379.333
internal_count=13903 9891 8754 1137 4012 592 3420
is_linear=0
shrinkage=0.1


Tree=15
num_leaves=8
num_cat=0
split_feature=11 54 3 16 10 3 9
split_gain=456.747 266.106 195.309 55.7307 21.5228 22.2553 6.58846
threshold=1.0000000180025095e-35 1.0000000180025095e-35 1.0000000180025095e-35 1.0000000180025095e-35 1.0000000180025095e-35 1.0000000180025095e-35 1.0000000180025095e-35
decision_type=2 2 2 2 2 2 2
left_child=1 3 -3 -1 5 -2 -6
right_child=4 2 -4 -5 6 -7 -8
leaf_value=0.093894072603094181 -0.012365185677842047 0.035065566453612015 -0.039685107307274516 0.019379031870797508 -0.11053923479422718 -0.11240254893423898 -0.074103420406842133
leaf_weight=447.57835479080677 61.296629801392555 677.22372084856033 720.25130441784859 130.08498871326447 278.63753297924995 34.161599390208721 71.616044998168945
leaf_count=2711 295 3121 3247 812 2844 297 576
internal_value=-0.000493865 0.0201497 -0.00346137 0.0771764 -0.0918144 -0.0489597 -0.103321
internal_weight=2420.85 1975.14 1397.48 577.663 445.712 95.4582 350.254
internal_count=13903 9891 6368 3523 4012 592 3420
is_linear=0
shrinkage=0.1


Tree=16
num_leaves=8
num_cat=0
split_feature=11 0 22 20 10 6 9
split_gain=396.822 251.629 192.331 80.5008 21.5004 21.8344 7.0236
threshold=1.0000000180025095e-35 1.0000000180025095e-35 1.0000000180025095e-35 1.0000000180025095e-35 1.0000000180025095e-35 1.0000000180025095e-35 1.0000000180025095e-35
decision_type=2 2 2 2 2 2 2
left_child=1 2 -1 -3 5 -2 -6
right_child=4 3 -4 -5 6 -7 -8
leaf_value=-0.051291734046873198 -0.013943210905564725 -0.11002841957890092 0.056251932261353992 -0.018076696996015464 -0.10908299619845714 -0.11973044881223611 -0.070593030267758192
leaf_weight=192.37104593217373 65.419720739126205 120.84219847619534 1194.1900722384453 438.18890193104744 255.32797122001648 26.999235346913338 67.905000686645508
leaf_count=849 403 582 6567 1893 2844 189 576
internal_value=-0.000480677 0.0184775 0.0413051 -0.0381143 -0.089052 -0.0457987 -0.10124
internal_weight=2361.24 1945.59 1386.56 559.031 415.652 92.419 323.233
internal_count=13903 9891 7416 2475 4012 592 3420
is_linear=0
shrinkage=0.1


Tree=17
num_leaves=8
num_cat=0
split_feature=11 3 6 33 10 3 9
split_gain=344.309 230.226 162.851 140.61 21.708 21.8029 7.45677
threshold=1.0000000180025095e-35 1.0000000180025095e-35 1.0000000180025095e-35 1.0000000180025095e-35 1.0000000180025095e-35 1.0000000180025095e-35 1.0000000180025095e-35
decision_type=2 2 2 2 2 2 2
left_child=1 3 -3 -1 5 -2 -6
right_child=4 2 -4 -5 6 -7 -8
leaf_value=-0.068678102644692846 -0.0069346587364635453 0.013493111789832335 -0.071485009576668618 0.064865973934741444 -0.10775973218002864 -0.10999098918772628 -0.067159999969337802
leaf_weight=86.116805925965309 59.695037677884102 630.05743879079819 350.01524516940117 846.68604311347008 233.73411932587624 30.407567672431469 64.470996379852295
leaf_count=388 295 3306 1621 4576 2844 297 576
internal_value=-0.000495965 0.0169424 -0.0168972 0.0524768 -0.0862232 -0.0425394 -0.099236
internal_weight=2301.18 1912.88 980.073 932.803 388.308 90.1026 298.205
internal_count=13903 9891 4927 4964 4012 592 3420
is_linear=0
shrinkage=0.1


Tree=18
num_leaves=8
num_cat=0
split_feature=12 22 33 31 10 11 28
split_gain=303.458 218.526 205.458 95.4926 203.019 108.148 54.1615
threshold=1.0000000180025095e-35 1.0000000180025095e-35 1.0000000180025095e-35 1.0000000180025095e-35 1.0000000180025095e-35 1.0000000180025095e-35 1.0000000180025095e-35
decision_type=2 2 2 2 2 2 2
left_child=1 6 -3 4 -2 -5 -1
right_child=3 2 -4 5 -6 -7 -8
leaf_value=-0.014886085297187955 0.049507516112731111 -0.075427673945068496 0.045318027165826905 -0.28231633759262603 -0.1083460891928969 -0.086722823602707097 -0.10945216196309458
leaf_weight=107.34964348375797 142.68351994454861 156.23509500920773 1364.1986488252878 37.146106526255608 187.53128045797348 115.68349735438824 139.04193404316902
leaf_count=494 802 693 7480 177 2333 1281 643
internal_value=-0.000503879 0.0187051 0.0328691 -0.070658 -0.0401951 -0.135789 -0.0684777
internal_weight=2249.87 1766.83 1520.43 483.044 330.215 152.83 246.392
internal_count=13903 9310 8173 4593 3135 1458 1137
is_linear=0
shrinkage=0.1


Tree=19
num_leaves=8
num_cat=0
split_feature=11 40 70 1 10 6 9
split_gain=263.41 214.403 137.779 120.789 19.1841 20.5127 8.9436
threshold=1.0000000180025095e-35 1.0000000180025095e-35 1.0000000180025095e-35 1.0000000180025095e-35 1.0000000180025095e-35 1.0000000180025095e-35 1.0000000180025095e-35
decision_type=2 2 2 2 2 2 2
left_child=1 2 -1 -3 5 -2 -6
right_child=4 3 -4 -5 6 -7 -8
leaf_value=-0.048617411373569473 -0.0096332319517419274 0.032474196994493651 0.05635663364829812 -0.05288596433049117 -0.10548208895682171 -0.11615311127464301 -0.058520047896914597
leaf_weight=143.09020684659481 63.260912790894508 240.47068709135056 953.79541681706905 528.77279855310917 196.24497807025909 24.430153198540211 56.7115159034729
leaf_count=648 403 1076 5807 2360 2844 189 576
internal_value=-0.000510985 0.0142614 0.0426308 -0.0261943 -0.0812414 -0.040284 -0.0952253
internal_weight=2206.78 1866.13 1096.89 769.243 340.648 87.6911 252.956
internal_count=13903 9891 6455 3436 4012 592 3420
is_linear=0
shrinkage=0.1


Tree=20
num_leaves=8
num_cat=0
split_feature=11 3 36 6 10 3 9
split_gain=228.488 194.54 124.795 117.876 19.2014 20.9804 9.31564
threshold=1.0000000180025095e-35 1.0000000180025095e-35 1.0000000180025095e-35 1.0000000180025095e-35 1.0000000180025095e-35 1.0000000180025095e-35 1.0000000180025095e-35
decision_type=2 2 2 2 2 2 2
left_child=1 2 -1 -3 5 -2 -6
right_child=4 3 -4 -5 6 -7 -8
leaf_value=0.065903329513378336 -0.0030957024565381238 0.0080297733004790883 -0.026419992878165162 -0.065330748541344935 -0.1044372925032931 -0.10812016282837911 -0.055338323726368238
leaf_weight=702.98781557381153 58.412643313407898 608.12125860154629 184.26364190876484 341.15923941135406 179.26548430323601 27.249820791184902 54.167676880955696
leaf_count=4195 295 3306 769 1621 2844 297 576
internal_value=-0.000500579 0.0130817 0.0467215 -0.0183761 -0.0784691 -0.0373668 -0.0933286
internal_weight=2155.63 1836.53 887.251 949.28 319.096 85.6625 233.433
internal_count=13903 9891 4964 4927 4012 592 3420
is_linear=0
shrinkage=0.1


Tree=21
num_leaves=8
num_cat=0
split_feature=54 10 33 16 3 23 9
split_gain=202.106 121.884 132.577 107.101 68.6189 68.0766 2.84733
threshold=1.0000000180025095e-35 1.0000000180025095e-35 1.0000000180025095e-35 1.0000000180025095e-35 1.0000000180025095e-35 1.0000000180025095e-35 1.0000000180025095e-35
decision_type=2 2 2 2 2 2 2
left_child=3 2 -2 5 -5 -1 -3
right_child=1 6 -4 4 -6 -7 -8
leaf_value=-0.058083746251056972 -0.089865289151730504 -0.10428752761027758 0.0030066812906868806 0.052007704447372086 -0.076887590403053471 0.094552144433595636 -0.069802412522570551
leaf_weight=31.268166944384575 174.86606226116419 135.54028702154756 1219.5842039883137 78.39793274924159 85.138904556632042 343.70289088785648 40.418509557843208
leaf_count=127 785 2355 6098 745 760 2584 449
internal_value=-0.000493135 -0.0186234 -0.00869565 0.0523151 -0.0151559 0.0817035 -0.0968054
internal_weight=2108.92 1570.41 1394.45 538.508 163.537 374.971 175.959
internal_count=13903 9687 6883 4216 1505 2711 2804
is_linear=0
shrinkage=0.1


Tree=22
num_leaves=7
num_cat=0
split_feature=10 35 3 31 9 31
split_gain=178.466 167.555 164.373 41.8429 10.1561 29.0438
threshold=1.0000000180025095e-35 1.0000000180025095e-35 1.0000000180025095e-35 1.0000000180025095e-35 1.0000000180025095e-35 1.0000000180025095e-35
decision_type=2 2 2 2 2 2
left_child=1 2 -1 -3 -2 -6
right_child=4 3 -4 -5 5 -7
leaf_value=0.054664870664887968 -0.10267795188805205 -0.031855048782561256 -0.0095940068706592725 -0.11177609198155128 -0.10140745649922492 0.058403321802574154
leaf_weight=776.00010297447443 151.48480418324471 175.77963550388813 815.75015018880367 104.5956766679883 33.298113100230694 16.21972331404686
leaf_count=4678 2844 854 4441 510 389 187
internal_value=-0.00044593 0.00918481 0.0217477 -0.0619614 -0.0897475 -0.048941
internal_weight=2073.13 1872.13 1591.75 280.375 201.003 49.5178
internal_count=13903 10483 9119 1364 3420 576
is_linear=0
shrinkage=0.1


Tree=23
num_leaves=8
num_cat=0
split_feature=54 22 11 16 23 3 28
split_gain=164.642 102.44 136.43 90.1822 60.8927 52.4148 27.5155
threshold=1.0000000180025095e-35 1.0000000180025095e-35 1.0000000180025095e-35 1.0000000180025095e-35 1.0000000180025095e-35 1.0000000180025095e-35 1.0000000180025095e-35
decision_type=2 2 2 2 2 2 2
left_child=3 6 -3 4 -1 -5 -2
right_child=1 2 -4 5 -6 -7 -8
leaf_value=-0.05459108317880227 -0.043900374518314897 0.0066918527302621865 -0.079015658538077585 0.04778006839428281 0.090380613236035509 -0.066333801153057426 -0.12329254086967711
leaf_weight=31.218841210007668 81.235922582447529 1130.4805346354842 221.20791186764836 74.286758750677109 317.21574994921684 85.556494005024433 97.737733602523804
leaf_count=127 381 5511 3319 745 2584 760 476
internal_value=-0.000447444 -0.0168249 -0.00738249 0.0488088 0.0772725 -0.0133323 -0.0877007
internal_weight=2038.94 1530.66 1351.69 508.278 348.435 159.843 178.974
internal_count=13903 9687 8830 4216 2711 1505 857
is_linear=0
shrinkage=0.1


Tree=24
num_leaves=7
num_cat=0
split_feature=10 42 20 63 9 31
split_gain=143.169 142.639 111.054 94.5863 11.1421 27.1445
threshold=1.0000000180025095e-35 1.0000000180025095e-35 1.0000000180025095e-35 1.0000000180025095e-35 1.0000000180025095e-35 1.0000000180025095e-35
decision_type=2 2 2 2 2 2
left_child=1 3 -3 -1 -2 -6
right_child=4 2 -4 -5 5 -7
leaf_value=0.0040302756538627676 -0.1012523895197536 -0.086198797928268164 -0.0016922279083134751 0.068004200946576665 -0.098703605498799668 0.059494163135646351
leaf_weight=469.99328396469355 130.34539480134845 198.6145890429616 703.97489200159907 453.96196668595076 29.145933859050274 16.113277845084667
leaf_count=2712 2844 993 3325 3453 389 187
internal_value=-0.000408539 0.00790024 -0.0203627 0.0355018 -0.0863874 -0.0423131
internal_weight=2002.15 1826.54 902.589 923.955 175.605 45.2592
internal_count=13903 10483 4318 6165 3420 576
is_linear=0
shrinkage=0.1


end of trees

feature_importances:
yr_lt=_0.5=29
hr_lt=_5.5=24
hr_lt=_6.5=22
hr_lt=_0.5=20
hr_lt=_21.5=7
hr_lt=_22.5=7
mnth_lt=_4.5=5
workingday_lt=_0.5=5
weathersit_lt=_2.5=5
atemp_lt=_0.5985000133514404=5
season_lt=_1.5=4
hr_lt=_19.5=4
hr_lt=_11.5=3
hr_lt=_20.5=3
weekday_lt=_3.5=3
temp_lt=_0.3100000023841858=3
temp_lt=_0.45000000298023224=3
temp_lt=_0.4299999922513962=2
temp_lt=_0.4699999988079071=2
hum_lt=_0.7450000047683716=2
season_lt=_2.5=1
hr_lt=_7.5=1
temp_lt=_0.26999999582767487=1
temp_lt=_0.3700000047683716=1
temp_lt=_0.4099999964237213=1
temp_lt=_0.48999999463558197=1
atemp_lt=_0.31059999763965607=1
atemp_lt=_0.3409000039100647=1
hum_lt=_0.625=1
hum_lt=_0.7950000166893005=1
hum_lt=_0.8149999976158142=1
hum_lt=_0.8349999785423279=1

parameters:
[boosting: gbdt]
[objective: binary]
[metric: binary_logloss]
[tree_learner: serial]
[device_type: cpu]
[data_sample_strategy: bagging]
[data: ]
[valid: ]
[num_iterations: 25]
[learning_rate: 0.1]
[num_leaves: 31]
[num_threads: 8]
[seed: 42]
[deterministic: 0]
[force_col_wise: 0]
[force_row_wise: 0]
[histogram_pool_size: -1]
[max_depth: 3]
[min_data_in_leaf: 20]
[min_sum_hessian_in_leaf: 0.001]
[bagging_fraction: 1]
[pos_bagging_fraction: 1]
[neg_bagging_fraction: 1]
[bagging_freq: 0]
[bagging_seed: 400]
[bagging_by_query: 0]
[feature_fraction: 1]
[feature_fraction_bynode: 1]
[feature_fraction_seed: 30056]
[extra_trees: 0]
[extra_seed: 12879]
[early_stopping_round: 0]
[early_stopping_min_delta: 0]
[first_metric_only: 0]
[max_delta_step: 0]
[lambda_l1: 0]
[lambda_l2: 1]
[linear_lambda: 0]
[min_gain_to_split: 0]
[drop_rate: 0.1]
[max_drop: 50]
[skip_drop: 0.5]
[xgboost_dart_mode: 0]
[uniform_drop: 0]
[drop_seed: 17869]
[top_rate: 0.2]
[other_rate: 0.1]
[min_data_per_group: 100]
[max_cat_threshold: 32]
[cat_l2: 10]
[cat_smooth: 10]
[max_cat_to_onehot: 4]
[top_k: 20]
[monotone_constraints: ]
[monotone_constraints_method: basic]
[monotone_penalty: 0]
[feature_contri: ]
[forcedsplits_filename: ]
[refit_decay_rate: 0.9]
[cegb_tradeoff: 1]
[cegb_penalty_split: 0]
[cegb_penalty_feature_lazy: ]
[cegb_penalty_feature_coupled: ]
[path_smooth: 0]
[interaction_constraints: ]
[verbosity: -1]
[saved_feature_importance_type: 0]
[use_quantized_grad: 0]
[num_grad_quant_bins: 4]
[quant_train_renew_leaf: 0]
[stochastic_rounding: 1]
[linear_tree: 0]
[max_bin: 255]
[max_bin_by_feature: ]
[min_data_in_bin: 3]
[bin_construct_sample_cnt: 200000]
[data_random_seed: 175]
[is_enable_sparse: 1]
[enable_bundle: 1]
[use_missing: 1]
[zero_as_missing: 0]
[feature_pre_filter: 1]
[pre_partition: 0]
[two_round: 0]
[header: 0]
[label_column: ]
[weight_column: ]
[group_column: ]
[ignore_column: ]
[categorical_feature: ]
[forcedbins_filename: ]
[precise_float_parser: 0]
[parser_config_file: ]
[objective_seed: 16083]
[num_class: 1]
[is_unbalance: 0]
[scale_pos_weight: 1]
[sigmoid: 1]
[boost_from_average: 1]
[reg_sqrt: 0]
[alpha: 0.9]
[fair_c: 1]
[poisson_max_delta_step: 0.7]
[tweedie_variance_power: 1.5]
[lambdarank_truncation_level: 30]
[lambdarank_norm: 1]
[label_gain: ]
[lambdarank_position_bias_regularization: 0]
[eval_at: ]
[multi_error_top_k: 1]
[auc_mu_weights: ]
[num_machines: 1]
[local_listen_port: 12400]
[time_out: 120]
[machine_list_filename: ]
[machines: ]
[gpu_platform_id: -1]
[gpu_device_id: -1]
[gpu_use_dp: 0]
[num_gpu: 1]

end of parameters

pandas_categorical:[]
