tree
version=v4
num_class=1
num_tree_per_iteration=1
label_index=0
max_feature_idx=27
objective=binary sigmoid:1
feature_names=V1_lt=_1.9643386602401733 V1_lt=_1.9693114161491394 V4_lt=_-0.45784682035446167 V4_lt=_-0.18713511526584625 V4_lt=_-0.09944503754377365 V4_lt=_-0.07750282809138298 V4_lt=_0.7523619830608368 V4_lt=_0.7563583552837372 V4_lt=_1.5319359302520752 V4_lt=_1.574686348438263 V7_lt=_0.6948569118976593 V7_lt=_2.128561854362488 V7_lt=_2.2519283294677734 V8_lt=_-0.11756034195423126 V10_lt=_-1.3339875936508179 V10_lt=_0.651888370513916 V12_lt=_-1.458900511264801 V12_lt=_-0.21973402053117752 V12_lt=_-0.21491257101297379 V14_lt=_-1.812438189983368 V14_lt=_-1.786939561367035 V14_lt=_-1.7585361003875732 V14_lt=_-1.5734373927116394 V14_lt=_-0.6934647560119629 V14_lt=_-0.6369412541389465 V26_lt=_-0.12887096405029297 Amount_lt=_-0.14890162646770477 V10_lt=_-3.774082899093628
feature_infos=[0:1] [0:1] [0:1] [0:1] [0:1] [0:1] [0:1] [0:1] [0:1] [0:1] [0:1] [0:1] [0:1] [0:1] [0:1] [0:1] [0:1] [0:1] [0:1] [0:1] [0:1] [0:1] [0:1] [0:1] [0:1] [0:1] [0:1] [0:1]
tree_sizes=923 1028 1029 1030 1032 1023 1028 1034 1035 1036 1035 1037 1032 1034 1031 1034 1038 1034 1033 1037 1038 1037 1040 1043 1042

Tree=0
num_leaves=8
num_cat=0
split_feature=19 7 17 2 16 10 1
split_gain=263206 9858.31 8356.78 6196.26 2464.95 1219.39 33.5986
threshold=1.0000000180025095e-35 1.0000000180025095e-35 1.0000000180025095e-35 1.0000000180025095e-35 1.0000000180025095e-35 1.0000000180025095e-35 1.0000000180025095e-35
decision_type=2 2 2 2 2 2 2
left_child=1 2 -1 4 -2 -3 -5
right_child=3 5 -4 6 -6 -7 -8
leaf_value=-0.14828986974454758 0.11613807755613105 -0.14858601151554227 0.0037627075704095335 -0.12395338028571112 0.19946860469009864 -0.19361891981123971 -0.19362386000974516
leaf_weight=8913 3935 7752.5 6079.75 95 36729.25 27115.75 360
leaf_count=35652 15740 31010 24319 380 146917 108463 1440
internal_value=5.49691e-06 -0.154453 -0.0866345 0.187301 0.191408 -0.183611 -0.179381
internal_weight=90980.2 49861 14992.8 41119.2 40664.2 34868.2 455
internal_count=363921 199444 59971 164477 162657 139473 1820
is_linear=0
shrinkage=1


Tree=1
num_leaves=8
num_cat=0
split_feature=20 7 17 2 0 10 1
split_gain=215126 8065.28 6730.31 5353.19 2312.09 1014.53 27.1768
threshold=1.0000000180025095e-35 1.0000000180025095e-35 1.0000000180025095e-35 1.0000000180025095e-35 1.0000000180025095e-35 1.0000000180025095e-35 1.0000000180025095e-35
decision_type=2 2 2 2 2 2 2
left_child=1 2 -1 4 -2 -3 -5
right_child=3 5 -4 6 -6 -7 -8
leaf_value=-0.13435350038703772 -0.13529260083261138 -0.13479345375848104 0.0025094080049966362 -0.11459888451931058 0.17564228157911319 -0.17604389969049017 -0.1758964873873253
leaf_weight=8854.4836159497499 239.89784660935402 7691.469309926033 6046.2287373095751 99.589460492134094 40115.688024997711 26832.73513674736 376.24342161417007
leaf_count=35613 963 30936 24185 400 161965 108340 1519
internal_value=3.45174e-06 -0.140319 -0.0788225 0.169858 0.173791 -0.166858 -0.163334
internal_weight=90256.3 49424.9 14900.7 40831.4 40355.6 34524.2 475.833
internal_count=363921 199074 59798 164847 162928 139276 1919
is_linear=0
shrinkage=0.1


Tree=2
num_leaves=8
num_cat=0
split_feature=21 8 4 13 23 15 26
split_gain=178476 6996.68 4876.33 4285.21 2839.76 1866 766.655
threshold=1.0000000180025095e-35 1.0000000180025095e-35 1.0000000180025095e-35 1.0000000180025095e-35 1.0000000180025095e-35 1.0000000180025095e-35 1.0000000180025095e-35
decision_type=2 2 2 2 2 2 2
left_child=1 3 5 -1 -3 -2 -4
right_child=2 4 6 -5 -6 -7 -8
leaf_value=-0.10046572379035862 -0.2314577090064549 -0.155473646371598 0.031004439410835107 0.064772626421971305 -0.085257745069723723 0.16278896610747851 -0.16426563807393618
leaf_weight=3799.4568816125393 119.59342855215073 35077.300534069538 342.17551612854004 2672.6540672779083 6896.4350739121437 38999.234708547592 485.58971345424652
leaf_count=15372 489 144309 1405 10755 28274 161322 1995
internal_value=1.31061e-05 -0.129017 0.156495 -0.0322312 -0.143939 0.161578 -0.0836063
internal_weight=88392.4 48445.8 39946.6 6472.11 41973.7 39118.8 827.765
internal_count=363921 198710 165211 26127 172583 161811 3400
is_linear=0
shrinkage=0.1


Tree=3
num_leaves=8
num_cat=0
split_feature=19 6 24 16 9 10 15
split_gain=149583 6620.43 6268.29 3743.64 2771.39 960.643 279.519
threshold=1.0000000180025095e-35 1.0000000180025095e-35 1.0000000180025095e-35 1.0000000180025095e-35 1.0000000180025095e-35 1.0000000180025095e-35 1.0000000180025095e-35
decision_type=2 2 2 2 2 2 2
left_child=1 2 -1 4 -2 -3 -5
right_child=3 5 -4 6 -6 -7 -8
leaf_value=-0.098956264160574792 0.1323841629647613 -0.11202129976743563 0.055594435274805766 -0.18503903658367771 -0.031222313952794678 -0.1530077426305235 0.1579098204273898
leaf_weight=11251.117182508111 2254.1738600283861 7403.4789189696312 3421.745564609766 22.993988305330276 1913.6202705353498 25352.337446585298 34199.877774327993
leaf_count=46266 9482 30959 13907 95 7975 108312 146925
internal_value=3.59695e-05 -0.118742 -0.0629134 0.146776 0.0572757 -0.143748 0.157674
internal_weight=85819.3 47428.7 14672.9 38390.7 4167.79 32755.8 34222.9
internal_count=363921 199444 60173 164477 17457 139271 147020
is_linear=0
shrinkage=0.1


Tree=4
num_leaves=8
num_cat=0
split_feature=22 6 5 18 16 12 14
split_gain=126534 5362.86 5134.4 4690.73 1736.87 987.134 682.915
threshold=1.0000000180025095e-35 1.0000000180025095e-35 1.0000000180025095e-35 1.0000000180025095e-35 1.0000000180025095e-35 1.0000000180025095e-35 1.0000000180025095e-35
decision_type=2 2 2 2 2 2 2
left_child=1 3 4 -1 -2 -3 -4
right_child=2 5 6 -5 -6 -7 -8
leaf_value=-0.10991792158690371 0.078907658421559126 0.00020452378264676293 -0.13804816200082684 0.0072309738076142107 0.14934187624395265 -0.13843195351271284 0.035394416618867656
leaf_weight=8308.6625199913979 3925.8567477762699 522.39295092225075 712.99314293265343 5805.9146293848753 32634.653843849897 30486.16368933022 332.33460986614227
leaf_count=35186 16709 2246 3030 23394 146944 135023 1389
internal_value=6.382e-05 -0.112837 0.135533 -0.0617326 0.141781 -0.136096 -0.0829255
internal_weight=82729 45123.1 37605.8 14114.6 36560.5 31008.6 1045.33
internal_count=363921 195849 168072 58580 163653 137269 4419
is_linear=0
shrinkage=0.1


Tree=5
num_leaves=8
num_cat=0
split_feature=19 9 13 16 24 9 15
split_gain=107661 5450.72 3207.84 3128.02 2510 2222.74 228.588
threshold=1.0000000180025095e-35 1.0000000180025095e-35 1.0000000180025095e-35 1.0000000180025095e-35 1.0000000180025095e-35 1.0000000180025095e-35 1.0000000180025095e-35
decision_type=2 2 2 2 2 2 2
left_child=1 2 -1 5 -3 -2 -5
right_child=3 4 -4 6 -6 -7 -8
leaf_value=-0.077700671565932272 0.1183611380416148 -0.12979273822656442 0.06844179690920911 -0.17385368560398026 -0.06431300724362643 -0.030669946248129038 0.14241915769602662
leaf_weight=3556.5939514040947 2129.5149398893118 30967.815491661429 2598.4230603426695 22.07159748673439 7222.5369352549314 1886.6654707640409 30887.94022628665
leaf_count=14906 9482 142187 10528 95 31823 7975 146925
internal_value=8.61375e-05 -0.103337 -0.0160036 0.1314 -0.117411 0.0483612 0.142188
internal_weight=79271.6 44345.4 6155.02 34926.2 38190.4 4016.18 30910
internal_count=363921 199444 25434 164477 174010 17457 147020
is_linear=0
shrinkage=0.1


Tree=6
num_leaves=8
num_cat=0
split_feature=22 6 4 24 15 11 25
split_gain=92251.2 4782.6 4064.31 4057.42 1633.76 940 564.173
threshold=1.0000000180025095e-35 1.0000000180025095e-35 1.0000000180025095e-35 1.0000000180025095e-35 1.0000000180025095e-35 1.0000000180025095e-35 1.0000000180025095e-35
decision_type=2 2 2 2 2 2 2
left_child=1 3 4 -1 -2 -3 -4
right_child=2 5 6 -5 -6 -7 -8
leaf_value=-0.079471741922746808 -0.20668756474517802 0.0052092865061385924 -0.15290038999564751 0.052399669986986003 0.13031590914878366 -0.12525957132067922 -0.0020390214870467964
leaf_weight=10603.20043811202 143.63564516603947 563.38489674031734 489.61066840589046 2990.5898171365261 32728.604079216719 27676.578148767352 501.10911229252815
leaf_count=46266 584 2521 2157 12314 163152 134748 2179
internal_value=0.000123357 -0.0991978 0.122822 -0.0504587 0.128837 -0.122657 -0.0766732
internal_weight=75696.7 41833.8 33863 13593.8 32872.2 28240 990.72
internal_count=363921 195849 168072 58580 163736 137269 4336
is_linear=0
shrinkage=0.1


Tree=7
num_leaves=8
num_cat=0
split_feature=21 6 18 16 9 10 15
split_gain=79118.4 4836.15 4188.69 3148.4 1890.84 1072.64 179.723
threshold=1.0000000180025095e-35 1.0000000180025095e-35 1.0000000180025095e-35 1.0000000180025095e-35 1.0000000180025095e-35 1.0000000180025095e-35 1.0000000180025095e-35
decision_type=2 2 2 2 2 2 2
left_child=1 2 -1 4 -2 -3 -5
right_child=3 5 -4 6 -6 -7 -8
leaf_value=-0.091477426529745068 0.10478641667387903 -0.080136035155397509 0.020121551676223148 -0.15300103173012861 -0.033747519079493554 -0.12710432156244683 0.13208649818377421
leaf_weight=7768.4011516571045 1989.6465542465448 6361.3597948402166 5929.8784774541855 21.345153048634529 1949.9875060617924 20732.847521588206 27310.962197005749
leaf_count=35582 9675 30818 24262 97 8443 108048 146996
internal_value=0.000142538 -0.091598 -0.0431692 0.119812 0.0362256 -0.11608 0.131858
internal_weight=72064.4 40792.5 13698.3 31271.9 3939.63 27094.2 27332.3
internal_count=363921 198710 59844 165211 18118 138866 147093
is_linear=0
shrinkage=0.1


Tree=8
num_leaves=8
num_cat=0
split_feature=22 6 16 24 9 3 15
split_gain=68346.9 4144.16 3589.42 3345.8 1894.23 974.922 184.147
threshold=1.0000000180025095e-35 1.0000000180025095e-35 1.0000000180025095e-35 1.0000000180025095e-35 1.0000000180025095e-35 1.0000000180025095e-35 1.0000000180025095e-35
decision_type=2 2 2 2 2 2 2
left_child=1 3 4 -1 -2 -3 -4
right_child=2 5 6 -5 -6 -7 -8
leaf_value=-0.069936146444177741 0.10107553826016674 -0.088579857438203513 -0.14690172308216679 0.05061213531987957 -0.029906661451364981 -0.12847521311782836 0.12796404241548395
leaf_weight=10171.015739038587 2042.6896707266569 10496.189834326506 23.613334000110626 2975.1897700577974 2400.7542105019093 14751.508007466793 25525.748547777534
leaf_count=46266 10250 57266 112 12314 10452 80003 147258
internal_value=0.000171044 -0.088187 0.113278 -0.0426524 0.0303162 -0.111894 0.127704
internal_weight=68386.7 38393.9 29992.8 13146.2 4443.44 25247.7 25549.4
internal_count=363921 195849 168072 58580 20702 137269 147370
is_linear=0
shrinkage=0.1


Tree=9
num_leaves=8
num_cat=0
split_feature=22 6 16 18 9 10 15
split_gain=58979.1 3891.01 3406.27 3214.09 1611.45 1045.67 162.009
threshold=1.0000000180025095e-35 1.0000000180025095e-35 1.0000000180025095e-35 1.0000000180025095e-35 1.0000000180025095e-35 1.0000000180025095e-35 1.0000000180025095e-35
decision_type=2 2 2 2 2 2 2
left_child=1 3 4 -1 -2 -3 -4
right_child=2 5 6 -5 -6 -7 -8
leaf_value=-0.083150207599282655 0.09538368024364996 -0.069813852154624642 -0.14004216456193824 0.017284250092956071 -0.0269177209178732 -0.11897321649339346 0.12443818151965509
leaf_weight=7258.7069892734289 1952.9099220633507 5693.4928934723139 22.404215782880783 5678.3011912107468 2400.7065323293209 18099.574393674731 23717.109927818179
leaf_count=35186 10250 30208 112 23394 10452 107061 147258
internal_value=0.000206124 -0.0832135 0.109271 -0.0390697 0.0279526 -0.107213 0.124183
internal_weight=64823.2 36730.1 28093.1 12937 4353.62 23793.1 23739.5
internal_count=363921 195849 168072 58580 20702 137269 147370
is_linear=0
shrinkage=0.1


Tree=10
num_leaves=8
num_cat=0
split_feature=22 5 18 16 9 11 2
split_gain=51027.3 3870.73 4300.58 3248.7 1372.64 477.426 154.714
threshold=1.0000000180025095e-35 1.0000000180025095e-35 1.0000000180025095e-35 1.0000000180025095e-35 1.0000000180025095e-35 1.0000000180025095e-35 1.0000000180025095e-35
decision_type=2 2 2 2 2 2 2
left_child=1 2 -1 4 -2 -3 -5
right_child=3 5 -4 6 -6 -7 -8
leaf_value=-0.086176976257759205 0.090098686715632537 -0.001057172500324077 0.0072921041551557335 0.12144978904030863 -0.024234986670509228 -0.12253195442823653 -0.10736877676013695
leaf_weight=13357.791348800063 1865.3889419585466 331.45291966199875 7794.6445211023092 21962.290352523327 2399.9570972025394 13588.628035858274 28.870219424366951
leaf_count=74113 10250 1647 35915 147230 10452 84174 140
internal_value=0.000233379 -0.0786887 -0.051735 0.105654 0.0257766 -0.11964 0.121145
internal_weight=61329 35072.5 21152.4 26256.5 4265.35 13920.1 21991.2
internal_count=363921 195849 110028 168072 20702 85821 147370
is_linear=0
shrinkage=0.1


Tree=11
num_leaves=8
num_cat=0
split_feature=19 5 24 14 9 11 2
split_gain=44214.2 4074.68 4800.15 2478.53 1154.6 440.573 269.504
threshold=1.0000000180025095e-35 1.0000000180025095e-35 1.0000000180025095e-35 1.0000000180025095e-35 1.0000000180025095e-35 1.0000000180025095e-35 1.0000000180025095e-35
decision_type=2 2 2 2 2 2 2
left_child=1 2 -1 4 -2 -3 -5
right_child=3 5 -4 6 -6 -7 -8
leaf_value=-0.071098905421607669 0.078656686697101519 -0.0036930810979676175 0.042212332624977728 0.11701248136315281 -0.056351548462189954 -0.11892235307970433 -0.11614572696599978
leaf_weight=16285.102698937058 1277.6372483968735 340.68328653275967 4851.8025313615799 21123.178776279092 1254.3954588025808 12835.886376351118 48.942407175898552
leaf_count=89726 7952 1692 22697 150747 5557 85329 221
internal_value=0.000256664 -0.0722998 -0.0450885 0.105286 0.0117764 -0.115944 0.116468
internal_weight=58017.6 34313.5 21136.9 23704.2 2532.03 13176.6 21172.1
internal_count=363921 199444 112423 164477 13509 87021 150968
is_linear=0
shrinkage=0.1


Tree=12
num_leaves=8
num_cat=0
split_feature=19 5 18 16 15 11 15
split_gain=38345.3 3896.97 4046.6 2451.12 1020.56 419.874 115.687
threshold=1.0000000180025095e-35 1.0000000180025095e-35 1.0000000180025095e-35 1.0000000180025095e-35 1.0000000180025095e-35 1.0000000180025095e-35 1.0000000180025095e-35
decision_type=2 2 2 2 2 2 2
left_child=1 2 -1 4 -2 -3 -5
right_child=3 5 -4 6 -6 -7 -8
leaf_value=-0.076770453584320025 -0.17116219683396075 -0.0033305428889202349 0.014170813083062984 -0.13506611008471797 0.039181498119422752 -0.11602420411811137 0.11665283577289567
leaf_weight=12669.702337130904 248.1703272163868 340.13014389574528 7970.5800943523645 17.490090399980545 3106.8634289950132 11889.569172367454 18680.020607531071
leaf_count=75287 1148 1692 37136 95 16309 85329 146925
internal_value=0.00027888 -0.0681605 -0.041653 0.102288 0.0235761 -0.112891 0.11641
internal_weight=54922.5 32870 20640.3 22052.5 3355.03 12229.7 18697.5
internal_count=363921 199444 112423 164477 17457 87021 147020
is_linear=0
shrinkage=0.1


Tree=13
num_leaves=8
num_cat=0
split_feature=22 5 24 16 15 11 15
split_gain=33403 3403.64 3529.75 2856.93 1054.55 414.573 124.12
threshold=1.0000000180025095e-35 1.0000000180025095e-35 1.0000000180025095e-35 1.0000000180025095e-35 1.0000000180025095e-35 1.0000000180025095e-35 1.0000000180025095e-35
decision_type=2 2 2 2 2 2 2
left_child=1 2 -1 4 -2 -3 -5
right_child=3 5 -4 6 -6 -7 -8
leaf_value=-0.063739228369253192 -0.15594720920618713 -0.0002538517986731107 0.039116410794453528 -0.13287379894835047 0.035354362914054659 -0.11399407421137836 0.11452411823336286
leaf_weight=15318.784039735794 311.61823077499866 330.27219706773758 4264.7058008462191 19.516782104969025 3683.5983114242554 10789.198487825692 17254.424614578485
leaf_count=89726 1545 1647 20302 112 19157 84174 147258
internal_value=0.00029315 -0.0664317 -0.0413395 0.0966119 0.020398 -0.110616 0.114237
internal_weight=51972.1 30703 19583.5 21269.2 3995.22 11119.5 17273.9
internal_count=363921 195849 110028 168072 20702 85821 147370
is_linear=0
shrinkage=0.1


Tree=14
num_leaves=8
num_cat=0
split_feature=14 5 24 3 11 16 3
split_gain=29216.6 4048.64 3993.4 2540.8 594.369 418.453 77.0099
threshold=1.0000000180025095e-35 1.0000000180025095e-35 1.0000000180025095e-35 1.0000000180025095e-35 1.0000000180025095e-35 1.0000000180025095e-35 1.0000000180025095e-35
decision_type=2 2 2 2 2 2 2
left_child=1 2 -1 5 -5 -2 -3
right_child=3 6 -4 4 -6 -7 -8
leaf_value=-0.063097588669712337 0.05756390782187102 -0.079458184898138218 0.031605501691980842 0.12646591201908547 -0.082916877725625934 0.11420113423988382 -0.11367406679414534
leaf_weight=14449.945453777909 1424.9204283729196 719.06837983429432 6434.7693245857954 159.10208007693291 886.42561811208725 15850.13013651967 9306.807964220643
leaf_count=87808 7937 5765 32567 768 6748 145859 76469
internal_value=0.000310319 -0.0589968 -0.0339186 0.100371 -0.0509639 0.109533 -0.111228
internal_weight=49231.2 30910.6 20884.7 18320.6 1045.53 17275.1 10025.9
internal_count=363921 202609 120375 161312 7516 153796 82234
is_linear=0
shrinkage=0.1


Tree=15
num_leaves=8
num_cat=0
split_feature=14 9 2 3 13 16 10
split_gain=25431.7 3909.19 2307.21 1890.56 1376.23 590.32 173.225
threshold=1.0000000180025095e-35 1.0000000180025095e-35 1.0000000180025095e-35 1.0000000180025095e-35 1.0000000180025095e-35 1.0000000180025095e-35 1.0000000180025095e-35
decision_type=2 2 2 2 2 2 2
left_child=1 4 5 -3 -1 -2 -4
right_child=2 3 6 -5 -6 -7 -8
leaf_value=-0.023809259056592563 0.048610519219663709 -0.052564509330093094 -0.014217847250197497 -0.11145102985892051 0.072537857454856552 0.11231507012132616 -0.11168388524082924
leaf_weight=3622.5053809210658 1618.101632989943 14961.149729974568 305.55437336862087 8580.5313134714961 2508.2794252038002 14589.42904753238 452.44047440588474
leaf_count=19296 9129 94502 1894 76469 12342 146143 4146
internal_value=0.000327539 -0.0555093 0.0979829 -0.0740314 0.0156145 0.105958 -0.072465
internal_weight=46638 29672.5 16965.5 23541.7 6130.78 16207.5 757.995
internal_count=363921 202609 161312 170971 31638 155272 6040
is_linear=0
shrinkage=0.1


Tree=16
num_leaves=8
num_cat=0
split_feature=22 5 18 16 15 11 15
split_gain=22190.4 2979.55 3234.31 2418.25 827.677 408.136 101.113
threshold=1.0000000180025095e-35 1.0000000180025095e-35 1.0000000180025095e-35 1.0000000180025095e-35 1.0000000180025095e-35 1.0000000180025095e-35 1.0000000180025095e-35
decision_type=2 2 2 2 2 2 2
left_child=1 2 -1 4 -2 -3 -5
right_child=3 5 -4 6 -6 -7 -8
leaf_value=-0.067574024544354433 -0.14847961261555032 0.0076195023398808086 0.018052765128943833 -0.12770824281850013 0.032027545420045586 -0.10792466875109791 0.10971347659317797
leaf_weight=10915.962110444903 272.67799138277769 316.99987089633942 7401.7831272482872 17.174774073064327 3538.1189981848001 8486.7874064072967 13332.431319065392
leaf_count=74113 1545 1647 35915 112 19157 84174 147258
internal_value=0.000351574 -0.0559565 -0.0329751 0.0893429 0.019076 -0.103764 0.109398
internal_weight=44281.9 27121.5 18317.7 17160.4 3810.8 8803.79 13349.6
internal_count=363921 195849 110028 168072 20702 85821 147370
is_linear=0
shrinkage=0.1


Tree=17
num_leaves=8
num_cat=0
split_feature=14 5 24 6 26 16 2
split_gain=19578.7 3446.18 3243 1965.37 657.615 171.375 87.665
threshold=1.0000000180025095e-35 1.0000000180025095e-35 1.0000000180025095e-35 1.0000000180025095e-35 1.0000000180025095e-35 1.0000000180025095e-35 1.0000000180025095e-35
decision_type=2 2 2 2 2 2 2
left_child=1 2 -1 5 -5 -2 -3
right_child=3 6 -4 4 -6 -7 -8
leaf_value=-0.054685636198564119 0.065522798247569777 -0.085350750048416815 0.032568051121814358 0.039770983158750543 -0.092986587681948438 0.11028973454425317 -0.11066703812613575
leaf_weight=13305.479429237545 926.24565346539021 1788.6122435033321 6264.6122841536999 971.41571887582541 604.45306369662285 12022.319188967347 6124.847105845809
leaf_count=87808 5700 17816 32567 6797 5398 143417 64418
internal_value=0.000354465 -0.0492745 -0.0267545 0.0942608 -0.0111773 0.107093 -0.104957
internal_weight=42008 27483.6 19570.1 14524.4 1575.87 12948.6 7913.46
internal_count=363921 202609 120375 161312 12195 149117 82234
is_linear=0
shrinkage=0.1


Tree=18
num_leaves=8
num_cat=0
split_feature=14 3 23 6 26 16 2
split_gain=17036.6 3243.05 2844.14 1847.42 545.329 193.98 28.4448
threshold=1.0000000180025095e-35 1.0000000180025095e-35 1.0000000180025095e-35 1.0000000180025095e-35 1.0000000180025095e-35 1.0000000180025095e-35 1.0000000180025095e-35
decision_type=2 2 2 2 2 2 2
left_child=1 2 -1 5 -5 -2 -3
right_child=3 6 -4 4 -6 -7 -8
leaf_value=-0.051007252616479086 0.0606788996464106 -0.091255271809656882 0.031330534292253097 0.035570513492111072 -0.086254829371506858 0.10904083331476595 -0.10913009292525964
leaf_weight=13696.286667436361 901.5786454975605 1107.1592582762241 6046.603676840663 977.3047052025795 587.46884901821613 10996.496042974293 5616.0688546672463
leaf_count=94419 5700 12051 31721 6797 5398 143417 64418
internal_value=0.000367674 -0.0462197 -0.0257896 0.0919488 -0.0101927 0.105382 -0.106201
internal_weight=39929 26466.1 19742.9 13462.8 1564.77 11898.1 6723.23
internal_count=363921 202609 126140 161312 12195 149117 76469
is_linear=0
shrinkage=0.1


Tree=19
num_leaves=8
num_cat=0
split_feature=9 23 14 12 2 13 11
split_gain=14927.1 3004.43 2779.19 2304.39 1761.52 1117.2 257.649
threshold=1.0000000180025095e-35 1.0000000180025095e-35 1.0000000180025095e-35 1.0000000180025095e-35 1.0000000180025095e-35 1.0000000180025095e-35 1.0000000180025095e-35
decision_type=2 2 2 2 2 2 2
left_child=2 3 5 -2 -3 -1 -4
right_child=1 4 6 -5 -6 -7 -8
leaf_value=-0.017274506064945582 0.12370755857677916 0.025668954913940497 -0.16360686889703135 -0.085075003697841933 -0.10454730440995622 0.071615714728074556 0.10727492931376872
leaf_weight=3417.0224225819111 547.58130556344986 5675.1547802314162 34.391977168619633 14654.187483809888 1270.5898144245148 2410.5789268091321 9999.0613303482533
leaf_count=19296 2900 35264 156 142120 12519 12342 139324
internal_value=0.000380457 -0.0526521 0.074431 -0.0775468 0.00183678 0.0195008 0.10633
internal_weight=38008.6 22147.5 15861.1 15201.8 6945.74 5827.6 10033.5
internal_count=363921 192803 171118 145020 47783 31638 139480
is_linear=0
shrinkage=0.1


Tree=20
num_leaves=8
num_cat=0
split_feature=14 3 18 6 13 16 2
split_gain=13032 2963.95 2384.63 1602.32 745.946 236.809 30.1005
threshold=1.0000000180025095e-35 1.0000000180025095e-35 1.0000000180025095e-35 1.0000000180025095e-35 1.0000000180025095e-35 1.0000000180025095e-35 1.0000000180025095e-35
decision_type=2 2 2 2 2 2 2
left_child=1 2 -1 5 -5 -2 -3
right_child=3 6 -4 4 -6 -7 -8
leaf_value=-0.051897747045269144 0.051423741927278381 -0.087222983288378922 0.020161123437130821 -0.083956900898548931 0.056810642022552517 0.10691873429701736 -0.10673464355787138
leaf_weight=10907.782861106098 841.91639299690723 986.34811936318874 7930.832302570343 697.39438526332378 815.62927456945181 9222.2325216047466 4793.5423508808017
leaf_count=82912 5700 12051 43228 6709 5486 143417 64418
internal_value=0.000363311 -0.0407843 -0.0215624 0.0878585 -0.0080856 0.102282 -0.103421
internal_weight=36195.7 24618.5 18838.6 11577.2 1513.02 10064.1 5779.89
internal_count=363921 202609 126140 161312 12195 149117 76469
is_linear=0
shrinkage=0.1


Tree=21
num_leaves=8
num_cat=0
split_feature=9 24 15 11 2 14 13
split_gain=11359.9 2635.47 2554.99 1964.59 1499.76 804.64 525.604
threshold=1.0000000180025095e-35 1.0000000180025095e-35 1.0000000180025095e-35 1.0000000180025095e-35 1.0000000180025095e-35 1.0000000180025095e-35 1.0000000180025095e-35
decision_type=2 2 2 2 2 2 2
left_child=2 3 6 -2 -3 -4 -1
right_child=1 4 5 -5 -6 -7 -8
leaf_value=-0.079766564752949562 0.10239176024896685 0.023222568962694118 0.047723502120979124 -0.081654335324015559 -0.1003696192999774 0.1038695854266854 0.020394335739369444
leaf_weight=1112.2658251076937 606.65681455284357 5817.7968528680503 3668.2222447469831 12812.673618100584 1180.1361391320825 8411.4358087107539 989.04485781490803
leaf_count=6177 3148 36834 21144 139039 13782 139480 4317
internal_value=0.000369908 -0.0473838 0.0691226 -0.073327 0.00236854 0.0868251 -0.0326356
internal_weight=34598.2 20417.3 14181 13419.3 6997.93 12079.7 2101.31
internal_count=363921 192803 171118 142187 50616 160624 10494
is_linear=0
shrinkage=0.1


Tree=22
num_leaves=8
num_cat=0
split_feature=14 3 10 16 25 2 2
split_gain=9957.05 2688.48 1992.26 1504.99 592.044 210.37 32.2029
threshold=1.0000000180025095e-35 1.0000000180025095e-35 1.0000000180025095e-35 1.0000000180025095e-35 1.0000000180025095e-35 1.0000000180025095e-35 1.0000000180025095e-35
decision_type=2 2 2 2 2 2 2
left_child=1 2 -1 4 -2 -5 -3
right_child=3 6 -4 5 -6 -7 -8
leaf_value=0.042374395554116748 -0.089392038943793717 -0.083295947890992095 -0.036161032077218852 0.10424238717793213 0.037131764002808432 -0.086396250968508309 -0.10466978648946162
leaf_weight=4210.2717010676861 496.51899641007185 883.41602145135403 13863.560107707977 7981.2064488865435 1440.1002435982227 57.602699086070061 4089.2540203332901
leaf_count=24956 3881 12051 101184 146143 10561 727 64418
internal_value=0.000343899 -0.0357827 -0.017865 0.0838033 0.00466364 0.102866 -0.10089
internal_weight=33021.9 23046.5 18073.8 9975.43 1936.62 8038.81 4972.67
internal_count=363921 202609 126140 161312 14442 146870 76469
is_linear=0
shrinkage=0.1


Tree=23
num_leaves=8
num_cat=0
split_feature=23 16 13 0 2 10 15
split_gain=8839.68 3320.52 2395.83 1488.36 1125.12 342.908 196.602
threshold=1.0000000180025095e-35 1.0000000180025095e-35 1.0000000180025095e-35 1.0000000180025095e-35 1.0000000180025095e-35 1.0000000180025095e-35 1.0000000180025095e-35
decision_type=2 2 2 2 2 2 2
left_child=2 4 5 -4 -2 -1 -3
right_child=1 6 3 -5 -6 -7 -8
leaf_value=-0.03472047599204689 0.02275820534603526 -0.14631338152015347 -0.11487720611661728 0.016921233754725137 -0.096083167023014407 -0.089311930835960368 0.10305008167926916
leaf_weight=1332.2031417712569 6940.1216902658343 30.919138073921204 1014.6764618940651 5477.0382743030787 898.93642975389957 8521.7263862639666 7527.3191991820931
leaf_count=12590 38142 289 11758 46718 12128 93580 148716
internal_value=0.000351845 0.0547218 -0.0508639 -0.00369382 0.00911967 -0.0819357 0.102011
internal_weight=31742.9 15397.3 16345.6 6491.71 7839.06 9853.93 7558.24
internal_count=363921 199275 164646 58476 50270 106170 149005
is_linear=0
shrinkage=0.1


Tree=24
num_leaves=8
num_cat=0
split_feature=9 25 13 14 7 15 11
split_gain=7969.26 2593.23 2363.27 1952.05 792.873 675.097 250.91
threshold=1.0000000180025095e-35 1.0000000180025095e-35 1.0000000180025095e-35 1.0000000180025095e-35 1.0000000180025095e-35 1.0000000180025095e-35 1.0000000180025095e-35
decision_type=2 2 2 2 2 2 2
left_child=3 4 -3 5 -2 -1 -5
right_child=1 2 -4 6 -6 -7 -8
leaf_value=-0.02635402641208924 -0.015662063969305952 -0.049954227727050583 0.049206234839270689 -0.16646034993109879 -0.095231618174360974 0.046068706089912669 0.10215988326895416
leaf_weight=2005.6725679188967 1521.4739955887198 5400.4618420749903 4329.2670501843095 34.103310585021973 7089.2347846440971 3589.033470056951 6451.8165850862861
leaf_count=10494 12247 56058 34610 156 89888 21144 139324
internal_value=0.000331031 -0.0412077 -0.00583201 0.0633921 -0.0811755 0.0201055 0.100722
internal_weight=30421.1 18340.4 9729.73 12080.6 8610.71 5594.71 6485.92
internal_count=363921 192803 90668 171118 102135 31638 139480
is_linear=0
shrinkage=0.1


end of trees

feature_importances:
V12_lt=_-1.458900511264801=18
V10_lt=_0.651888370513916=16
V4_lt=_-0.45784682035446167=13
V4_lt=_1.574686348438263=12
V10_lt=_-1.3339875936508179=11
V7_lt=_2.128561854362488=10
V4_lt=_0.7523619830608368=9
V14_lt=_-0.6369412541389465=9
V4_lt=_-0.07750282809138298=8
V7_lt=_0.6948569118976593=8
V8_lt=_-0.11756034195423126=8
V4_lt=_-0.18713511526584625=7
V12_lt=_-0.21491257101297379=7
V14_lt=_-1.5734373927116394=7
V14_lt=_-1.812438189983368=5
V14_lt=_-0.6934647560119629=4
V4_lt=_0.7563583552837372=3
V26_lt=_-0.12887096405029297=3
Amount_lt=_-0.14890162646770477=3
V1_lt=_1.9643386602401733=2
V1_lt=_1.9693114161491394=2
V4_lt=_-0.09944503754377365=2
V7_lt=_2.2519283294677734=2
V12_lt=_-0.21973402053117752=2
V14_lt=_-1.7585361003875732=2
V4_lt=_1.5319359302520752=1
V14_lt=_-1.786939561367035=1

parameters:
[boosting: gbdt]
[objective: binary]
[metric: binary_logloss]
[tree_learner: serial]
[device_type: cpu]
[data_sample_strategy: bagging]
[data: ]
[valid: ]
[num_iterations: 25]
[learning_rate: 0.1]
[num_leaves: 31]
[num_threads: 8]
[seed: 42]
[deterministic: 0]
[force_col_wise: 0]
[force_row_wise: 0]
[histogram_pool_size: -1]
[max_depth: 3]
[min_data_in_leaf: 20]
[min_sum_hessian_in_leaf: 0.001]
[bagging_fraction: 1]
[pos_bagging_fraction: 1]
[neg_bagging_fraction: 1]
[bagging_freq: 0]
[bagging_seed: 400]
[bagging_by_query: 0]
[feature_fraction: 1]
[feature_fraction_bynode: 1]
[feature_fraction_seed: 30056]
[extra_trees: 0]
[extra_seed: 12879]
[early_stopping_round: 0]
[early_stopping_min_delta: 0]
[first_metric_only: 0]
[max_delta_step: 0]
[lambda_l1: 0]
[lambda_l2: 1]
[linear_lambda: 0]
[min_gain_to_split: 0]
[drop_rate: 0.1]
[max_drop: 50]
[skip_drop: 0.5]
[xgboost_dart_mode: 0]
[uniform_drop: 0]
[drop_seed: 17869]
[top_rate: 0.2]
[other_rate: 0.1]
[min_data_per_group: 100]
[max_cat_threshold: 32]
[cat_l2: 10]
[cat_smooth: 10]
[max_cat_to_onehot: 4]
[top_k: 20]
[monotone_constraints: ]
[monotone_constraints_method: basic]
[monotone_penalty: 0]
[feature_contri: ]
[forcedsplits_filename: ]
[refit_decay_rate: 0.9]
[cegb_tradeoff: 1]
[cegb_penalty_split: 0]
[cegb_penalty_feature_lazy: ]
[cegb_penalty_feature_coupled: ]
[path_smooth: 0]
[interaction_constraints: ]
[verbosity: -1]
[saved_feature_importance_type: 0]
[use_quantized_grad: 0]
[num_grad_quant_bins: 4]
[quant_train_renew_leaf: 0]
[stochastic_rounding: 1]
[linear_tree: 0]
[max_bin: 255]
[max_bin_by_feature: ]
[min_data_in_bin: 3]
[bin_construct_sample_cnt: 200000]
[data_random_seed: 175]
[is_enable_sparse: 1]
[enable_bundle: 1]
[use_missing: 1]
[zero_as_missing: 0]
[feature_pre_filter: 1]
[pre_partition: 0]
[two_round: 0]
[header: 0]
[label_column: ]
[weight_column: ]
[group_column: ]
[ignore_column: ]
[categorical_feature: ]
[forcedbins_filename: ]
[precise_float_parser: 0]
[parser_config_file: ]
[objective_seed: 16083]
[num_class: 1]
[is_unbalance: 0]
[scale_pos_weight: 1]
[sigmoid: 1]
[boost_from_average: 1]
[reg_sqrt: 0]
[alpha: 0.9]
[fair_c: 1]
[poisson_max_delta_step: 0.7]
[tweedie_variance_power: 1.5]
[lambdarank_truncation_level: 30]
[lambdarank_norm: 1]
[label_gain: ]
[lambdarank_position_bias_regularization: 0]
[eval_at: ]
[multi_error_top_k: 1]
[auc_mu_weights: ]
[num_machines: 1]
[local_listen_port: 12400]
[time_out: 120]
[machine_list_filename: ]
[machines: ]
[gpu_platform_id: -1]
[gpu_device_id: -1]
[gpu_use_dp: 0]
[num_gpu: 1]

end of parameters

pandas_categorical:[]
