tree
version=v4
num_class=1
num_tree_per_iteration=1
label_index=0
max_feature_idx=20
objective=binary sigmoid:1
feature_names=gender_lt=_0.5 age_lt=_6.5 discharge_disposition_id_lt=_10.5 discharge_disposition_id_lt=_14.5 num_procedures_lt=_0.5 num_procedures_lt=_1.5 num_medications_lt=_6.5 num_medications_lt=_11.5 number_outpatient_lt=_0.5 number_emergency_lt=_0.5 number_emergency_lt=_1.5 number_inpatient_lt=_0.5 number_inpatient_lt=_1.5 number_inpatient_lt=_2.5 number_inpatient_lt=_3.5 diag_1_lt=_98.5 number_diagnoses_lt=_5.5 number_diagnoses_lt=_6.5 metformin_lt=_1.5 change_lt=_0.5 age_lt=_5.5
feature_infos=[0:1] [0:1] [0:1] [0:1] [0:1] [0:1] [0:1] [0:1] [0:1] [0:1] [0:1] [0:1] [0:1] [0:1] [0:1] [0:1] [0:1] [0:1] [0:1] [0:1] [0:1]
tree_sizes=931 1033 1027 1029 1030 1030 1024 1035 1029 1025 1026 1025 1032 1030 1027 1029 1023 1037 1025 1024 1036 1033 1028 1027 1039

Tree=0
num_leaves=8
num_cat=0
split_feature=11 16 12 2 19 2 19
split_gain=2703.35 449.525 436.493 249.83 206.386 161.593 89.1599
threshold=1.0000000180025095e-35 1.0000000180025095e-35 1.0000000180025095e-35 1.0000000180025095e-35 1.0000000180025095e-35 1.0000000180025095e-35 1.0000000180025095e-35
decision_type=2 2 2 2 2 2 2
left_child=2 4 3 -1 -2 -4 -3
right_child=1 6 5 -5 -6 -7 -8
leaf_value=-0.0067903208200472357 -0.031589779627434963 -0.078945420166812941 -0.038116972920918445 0.097475180455137256 -0.0011277382212417117 0.038616431224966934 -0.042642130962216244
leaf_weight=255.75 4617 1554 300.5 2253.5 4290.75 3078.75 1206
leaf_count=1023 18468 6216 1202 9014 17163 12315 4824
internal_value=2.84847e-05 -0.027848 0.0552595 0.0868497 -0.0169184 0.0317836 -0.0631037
internal_weight=17556.2 11667.8 5888.5 2509.25 8907.75 3379.25 2760
internal_count=70225 46671 23554 10037 35631 13517 11040
is_linear=0
shrinkage=1


Tree=1
num_leaves=8
num_cat=0
split_feature=11 16 12 2 19 2 19
split_gain=2192 364.955 355.446 203.274 167.25 130.996 72.5876
threshold=1.0000000180025095e-35 1.0000000180025095e-35 1.0000000180025095e-35 1.0000000180025095e-35 1.0000000180025095e-35 1.0000000180025095e-35 1.0000000180025095e-35
decision_type=2 2 2 2 2 2 2
left_child=2 4 3 -1 -2 -4 -3
right_child=1 6 5 -5 -6 -7 -8
leaf_value=-0.0061396501316405751 -0.028464488342076485 -0.071196439165208167 -0.034356454811795119 0.087922486536759922 -0.0010406302612110125 0.034743828480188324 -0.038425182705248077
leaf_weight=255.74705792963505 4615.8483104109764 1551.5812672376633 300.39088499546051 2248.1555786430836 4290.7487212568521 3077.6025257259607 1205.4519624710083
leaf_count=1023 18468 6216 1202 9014 17163 12315 4824
internal_value=2.27192e-07 -0.0250997 0.0497685 0.0783164 -0.0152547 0.0285907 -0.0568871
internal_weight=17545.5 11663.6 5881.9 2503.9 8906.6 3377.99 2757.03
internal_count=70225 46671 23554 10037 35631 13517 11040
is_linear=0
shrinkage=0.1


Tree=2
num_leaves=8
num_cat=0
split_feature=11 13 16 2 2 2 19
split_gain=1780.32 298.971 297.336 173.025 156.589 91.9499 59.583
threshold=1.0000000180025095e-35 1.0000000180025095e-35 1.0000000180025095e-35 1.0000000180025095e-35 1.0000000180025095e-35 1.0000000180025095e-35 1.0000000180025095e-35
decision_type=2 2 2 2 2 2 2
left_child=1 5 4 -3 -2 -1 -4
right_child=2 3 6 -5 -6 -7 -8
leaf_value=0.0066434099295217298 -0.054924328191637312 -0.026449667939476798 -0.064355746101262046 0.039687304921161598 -0.009463860607134212 0.09891806435008621 -0.034628970706957238
leaf_weight=120.2449756115675 835.32379579544067 435.60009509325027 1545.2750372886658 4237.0935896039009 8068.2606965899467 1071.763841509819 1204.0207679271698
leaf_count=481 3343 1744 6216 17005 32288 4324 4824
internal_value=1.74638e-06 0.0449344 -0.022614 0.0335175 -0.0137346 0.0896231 -0.0513546
internal_weight=17517.6 5864.7 11652.9 4672.69 8903.58 1192.01 2749.3
internal_count=70225 23554 46671 18749 35631 4805 11040
is_linear=0
shrinkage=0.1


Tree=3
num_leaves=8
num_cat=0
split_feature=11 12 17 8 2 19 2
split_gain=1447.34 263.129 247.44 140.347 139.109 85.6838 85.0861
threshold=1.0000000180025095e-35 1.0000000180025095e-35 1.0000000180025095e-35 1.0000000180025095e-35 1.0000000180025095e-35 1.0000000180025095e-35 1.0000000180025095e-35
decision_type=2 2 2 2 2 2 2
left_child=1 4 3 -2 -1 -4 -3
right_child=2 6 5 -5 -6 -7 -8
leaf_value=-0.0044444677752930178 0.022938450470131683 -0.028360188266399002 -0.053636246425223667 -0.015458975102758574 0.073433007086456115 -0.024022785781749493 0.02738901638662454
leaf_weight=255.69628918170929 1112.7303248047829 299.76603502035141 2227.0223599523306 6554.0769786089659 2217.219034075737 1745.1648499965668 3068.9345347881317
leaf_count=1023 4454 1202 8983 26237 9014 6997 12315
internal_value=3.67799e-06 0.0406158 -0.0203813 -0.00988386 0.065382 -0.040635 0.0224212
internal_weight=17480.6 5841.62 11639 7666.81 2472.92 3972.19 3368.7
internal_count=70225 23554 46671 30691 10037 15980 13517
is_linear=0
shrinkage=0.1


Tree=4
num_leaves=8
num_cat=0
split_feature=11 13 16 19 2 2 0
split_gain=1177.66 223.357 208.318 129.369 113.875 64.4887 52.107
threshold=1.0000000180025095e-35 1.0000000180025095e-35 1.0000000180025095e-35 1.0000000180025095e-35 1.0000000180025095e-35 1.0000000180025095e-35 1.0000000180025095e-35
decision_type=2 2 2 2 2 2 2
left_child=1 5 3 -2 -3 -1 -4
right_child=2 4 6 -5 -6 -7 -8
leaf_value=0.0064252560820491971 -0.022592605019067399 -0.021772120928049078 -0.05793341916584184 0.0015389974125750452 0.031946853488827719 0.083800702826479986 -0.030089878237362689
leaf_weight=120.24653811752796 4606.8044581264257 434.7211366891861 1218.5238392651081 4289.5859393924475 4210.3814686089754 1047.1369205713272 1508.0093458592892
leaf_count=481 18468 1744 4934 17163 17005 4324 6106
internal_value=6.38121e-06 0.0367538 -0.0183721 -0.0109582 0.0269159 0.075843 -0.0425502
internal_weight=17435.4 5812.49 11622.9 8896.39 4645.1 1167.38 2726.53
internal_count=70225 23554 46671 35631 18749 4805 11040
is_linear=0
shrinkage=0.1


Tree=5
num_leaves=8
num_cat=0
split_feature=11 12 8 16 1 16 4
split_gain=958.649 197.502 189.489 143.691 108.63 75.3076 31.907
threshold=1.0000000180025095e-35 1.0000000180025095e-35 1.0000000180025095e-35 1.0000000180025095e-35 1.0000000180025095e-35 1.0000000180025095e-35 1.0000000180025095e-35
decision_type=2 2 2 2 2 2 2
left_child=1 4 6 -4 -1 -3 -2
right_child=2 5 3 -5 -6 -7 -8
leaf_value=0.030491253982223299 0.0033950988929145019 0.024006345134445523 -0.014631036303843853 -0.042267153476479268 0.073295256252379926 -0.017168619099205192 0.032865139597273343
leaf_weight=1038.3118616193533 805.49664551019669 2828.6668417006731 7626.3640304207802 2497.4565211385489 1388.3307935744524 526.16104125976562 674.86938753724098
leaf_count=4287 3233 11397 30567 10164 5750 2120 2707
internal_value=8.76549e-06 0.0332731 -0.0165657 -0.0214521 0.0550004 0.0175454 0.016843
internal_weight=17385.7 5781.47 11604.2 10123.8 2426.64 3354.83 1480.37
internal_count=70225 23554 46671 40731 10037 13517 5940
is_linear=0
shrinkage=0.1


Tree=6
num_leaves=8
num_cat=0
split_feature=11 14 9 19 2 1 2
split_gain=780.216 177.708 158.965 159.385 113.442 33.8894 24.3398
threshold=1.0000000180025095e-35 1.0000000180025095e-35 1.0000000180025095e-35 1.0000000180025095e-35 1.0000000180025095e-35 1.0000000180025095e-35 1.0000000180025095e-35
decision_type=2 2 2 2 2 2 2
left_child=1 5 6 -4 -3 -1 -2
right_child=2 4 3 -5 -6 -7 -8
leaf_value=0.048569464613527687 -0.048274954623493349 -0.020921168532310519 -0.02944999456023244 -0.0051053253887224162 0.029058130007003576 0.09976802048133121 0.0326330697578711
leaf_weight=199.53447502851486 38.277557387948036 502.38533145189285 5760.3121543377638 5044.5086959600449 4666.3084614127874 384.12286461889744 742.6074632704258
leaf_count=838 154 2015 23293 20241 19068 1633 2983
internal_value=1.12544e-05 0.0301137 -0.014936 -0.0180856 0.0241971 0.0823778 0.0286104
internal_weight=17338.1 5752.35 11585.7 10804.8 5168.69 583.657 780.885
internal_count=70225 23554 46671 43534 21083 2471 3137
is_linear=0
shrinkage=0.1


Tree=7
num_leaves=8
num_cat=0
split_feature=11 12 8 0 2 16 20
split_gain=635.192 154.314 149.132 128.126 86.2666 61.4826 29.9747
threshold=1.0000000180025095e-35 1.0000000180025095e-35 1.0000000180025095e-35 1.0000000180025095e-35 1.0000000180025095e-35 1.0000000180025095e-35 1.0000000180025095e-35
decision_type=2 2 2 2 2 2 2
left_child=1 4 6 -4 -1 -3 -2
right_child=2 5 3 -5 -6 -7 -8
leaf_value=-0.0081594088527586935 0.025276974259103857 0.019258492334157513 -0.030244981506606414 -0.0075969385564162205 0.053317213018743405 -0.017976542103278322 -0.0060452869200353131
leaf_weight=255.43719063699245 1049.6206867396832 2815.2312443554401 4550.0827506780624 5538.8599321693182 2124.8619467914104 525.51489129662514 430.33789552748203
leaf_count=1023 4211 11397 18381 22350 9014 2120 1729
internal_value=1.3861e-05 0.0272672 -0.0134646 -0.0178131 0.0467193 0.0133976 0.0161712
internal_weight=17289.9 5721.05 11568.9 10088.9 2380.3 3340.75 1479.96
internal_count=70225 23554 46671 40731 10037 13517 5940
is_linear=0
shrinkage=0.1


Tree=8
num_leaves=8
num_cat=0
split_feature=11 17 14 2 8 4 1
split_gain=517.164 143.555 140.785 108.106 100.375 78.3959 29.7646
threshold=1.0000000180025095e-35 1.0000000180025095e-35 1.0000000180025095e-35 1.0000000180025095e-35 1.0000000180025095e-35 1.0000000180025095e-35 1.0000000180025095e-35
decision_type=2 2 2 2 2 2 2
left_child=2 3 6 -2 -4 -3 -1
right_child=1 5 4 -5 -6 -7 -8
leaf_value=0.040187962954884984 -0.041424434003963007 -0.041218302084676868 0.045822234695571229 -0.00036536149905725546 0.012034639507844518 -0.012864425643468874 0.088811781905772491
leaf_weight=194.9989128112793 705.57180824875832 2047.542982429266 1126.5854590982199 6937.403917118907 3998.1788466572762 1863.5060600936413 368.67371141910553
leaf_count=838 2843 8370 4653 27848 16430 7610 1633
internal_value=1.61054e-05 -0.0121356 0.0246958 -0.00416071 0.0194697 -0.0277152 0.0720916
internal_weight=17242.5 11554 5688.44 7642.98 5124.76 3911.05 563.673
internal_count=70225 46671 23554 30691 21083 15980 2471
is_linear=0
shrinkage=0.1


Tree=9
num_leaves=8
num_cat=0
split_feature=12 9 19 1 2 2 14
split_gain=424.015 197.713 172.897 80.5383 54.9607 49.7129 34.4336
threshold=1.0000000180025095e-35 1.0000000180025095e-35 1.0000000180025095e-35 1.0000000180025095e-35 1.0000000180025095e-35 1.0000000180025095e-35 1.0000000180025095e-35
decision_type=2 2 2 2 2 2 2
left_child=3 5 -3 4 -1 -2 -5
right_child=1 2 -4 6 -6 -7 -8
leaf_value=-0.041539251991592252 -0.051454691385548174 -0.02037282330522483 0.0022127255986062236 0.082403334822065299 0.027426868978088111 0.036305598234425925 0.045967454735174475
leaf_weight=132.13485181331635 67.364635303616524 7185.1529774367809 6414.9387587755919 358.24189499020576 878.07832986116409 1197.7334831506014 963.15594972670078
leaf_count=529 272 29233 25848 1633 3758 4835 4117
internal_value=1.74506e-05 -0.00620216 -0.00972021 0.0396562 0.018374 0.0315955 0.0559004
internal_weight=17196.8 14865.2 13600.1 2331.61 1010.21 1265.1 1321.4
internal_count=70225 60188 55081 10037 4287 5107 5750
is_linear=0
shrinkage=0.1


Tree=10
num_leaves=8
num_cat=0
split_feature=11 6 4 9 2 8 15
split_gain=370.79 125.906 143.317 110.094 74.2805 53.1848 26.4431
threshold=1.0000000180025095e-35 1.0000000180025095e-35 1.0000000180025095e-35 1.0000000180025095e-35 1.0000000180025095e-35 1.0000000180025095e-35 1.0000000180025095e-35
decision_type=2 2 2 2 2 2 2
left_child=3 2 -2 4 -1 -5 -3
right_child=1 6 -4 5 -6 -7 -8
leaf_value=-0.048826914282791657 -0.017146819918748023 -0.039376522114799695 0.0064200976403709521 0.036078366536937141 0.056792722044244785 0.0089020842772418157 -0.098043260544613556
leaf_weight=70.56466968357563 6030.0967989116907 899.57871077954769 4509.3674102574587 895.72662971913815 1004.2976145446301 3662.6497481614351 83.681650161743164
leaf_count=284 24423 3684 18220 3768 4311 15191 344
internal_value=2.00853e-05 -0.0102589 -0.00706393 0.0210438 0.0498199 0.014249 -0.044464
internal_weight=17156 11522.7 10539.5 5633.24 1074.86 4558.38 983.26
internal_count=70225 46671 42643 23554 4595 18959 4028
is_linear=0
shrinkage=0.1


Tree=11
num_leaves=8
num_cat=0
split_feature=12 16 2 1 15 2 14
split_gain=305.28 171.361 146.01 66.751 47.8689 42.1646 29.6887
threshold=1.0000000180025095e-35 1.0000000180025095e-35 1.0000000180025095e-35 1.0000000180025095e-35 1.0000000180025095e-35 1.0000000180025095e-35 1.0000000180025095e-35
decision_type=2 2 2 2 2 2 2
left_child=3 2 -2 5 -3 -1 -5
right_child=1 4 -4 6 -6 -7 -8
leaf_value=-0.03785727064654467 -0.034593961123063843 -0.022328266550084089 0.0039775191669877722 0.074264715346735927 -0.069441289796270581 0.02261598653394056 0.039828773220228958
leaf_weight=132.06069774925709 1080.8954655826092 2951.4118565320969 10565.234499156475 343.142667517066 232.00406409800053 865.96591518819332 945.62863281369209
leaf_count=529 4375 12197 42653 1633 963 3758 4117
internal_value=1.92026e-05 -0.00522584 0.000394977 0.0340199 -0.0257825 0.0145842 0.049048
internal_weight=17116.3 14829.5 11646.1 2286.8 3183.42 998.027 1288.77
internal_count=70225 60188 47028 10037 13160 4287 5750
is_linear=0
shrinkage=0.1


Tree=12
num_leaves=8
num_cat=0
split_feature=11 0 19 10 20 8 2
split_gain=266.807 117.108 116.446 92.5282 60.7913 58.3543 35.4828
threshold=1.0000000180025095e-35 1.0000000180025095e-35 1.0000000180025095e-35 1.0000000180025095e-35 1.0000000180025095e-35 1.0000000180025095e-35 1.0000000180025095e-35
decision_type=2 2 2 2 2 2 2
left_child=3 4 -3 6 -2 -5 -1
right_child=1 2 -4 5 -6 -7 -8
leaf_value=-0.05581612047882975 -0.011935267852846957 -0.012534294456502513 0.01455854103510474 0.034762025635649688 -0.034750519739848537 0.0088122878148524687 0.070972928188282547
leaf_weight=22.696854203939438 3340.5513941198587 3326.3304880410433 3031.0452366173267 1100.2389319092035 1796.1170683056116 4072.4583057016134 384.67251735925674
leaf_count=92 13567 13581 12189 4706 7334 17031 1725
internal_value=1.93718e-05 -0.00869041 0.000383182 0.0179585 -0.0199182 0.0143375 0.0637894
internal_weight=17074.1 11494 6357.38 5580.07 5136.67 5172.7 407.369
internal_count=70225 46671 25770 23554 20901 21737 1817
is_linear=0
shrinkage=0.1


Tree=13
num_leaves=8
num_cat=0
split_feature=9 18 19 2 3 1 10
split_gain=240.138 161.575 294.334 61.3523 112.733 57.0408 40.7569
threshold=1.0000000180025095e-35 1.0000000180025095e-35 1.0000000180025095e-35 1.0000000180025095e-35 1.0000000180025095e-35 1.0000000180025095e-35 1.0000000180025095e-35
decision_type=2 2 2 2 2 2 2
left_child=3 5 -3 4 -1 -2 -5
right_child=1 2 -4 6 -6 -7 -8
leaf_value=0.046817064672963662 -0.0076187533607873564 -0.011867624902597074 0.019500739469345864 0.06149424061414023 -0.15922009494150902 -0.037041265584890529 0.028350632434442087
leaf_weight=63.402712017297745 1066.1308123171329 7406.8138752728701 5016.2506213188171 545.87943834066391 44.290256217122078 1726.7247558236122 1166.2700564563274
leaf_count=258 4337 30589 20513 2407 180 7054 4887
internal_value=1.91603e-05 -0.00408758 0.000799009 0.0343395 -0.0386039 -0.0258164 0.0389474
internal_weight=17035.8 15215.9 12423.1 1819.84 107.693 2792.86 1712.15
internal_count=70225 62493 51102 7732 438 11391 7294
is_linear=0
shrinkage=0.1


Tree=14
num_leaves=8
num_cat=0
split_feature=8 11 0 2 3 1 12
split_gain=217.297 135.877 82.1289 65.7965 164.136 58.1155 39.6917
threshold=1.0000000180025095e-35 1.0000000180025095e-35 1.0000000180025095e-35 1.0000000180025095e-35 1.0000000180025095e-35 1.0000000180025095e-35 1.0000000180025095e-35
decision_type=2 2 2 2 2 2 2
left_child=3 5 -3 4 -1 -2 -5
right_child=1 2 -4 6 -6 -7 -8
leaf_value=0.036498248834650283 -0.0025994476103788533 -0.021339346626865329 -0.0031164183800028288 0.053880872310899247 -0.16426618972747647 0.020744210072204321 0.023448643555112125
leaf_weight=117.59341065585613 1981.4996999800205 4494.247442483902 5499.1360855251551 545.56505678594112 61.078649953007698 2307.9997389912605 2005.3810693025589
leaf_count=475 8251 18381 22350 2546 247 9825 8150
internal_value=1.79827e-05 -0.00492313 -0.011313 0.025865 -0.0326649 0.0099627 0.0299757
internal_weight=17012.5 14282.9 9993.38 2729.62 178.672 4289.5 2550.95
internal_count=70225 58807 40731 11418 722 18076 10696
is_linear=0
shrinkage=0.1


Tree=15
num_leaves=8
num_cat=0
split_feature=9 18 19 1 2 3 13
split_gain=183.341 130.515 235.754 47.3555 47.188 88.5621 36.3267
threshold=1.0000000180025095e-35 1.0000000180025095e-35 1.0000000180025095e-35 1.0000000180025095e-35 1.0000000180025095e-35 1.0000000180025095e-35 1.0000000180025095e-35
decision_type=2 2 2 2 2 2 2
left_child=4 3 -3 -2 5 -1 -6
right_child=1 2 -4 -5 6 -7 -8
leaf_value=0.040810675524651792 -0.0065329979266161133 -0.010515736259741415 0.017593320067667794 -0.033366984839506113 0.066270810352087831 -0.14321708790723217 0.027527237448895882
leaf_weight=63.609264582395554 1065.0273591428995 7387.1638354957104 5004.1654049903154 1720.8437569141388 292.71177865564823 43.028047725558281 1399.3317500501871
leaf_count=258 4337 30589 20513 7054 1473 180 5821
internal_value=1.71626e-05 -0.00356113 0.000836444 -0.0231145 0.0301959 -0.034085 0.0342648
internal_weight=16975.9 15177.2 12391.3 2785.87 1798.68 106.637 1692.04
internal_count=70225 62493 51102 11391 7732 438 7294
is_linear=0
shrinkage=0.1


Tree=16
num_leaves=8
num_cat=0
split_feature=8 16 2 2 3 15 12
split_gain=169.734 118.24 90.0774 51.7935 131.368 40.0272 30.9718
threshold=1.0000000180025095e-35 1.0000000180025095e-35 1.0000000180025095e-35 1.0000000180025095e-35 1.0000000180025095e-35 1.0000000180025095e-35 1.0000000180025095e-35
decision_type=2 2 2 2 2 2 2
left_child=3 2 -2 4 -1 -3 -5
right_child=1 5 -4 6 -6 -7 -8
leaf_value=0.032252691309729596 -0.026314839222525439 -0.018487511923932786 0.0034796559858118192 0.048106472955203594 -0.14867342690328844 -0.06299936644789407 0.020908631567690659
leaf_weight=117.60578121244907 1128.1464254558086 2884.74499155581 10011.597727492452 529.92859363555908 59.714065387845039 216.5049095749855 2001.2811992317438
leaf_count=475 4602 12133 41149 2546 247 923 8150
internal_value=1.6461e-05 -0.00434811 0.000460211 0.0229578 -0.0291679 -0.0216143 0.0266195
internal_weight=16949.5 14241 11139.7 2708.53 177.32 3101.25 2531.21
internal_count=70225 58807 45751 11418 722 13056 10696
is_linear=0
shrinkage=0.1


Tree=17
num_leaves=8
num_cat=0
split_feature=12 18 19 1 1 2 14
split_gain=158.409 110.983 183.255 47.6997 40.0859 21.8833 21.7081
threshold=1.0000000180025095e-35 1.0000000180025095e-35 1.0000000180025095e-35 1.0000000180025095e-35 1.0000000180025095e-35 1.0000000180025095e-35 1.0000000180025095e-35
decision_type=2 2 2 2 2 2 2
left_child=3 4 -3 5 -2 -1 -5
right_child=1 2 -4 6 -6 -7 -8
leaf_value=-0.029384694496523825 -0.0060499980073400721 -0.0097868508322227349 0.015455449358287552 0.060869856020827742 -0.030757928557461692 0.014429616401406269 0.030306676232892668
leaf_weight=130.87937596440315 1045.1136602461338 7059.3341819345951 4851.9016621261835 313.70522300899029 1768.1418434679508 841.57495222985744 910.75323241949081
leaf_count=529 4240 29061 19654 1633 7233 3758 4117
internal_value=1.37264e-05 -0.00372407 0.000495737 0.0250561 -0.0215844 0.00850867 0.0381802
internal_weight=16921.4 14724.5 11911.2 2196.91 2813.26 972.454 1224.46
internal_count=70225 60188 48715 10037 11473 4287 5750
is_linear=0
shrinkage=0.1


Tree=18
num_leaves=8
num_cat=0
split_feature=9 5 7 17 2 3 10
split_gain=134.476 122.66 149.545 59.2063 33.7711 71.0406 30.2174
threshold=1.0000000180025095e-35 1.0000000180025095e-35 1.0000000180025095e-35 1.0000000180025095e-35 1.0000000180025095e-35 1.0000000180025095e-35 1.0000000180025095e-35
decision_type=2 2 2 2 2 2 2
left_child=4 3 -3 -2 5 -1 -6
right_child=1 2 -4 -5 6 -7 -8
leaf_value=0.03727034821191319 -0.0088793006623114814 0.012925063962298013 -0.012259367359493872 -0.032783857883026159 0.049513270278940071 -0.13002811762930125 0.020435514895717832
leaf_weight=63.550841853022575 3652.4482783526182 6224.3269912600517 3794.2669398039579 1446.1093980520964 520.60801629722118 40.909503981471062 1144.5998799353838
leaf_count=258 14975 25718 15728 6072 2407 180 4887
internal_value=1.46344e-05 -0.00303918 0.00338688 -0.0156645 0.0260884 -0.02886 0.0295506
internal_weight=16886.8 15117.2 10018.6 5098.56 1769.67 104.46 1665.21
internal_count=70225 62493 41446 21047 7732 438 7294
is_linear=0
shrinkage=0.1


Tree=19
num_leaves=8
num_cat=0
split_feature=8 15 0 2 3 18 2
split_gain=127.309 101.944 85.7886 40.5849 106.38 25.8569 19.6697
threshold=1.0000000180025095e-35 1.0000000180025095e-35 1.0000000180025095e-35 1.0000000180025095e-35 1.0000000180025095e-35 1.0000000180025095e-35 1.0000000180025095e-35
decision_type=2 2 2 2 2 2 2
left_child=3 2 -2 4 -1 -5 -3
right_child=1 6 -4 5 -6 -7 -8
leaf_value=0.028236803487623242 -0.010802326740678112 -0.089233563497131713 0.0052251756610781136 0.0019731758138082289 -0.13664868970138497 0.028099935196952371 -0.035732116193324032
leaf_weight=117.32657934725285 6007.161699950695 77.735928773880005 7518.1744253635406 465.32328863441944 57.517551317811012 2039.8229337632656 579.92104360461235
leaf_count=475 24974 324 31085 1942 247 8754 2424
internal_value=1.2773e-05 -0.00376456 -0.00189357 0.0199971 -0.0264733 0.0232497 -0.0421819
internal_weight=16863 14183 13525.3 2679.99 174.844 2505.15 657.657
internal_count=70225 58807 56059 11418 722 10696 2748
is_linear=0
shrinkage=0.1


Tree=20
num_leaves=8
num_cat=0
split_feature=11 20 2 14 7 3 20
split_gain=120.406 82.6947 63.4253 51.9015 46.5423 42.4237 13.8161
threshold=1.0000000180025095e-35 1.0000000180025095e-35 1.0000000180025095e-35 1.0000000180025095e-35 1.0000000180025095e-35 1.0000000180025095e-35 1.0000000180025095e-35
decision_type=2 2 2 2 2 2 2
left_child=3 2 -2 6 -3 -5 -1
right_child=1 4 -4 5 -6 -7 -8
leaf_value=0.02863015566153795 -0.026921194888514233 -0.0091432164017729387 0.0032644270977435284 0.04304409711773282 -0.031909664503919466 0.0066638034165028767 0.062964692607056449
leaf_weight=274.70572665333748 774.13209861516953 2340.9244287312031 6824.7793866693974 343.47925706207752 1457.0013184100389 4623.7559564262629 207.75366298854351
leaf_count=1335 3221 9568 27803 1386 6079 19697 1136
internal_value=9.59152e-06 -0.00583639 0.000186157 0.012234 -0.0178832 0.00918762 0.0435147
internal_weight=16846.5 11396.8 7598.91 5449.69 3797.93 4967.24 482.459
internal_count=70225 46671 31024 23554 15647 21083 2471
is_linear=0
shrinkage=0.1


Tree=21
num_leaves=8
num_cat=0
split_feature=12 18 19 1 1 3 14
split_gain=102.186 88.1059 139.604 37.5294 29.8611 17.9417 14.0098
threshold=1.0000000180025095e-35 1.0000000180025095e-35 1.0000000180025095e-35 1.0000000180025095e-35 1.0000000180025095e-35 1.0000000180025095e-35 1.0000000180025095e-35
decision_type=2 2 2 2 2 2 2
left_child=3 4 -3 5 -2 -1 -5
right_child=1 2 -4 6 -6 -7 -8
leaf_value=0.050796651164130582 -0.0055135914989037681 -0.008207075151939457 0.013860256795340637 0.051241429504377226 -0.026871676862917665 0.0015285364458786585 0.025986612402598183
leaf_weight=79.693809315562248 1043.5780165940523 7029.0294409692287 4839.8899323642254 292.86198280751705 1758.0830819308758 880.74711993336678 894.99208596348763
leaf_count=320 4240 29061 19654 1633 7233 3967 4117
internal_value=9.48723e-06 -0.0029737 0.000791918 0.0203734 -0.0189209 0.0056652 0.032251
internal_weight=16818.9 14670.6 11868.9 2148.29 2801.66 960.441 1187.85
internal_count=70225 60188 48715 10037 11473 4287 5750
is_linear=0
shrinkage=0.1


Tree=22
num_leaves=8
num_cat=0
split_feature=8 15 4 2 3 4 2
split_gain=97.1435 80.9359 77.525 34.7974 87.3345 18.5343 16.4395
threshold=1.0000000180025095e-35 1.0000000180025095e-35 1.0000000180025095e-35 1.0000000180025095e-35 1.0000000180025095e-35 1.0000000180025095e-35 1.0000000180025095e-35
decision_type=2 2 2 2 2 2 2
left_child=3 2 -2 4 -1 -5 -3
right_child=1 6 -4 5 -6 -7 -8
leaf_value=0.023407073823146864 -0.0087658338177179912 -0.081178443811696255 0.0064265552582665406 0.012384239812165264 -0.12797131692552363 0.02969684583660023 -0.031792468200056011
leaf_weight=116.60691845417023 7142.1756097227335 76.064008340239525 6339.0721256136894 1312.3348071873188 55.446578338742256 1172.6430564671755 576.00923672318459
leaf_count=475 29716 324 26343 5636 247 5060 2424
internal_value=1.04751e-05 -0.00328785 -0.00162221 0.0175496 -0.0258343 0.0205626 -0.0376688
internal_weight=16790.4 14133.3 13481.2 2657.03 172.053 2484.98 652.073
internal_count=70225 58807 56059 11418 722 10696 2748
is_linear=0
shrinkage=0.1


Tree=23
num_leaves=8
num_cat=0
split_feature=9 5 6 17 2 3 10
split_gain=92.1894 85.389 108.371 44.5617 25.7078 53.3257 22.6792
threshold=1.0000000180025095e-35 1.0000000180025095e-35 1.0000000180025095e-35 1.0000000180025095e-35 1.0000000180025095e-35 1.0000000180025095e-35 1.0000000180025095e-35
decision_type=2 2 2 2 2 2 2
left_child=4 3 -3 -2 5 -1 -6
right_child=1 2 -4 -5 6 -7 -8
leaf_value=0.029322449776781598 -0.0071956470694072754 0.0062378098199666844 -0.029324832767523741 -0.028025765315540026 0.042481052645235967 -0.11910040237194391 0.016961575290470748
leaf_weight=63.283169031143188 3638.4204234927893 9022.7728002071381 945.8066311776638 1430.5387695133686 503.74496638774872 37.911526024341583 1132.0688244402409
leaf_count=258 14975 37448 3998 6072 2407 180 4887
internal_value=7.56871e-06 -0.0025125 0.00286107 -0.0130786 0.0218131 -0.0269039 0.0248414
internal_weight=16774.5 15037.5 9968.58 5068.96 1737.01 101.195 1635.81
internal_count=70225 62493 41446 21047 7732 438 7294
is_linear=0
shrinkage=0.1


Tree=24
num_leaves=8
num_cat=0
split_feature=18 19 0 9 7 4 1
split_gain=79.5402 124.475 85.5284 45.5742 31.4661 23.0737 17.1651
threshold=1.0000000180025095e-35 1.0000000180025095e-35 1.0000000180025095e-35 1.0000000180025095e-35 1.0000000180025095e-35 1.0000000180025095e-35 1.0000000180025095e-35
decision_type=2 2 2 2 2 2 2
left_child=4 3 -3 -2 5 -1 -6
right_child=1 2 -4 -5 6 -7 -8
leaf_value=-0.016970619826331742 0.01930861613986776 0.00045951778410187999 0.025252576032162119 -0.0071172988424980533 -0.012473821549555907 0.0035830919153996034 -0.042939661665812687
leaf_weight=1332.8240890353918 715.64060160517693 2441.2253168970346 3234.5953263044357 7308.1127054542303 294.64331755042076 924.41865804791451 500.64506459236145
leaf_count=5528 3212 10209 13527 30589 1211 3835 2114
internal_value=5.80961e-06 0.00325866 0.0145908 -0.00475825 -0.0145891 -0.00855531 -0.0316823
internal_weight=16752.1 13699.6 5675.82 8023.75 3052.53 2257.24 795.288
internal_count=70225 57537 23736 33801 12688 9363 3325
is_linear=0
shrinkage=0.1


end of trees

feature_importances:
discharge_disposition_id_lt=_10.5=34
change_lt=_0.5=15
age_lt=_6.5=13
number_inpatient_lt=_0.5=13
number_inpatient_lt=_1.5=11
discharge_disposition_id_lt=_14.5=10
number_outpatient_lt=_0.5=10
number_diagnoses_lt=_5.5=9
number_emergency_lt=_0.5=8
number_inpatient_lt=_3.5=7
gender_lt=_0.5=6
num_procedures_lt=_0.5=6
metformin_lt=_1.5=6
diag_1_lt=_98.5=5
number_emergency_lt=_1.5=4
number_diagnoses_lt=_6.5=4
age_lt=_5.5=4
num_medications_lt=_11.5=3
number_inpatient_lt=_2.5=3
num_procedures_lt=_1.5=2
num_medications_lt=_6.5=2

parameters:
[boosting: gbdt]
[objective: binary]
[metric: binary_logloss]
[tree_learner: serial]
[device_type: cpu]
[data_sample_strategy: bagging]
[data: ]
[valid: ]
[num_iterations: 25]
[learning_rate: 0.1]
[num_leaves: 31]
[num_threads: 8]
[seed: 42]
[deterministic: 0]
[force_col_wise: 0]
[force_row_wise: 0]
[histogram_pool_size: -1]
[max_depth: 3]
[min_data_in_leaf: 20]
[min_sum_hessian_in_leaf: 0.001]
[bagging_fraction: 1]
[pos_bagging_fraction: 1]
[neg_bagging_fraction: 1]
[bagging_freq: 0]
[bagging_seed: 400]
[bagging_by_query: 0]
[feature_fraction: 1]
[feature_fraction_bynode: 1]
[feature_fraction_seed: 30056]
[extra_trees: 0]
[extra_seed: 12879]
[early_stopping_round: 0]
[early_stopping_min_delta: 0]
[first_metric_only: 0]
[max_delta_step: 0]
[lambda_l1: 0]
[lambda_l2: 1]
[linear_lambda: 0]
[min_gain_to_split: 0]
[drop_rate: 0.1]
[max_drop: 50]
[skip_drop: 0.5]
[xgboost_dart_mode: 0]
[uniform_drop: 0]
[drop_seed: 17869]
[top_rate: 0.2]
[other_rate: 0.1]
[min_data_per_group: 100]
[max_cat_threshold: 32]
[cat_l2: 10]
[cat_smooth: 10]
[max_cat_to_onehot: 4]
[top_k: 20]
[monotone_constraints: ]
[monotone_constraints_method: basic]
[monotone_penalty: 0]
[feature_contri: ]
[forcedsplits_filename: ]
[refit_decay_rate: 0.9]
[cegb_tradeoff: 1]
[cegb_penalty_split: 0]
[cegb_penalty_feature_lazy: ]
[cegb_penalty_feature_coupled: ]
[path_smooth: 0]
[interaction_constraints: ]
[verbosity: -1]
[saved_feature_importance_type: 0]
[use_quantized_grad: 0]
[num_grad_quant_bins: 4]
[quant_train_renew_leaf: 0]
[stochastic_rounding: 1]
[linear_tree: 0]
[max_bin: 255]
[max_bin_by_feature: ]
[min_data_in_bin: 3]
[bin_construct_sample_cnt: 200000]
[data_random_seed: 175]
[is_enable_sparse: 1]
[enable_bundle: 1]
[use_missing: 1]
[zero_as_missing: 0]
[feature_pre_filter: 1]
[pre_partition: 0]
[two_round: 0]
[header: 0]
[label_column: ]
[weight_column: ]
[group_column: ]
[ignore_column: ]
[categorical_feature: ]
[forcedbins_filename: ]
[precise_float_parser: 0]
[parser_config_file: ]
[objective_seed: 16083]
[num_class: 1]
[is_unbalance: 0]
[scale_pos_weight: 1]
[sigmoid: 1]
[boost_from_average: 1]
[reg_sqrt: 0]
[alpha: 0.9]
[fair_c: 1]
[poisson_max_delta_step: 0.7]
[tweedie_variance_power: 1.5]
[lambdarank_truncation_level: 30]
[lambdarank_norm: 1]
[label_gain: ]
[lambdarank_position_bias_regularization: 0]
[eval_at: ]
[multi_error_top_k: 1]
[auc_mu_weights: ]
[num_machines: 1]
[local_listen_port: 12400]
[time_out: 120]
[machine_list_filename: ]
[machines: ]
[gpu_platform_id: -1]
[gpu_device_id: -1]
[gpu_use_dp: 0]
[num_gpu: 1]

end of parameters

pandas_categorical:[]
