tree
version=v4
num_class=1
num_tree_per_iteration=1
label_index=0
max_feature_idx=22
objective=binary sigmoid:1
feature_names=admission_type_id_lt=_5.5 discharge_disposition_id_lt=_10.5 discharge_disposition_id_lt=_14.5 discharge_disposition_id_lt=_21.0 admission_source_id_lt=_6.5 time_in_hospital_lt=_3.5 num_medications_lt=_7.5 num_medications_lt=_10.5 number_outpatient_lt=_0.5 number_emergency_lt=_0.5 number_emergency_lt=_1.5 number_inpatient_lt=_0.5 number_inpatient_lt=_1.5 number_inpatient_lt=_2.5 number_inpatient_lt=_3.5 number_inpatient_lt=_4.5 number_diagnoses_lt=_5.5 number_diagnoses_lt=_6.5 diag_1_428_lt=_0.5 diag_1_491_lt=_0.5 diag_2_648_lt=_0.5 diabetesMed_Yes_lt=_0.5 diag_2_403_lt=_0.5
feature_infos=[0:1] [0:1] [0:1] [0:1] [0:1] [0:1] [0:1] [0:1] [0:1] [0:1] [0:1] [0:1] [0:1] [0:1] [0:1] [0:1] [0:1] [0:1] [0:1] [0:1] [0:1] [0:1] [0:1]
tree_sizes=1022 1031 1031 1032 1034 1026 1026 1029 1034 1030 1032 1023 1022 1033 1022 1036 1023 1021 1029 1024 1029 1028 1027 1029 1027

Tree=0
num_leaves=8
num_cat=0
split_feature=11 12 16 1 9 1 4
split_gain=3709.83 595.354 537.847 279.928 225.95 179.72 69.9652
threshold=1.0000000180025095e-35 1.0000000180025095e-35 1.0000000180025095e-35 1.0000000180025095e-35 1.0000000180025095e-35 1.0000000180025095e-35 1.0000000180025095e-35
decision_type=2 2 2 2 2 2 2
left_child=1 3 4 -1 -2 -3 -4
right_child=2 5 6 -5 -6 -7 -8
leaf_value=-0.15262702472386627 -0.1243036184603932 -0.18944056529710823 -0.20738805804208976 -0.051707769993915784 -0.18028178173009207 -0.11532076470823349 -0.23703444124357165
leaf_weight=307.35673677921295 779.6972029209137 360.03226482868195 1528.8326607942581 2604.7054742574692 9459.2327964305878 3508.1404742002487 1680.3990386724472
leaf_count=1237 3138 1449 6153 10483 38070 14119 6763
internal_value=-0.156809 -0.0965015 -0.187216 -0.0623543 -0.176016 -0.122226 -0.222931
internal_weight=20228.4 6780.23 13448.2 2912.06 10238.9 3868.17 3209.23
internal_count=81412 27288 54124 11720 41208 15568 12916
is_linear=0
shrinkage=1


Tree=1
num_leaves=8
num_cat=0
split_feature=11 12 17 1 8 1 9
split_gain=3000.4 477.497 441.481 224.22 188.163 145.181 93.035
threshold=1.0000000180025095e-35 1.0000000180025095e-35 1.0000000180025095e-35 1.0000000180025095e-35 1.0000000180025095e-35 1.0000000180025095e-35 1.0000000180025095e-35
decision_type=2 2 2 2 2 2 2
left_child=1 3 4 -1 -2 -3 -4
right_child=2 5 6 -5 -6 -7 -8
leaf_value=0.0037634187609307764 0.021062481753929357 -0.029464990099273627 0.011738930147771755 0.094045189638154905 -0.020364969942792355 0.037228981094208045 -0.055687249228158757
leaf_weight=307.45597863197327 1282.4677905440331 359.01926475763321 214.3142162412405 2618.9990547448397 7525.7966993749142 3518.0405622720718 4388.5321640223265
leaf_count=1237 5168 1449 865 10483 30340 14119 17751
internal_value=-9.98719e-06 0.0540761 -0.0274501 0.0845646 -0.0143315 0.0310471 -0.0525459
internal_weight=20214.6 6803.51 13411.1 2926.46 8808.26 3877.06 4602.85
internal_count=81412 27288 54124 11720 35508 15568 18616
is_linear=0
shrinkage=0.1


Tree=2
num_leaves=8
num_cat=0
split_feature=11 13 16 1 21 1 4
split_gain=2431.75 404.332 379.64 195.524 174.977 94.9017 57.4401
threshold=1.0000000180025095e-35 1.0000000180025095e-35 1.0000000180025095e-35 1.0000000180025095e-35 1.0000000180025095e-35 1.0000000180025095e-35 1.0000000180025095e-35
decision_type=2 2 2 2 2 2 2
left_child=1 5 4 -3 -2 -1 -4
right_child=2 3 6 -5 -6 -7 -8
leaf_value=0.020257136835032323 -0.0080640368408950881 -0.022120409445113742 -0.040886051644956727 0.042408469273462701 -0.038792356699334195 0.10542287815584073 -0.067905880709825422
leaf_weight=146.68584600090981 7769.4180837720633 518.80189695954323 1512.7099461555481 4891.0116153359413 2432.8843713253736 1252.9384464025497 1655.3905035108328
leaf_count=590 31379 2096 6153 19588 9829 5014 6763
internal_value=-1.46347e-05 0.0486239 -0.0247876 0.0362172 -0.0153947 0.096518 -0.0550214
internal_weight=20179.8 6809.44 13370.4 5409.81 10202.3 1399.62 3168.1
internal_count=81412 27288 54124 21684 41208 5604 12916
is_linear=0
shrinkage=0.1


Tree=3
num_leaves=8
num_cat=0
split_feature=11 12 16 9 1 4 8
split_gain=1973.59 346.393 312.681 171.904 150.769 94.4702 50.1053
threshold=1.0000000180025095e-35 1.0000000180025095e-35 1.0000000180025095e-35 1.0000000180025095e-35 1.0000000180025095e-35 1.0000000180025095e-35 1.0000000180025095e-35
decision_type=2 2 2 2 2 2 2
left_child=1 4 3 -2 -1 -3 -4
right_child=2 5 6 -5 -6 -7 -8
leaf_value=0.003576685859371374 0.031194202523801465 0.035740021935751827 -0.0067773999804854324 -0.017622776018395764 0.0776204410393799 0.003108078701995357 -0.05365992702379279
leaf_weight=307.46530422568321 780.35457119345665 2514.9386586397886 247.78641131520271 9405.5451638251543 2611.4809831529856 1370.7274996936321 2893.7570469677448
leaf_count=1237 3138 10076 1018 38070 10483 5492 11898
internal_value=-1.71824e-05 0.0437974 -0.0223893 -0.0138802 0.069825 0.0242324 -0.0499654
internal_weight=20132.1 6804.61 13327.4 10185.9 2918.95 3885.67 3141.54
internal_count=81412 27288 54124 41208 11720 15568 12916
is_linear=0
shrinkage=0.1


Tree=4
num_leaves=8
num_cat=0
split_feature=11 13 17 1 1 18 1
split_gain=1603.44 297.263 266.154 150.866 147.021 80.0349 64.8997
threshold=1.0000000180025095e-35 1.0000000180025095e-35 1.0000000180025095e-35 1.0000000180025095e-35 1.0000000180025095e-35 1.0000000180025095e-35 1.0000000180025095e-35
decision_type=2 2 2 2 2 2 2
left_child=1 6 3 -2 -3 -4 -1
right_child=2 4 5 -5 -6 -7 -8
leaf_value=0.017858984732717544 -0.050280782382928428 -0.021683934641830584 0.032146392239791197 -0.0057876084933526596 0.034279722499707087 -0.042405240320602167 0.088291067135193371
leaf_weight=146.92505016922951 842.20654210448265 518.61797754466534 148.21818087995052 7926.3010551184416 4887.6987144052982 4366.0928458869457 1237.7154575884342
leaf_count=590 3413 2096 610 32095 19588 18006 5014
internal_value=-1.70772e-05 0.0395063 -0.0202252 -0.0100664 0.0289082 -0.0399509 0.0808358
internal_weight=20073.8 6790.96 13282.8 8768.51 5406.32 4514.31 1384.64
internal_count=81412 27288 54124 35508 21684 18616 5604
is_linear=0
shrinkage=0.1


Tree=5
num_leaves=8
num_cat=0
split_feature=11 12 8 16 15 16 1
split_gain=1303.65 256.583 237.471 178.33 112.379 83.707 38.8546
threshold=1.0000000180025095e-35 1.0000000180025095e-35 1.0000000180025095e-35 1.0000000180025095e-35 1.0000000180025095e-35 1.0000000180025095e-35 1.0000000180025095e-35
decision_type=2 2 2 2 2 2 2
left_child=1 4 6 -4 -1 -3 -2
right_child=2 5 3 -5 -6 -7 -8
leaf_value=0.10779026302972546 -0.045178718087470843 0.025295623050722013 -0.016293940944086469 -0.045141250227653376 0.050362231179414407 -0.014726451250583375 0.020346449581063315
leaf_weight=395.14463227987289 94.9827910810709 3264.7259010672569 8699.725694745779 2843.4008357226849 2489.528003230691 621.46572966873646 1601.8688531517982
leaf_count=1617 386 13079 35344 11898 10103 2489 6496
internal_value=-1.60739e-05 0.0356727 -0.0182685 -0.0234031 0.0582634 0.0188933 0.0166542
internal_weight=20010.8 6770.86 13240 11543.1 2884.67 3886.19 1696.85
internal_count=81412 27288 54124 47242 11720 15568 6882
is_linear=0
shrinkage=0.1


Tree=6
num_leaves=8
num_cat=0
split_feature=11 14 9 18 8 1 1
split_gain=1060.19 215.143 197.291 195.236 138.527 28.3312 27.8404
threshold=1.0000000180025095e-35 1.0000000180025095e-35 1.0000000180025095e-35 1.0000000180025095e-35 1.0000000180025095e-35 1.0000000180025095e-35 1.0000000180025095e-35
decision_type=2 2 2 2 2 2 2
left_child=1 5 6 -4 -3 -1 -2
right_child=2 4 3 -5 -6 -7 -8
leaf_value=0.021718907630709331 -0.045578679617310172 0.054247339937200136 0.032755400609845331 -0.022867942132515549 0.018007312809077573 0.091337325115497775 0.032268884651408029
leaf_weight=65.222982108592987 47.641183644533157 1360.2966559529305 666.42507380247116 11612.050755694509 4693.5004369467497 630.50517845153809 870.67932784557343
leaf_count=261 193 5490 2716 47701 18914 2623 3514
internal_value=-1.47054e-05 0.0322198 -0.0165023 -0.0198465 0.0261581 0.0848513 0.0281851
internal_weight=19946.3 6749.53 13196.8 12278.5 6053.8 695.728 918.321
internal_count=81412 27288 54124 50417 24404 2884 3707
is_linear=0
shrinkage=0.1


Tree=7
num_leaves=8
num_cat=0
split_feature=11 12 8 4 1 1 1
split_gain=862.138 196.462 188.235 168.286 99.6932 74.3708 30.4736
threshold=1.0000000180025095e-35 1.0000000180025095e-35 1.0000000180025095e-35 1.0000000180025095e-35 1.0000000180025095e-35 1.0000000180025095e-35 1.0000000180025095e-35
decision_type=2 2 2 2 2 2 2
left_child=1 4 6 -4 -1 -3 -2
right_child=2 5 3 -5 -6 -7 -8
leaf_value=-0.004571814268252308 -0.038851720272216714 -0.028844971429179994 -0.0099401249760507834 -0.034859035783722396 0.055603486374956469 0.018892848449222548 0.019435501994559606
leaf_weight=308.67856052517891 94.098190456628799 358.74137359857559 7065.870597332716 4396.5685418397188 2535.1070303022861 3525.0605415254831 1602.4712859243155
leaf_count=1237 386 1449 29006 18236 10483 14119 6496
internal_value=-1.15568e-05 0.0291058 -0.014899 -0.0195003 0.0490725 0.0144771 0.0161817
internal_weight=19886.6 6727.59 13159 11462.4 2843.79 3883.8 1696.57
internal_count=81412 27288 54124 47242 11720 15568 6882
is_linear=0
shrinkage=0.1


Tree=8
num_leaves=8
num_cat=0
split_feature=11 9 17 1 12 1 21
split_gain=701.647 183.313 180.324 110.929 97.7278 88.6866 70.266
threshold=1.0000000180025095e-35 1.0000000180025095e-35 1.0000000180025095e-35 1.0000000180025095e-35 1.0000000180025095e-35 1.0000000180025095e-35 1.0000000180025095e-35
decision_type=2 2 2 2 2 2 2
left_child=1 5 3 -2 -3 -1 -4
right_child=2 4 6 -5 -6 -7 -8
leaf_value=-0.037241319260227009 -0.039871979845086308 0.035142386037290807 -0.022541835046621619 -0.001440555175560907 0.0074681594751420562 0.066754047392497476 -0.051536532392923953
leaf_weight=87.258306324481964 829.21066607534885 2077.3557874858379 3293.2331924885511 7878.6603728085756 3307.4537422508001 1225.5021956115961 1120.8800083547831
leaf_count=351 3413 8619 13883 32095 13270 5048 4733
internal_value=-9.86469e-06 0.0263241 -0.0134519 -0.00510436 0.0181489 0.0598185 -0.0299145
internal_weight=19819.6 6697.57 13122 8707.87 5384.81 1312.76 4414.11
internal_count=81412 27288 54124 35508 21889 5399 18616
is_linear=0
shrinkage=0.1


Tree=9
num_leaves=8
num_cat=0
split_feature=11 21 14 18 8 9 9
split_gain=570.903 161.559 159.745 124.292 106.101 43.908 21.8785
threshold=1.0000000180025095e-35 1.0000000180025095e-35 1.0000000180025095e-35 1.0000000180025095e-35 1.0000000180025095e-35 1.0000000180025095e-35 1.0000000180025095e-35
decision_type=2 2 2 2 2 2 2
left_child=2 3 6 -2 -4 -3 -1
right_child=1 5 4 -5 -6 -7 -8
leaf_value=0.093355921660900967 0.039808488109153939 0.018184779398191145 0.043391338559408354 -0.0086546052380386106 0.011493551081971816 -0.034802487265385193 0.055713806067962307
leaf_weight=254.5254632383585 559.76511390507221 164.52900342643261 1342.7676042467356 9404.9600841552019 4661.5817725211382 2955.1369214653969 412.15719451010227
leaf_count=1112 2275 665 5490 38869 18914 12315 1772
internal_value=-9.19182e-06 -0.0121473 0.0237965 -0.00592849 0.018633 -0.032003 0.0702031
internal_weight=19755.4 13084.4 6671.03 9964.73 6004.35 3119.67 666.683
internal_count=81412 54124 27288 41144 24404 12980 2884
is_linear=0
shrinkage=0.1


Tree=10
num_leaves=8
num_cat=0
split_feature=12 16 1 1 2 4 15
split_gain=464.859 234.184 167.305 77.2308 431.03 67.2447 61.9981
threshold=1.0000000180025095e-35 1.0000000180025095e-35 1.0000000180025095e-35 1.0000000180025095e-35 1.0000000180025095e-35 1.0000000180025095e-35 1.0000000180025095e-35
decision_type=2 2 2 2 2 2 2
left_child=3 2 -2 4 -1 -3 -5
right_child=1 5 -4 6 -6 -7 -8
leaf_value=0.073816541752543291 -0.034550662869495215 -0.014677870702658953 0.0035580346436287513 0.084071331440356598 -0.17629153108466122 -0.041963888431311429 0.037560433156377276
leaf_weight=206.73231925070286 1272.9684865772724 1750.2259707003832 12034.199975639582 331.240592867136 102.10850942134857 1868.8546805232763 2133.0336428284645
leaf_count=828 5258 7377 49029 1490 409 8028 8993
internal_value=-6.16117e-06 -0.0062246 -8.97792e-05 0.0379379 -0.00917592 -0.0287758 0.0438439
internal_weight=19699.4 16926.2 13307.2 2773.12 308.841 3619.08 2464.27
internal_count=81412 69692 54287 11720 1237 15405 10483
is_linear=0
shrinkage=0.1


Tree=11
num_leaves=8
num_cat=0
split_feature=11 8 10 4 8 1 20
split_gain=411.37 144.113 138.932 120.775 78.8543 31.6848 19.7458
threshold=1.0000000180025095e-35 1.0000000180025095e-35 1.0000000180025095e-35 1.0000000180025095e-35 1.0000000180025095e-35 1.0000000180025095e-35 1.0000000180025095e-35
decision_type=2 2 2 2 2 2 2
left_child=2 6 5 -3 -4 -1 -2
right_child=1 3 4 -5 -6 -7 -8
leaf_value=-0.02731609126352931 -0.10236099974131901 -0.006281533859553665 0.037614650402491838 -0.027536807052071802 0.010158968913131115 0.077604183739742053 0.017862720723622889
leaf_weight=30.197634547948837 12.793370872735975 7015.1150969564915 1338.4961739331484 4319.0540411919355 4781.5650391429663 465.4733779579401 1679.5967922061682
leaf_count=122 52 29006 5571 18236 19593 2002 6830
internal_value=-5.37756e-06 -0.0103185 0.0202999 -0.0143829 0.0161689 0.07117 0.016894
internal_weight=19642.3 13026.6 6615.73 11334.2 6120.06 495.671 1692.39
internal_count=81412 54124 27288 47242 25164 2124 6882
is_linear=0
shrinkage=0.1


Tree=12
num_leaves=8
num_cat=0
split_feature=9 11 18 1 2 4 10
split_gain=357.726 211.506 129.347 73.9891 128.818 61.9666 51.2608
threshold=1.0000000180025095e-35 1.0000000180025095e-35 1.0000000180025095e-35 1.0000000180025095e-35 1.0000000180025095e-35 1.0000000180025095e-35 1.0000000180025095e-35
decision_type=2 2 2 2 2 2 2
left_child=3 5 -3 4 -1 -2 -5
right_child=1 2 -4 6 -6 -7 -8
leaf_value=0.047260383261867822 0.019756201115079988 0.030665587359135112 -0.01461423225685364 0.065817192952744047 -0.15132478671512595 -0.0028252923833746164 0.031916501770974763
leaf_weight=79.324641823768616 3451.0289857685566 666.8728855997324 11412.087963268161 658.54516074061394 54.134943783283234 1875.0601675361395 1392.1562811285257
leaf_count=323 14207 2716 47701 2817 221 7682 5745
internal_value=-4.45466e-06 -0.00479226 -0.012112 0.0381331 -0.0338177 0.0118073 0.0428299
internal_weight=19589.2 17405.1 12079 2184.16 133.46 5326.09 2050.7
internal_count=81412 72306 50417 9106 544 21889 8562
is_linear=0
shrinkage=0.1


Tree=13
num_leaves=8
num_cat=0
split_feature=12 16 1 15 1 4 10
split_gain=294.811 175.67 128.954 59.1049 48.5875 46.9033 11.9522
threshold=1.0000000180025095e-35 1.0000000180025095e-35 1.0000000180025095e-35 1.0000000180025095e-35 1.0000000180025095e-35 1.0000000180025095e-35 1.0000000180025095e-35
decision_type=2 2 2 2 2 2 2
left_child=3 2 -2 6 -5 -3 -1
right_child=1 5 -4 4 -6 -7 -8
leaf_value=0.099286646399860096 -0.030048202552320841 -0.012842311509409296 0.0035662197843541448 -0.014471517540712846 0.030146292740847409 -0.035780577315640175 0.057188162948952986
leaf_weight=96.681250780820847 1260.2245523184538 1738.710146650672 11997.45234015584 275.71651428937912 2090.1742659062147 1832.0122220665216 247.74507685005665
leaf_count=476 5258 7377 49029 1110 8993 8028 1141
internal_value=-3.89905e-06 -0.00493402 0.000368935 0.0305978 0.0249427 -0.0246179 0.0692585
internal_weight=19538.7 16828.4 13257.7 2710.32 2365.89 3570.72 344.426
internal_count=81412 69692 54287 11720 10103 15405 1617
is_linear=0
shrinkage=0.1


Tree=14
num_leaves=8
num_cat=0
split_feature=9 8 4 1 2 10 1
split_gain=273.521 173.383 151.175 55.8229 107.814 40.1369 36.8231
threshold=1.0000000180025095e-35 1.0000000180025095e-35 1.0000000180025095e-35 1.0000000180025095e-35 1.0000000180025095e-35 1.0000000180025095e-35 1.0000000180025095e-35
decision_type=2 2 2 2 2 2 2
left_child=3 6 -3 4 -1 -5 -2
right_child=1 2 -4 5 -6 -7 -8
leaf_value=0.044121620760760524 -0.024026118374905509 -0.0004258699512681085 -0.021247027343810936 0.0582425641943531 -0.13914481750016525 0.028001393033461632 0.023625230603429803
leaf_weight=79.391395568847656 173.63718540966511 9248.2807003110647 5596.9297371804714 644.60714234411716 52.509097263216972 1384.8364455550909 2306.689941033721
leaf_count=323 715 38371 23692 2817 221 5745 9528
internal_value=-2.35285e-06 -0.00418748 -0.00827675 0.0335324 -0.0293341 0.0376308 0.020281
internal_weight=19486.9 17325.5 14845.2 2161.34 131.9 2029.44 2480.33
internal_count=81412 72306 62063 9106 544 8562 10243
is_linear=0
shrinkage=0.1


Tree=15
num_leaves=8
num_cat=0
split_feature=11 21 14 18 1 22 1
split_gain=230.056 128.058 84.2428 77.8816 60.5888 33.1943 12.2744
threshold=1.0000000180025095e-35 1.0000000180025095e-35 1.0000000180025095e-35 1.0000000180025095e-35 1.0000000180025095e-35 1.0000000180025095e-35 1.0000000180025095e-35
decision_type=2 2 2 2 2 2 2
left_child=2 3 6 -2 -4 -3 -1
right_child=1 5 4 -5 -6 -7 -8
leaf_value=0.0092083659614680593 0.033941149360916627 0.037228834737772526 -0.018536658652967969 -0.0043671573339257291 0.015033320512562495 -0.027301582085400358 0.055483725531184441
leaf_weight=64.516147047281265 561.82245048880577 81.067451819777489 597.21763272583485 9298.4356366246939 5319.9005365967751 2983.3316031694412 546.4852776825428
leaf_count=261 2275 341 2425 38869 21979 12639 2623
internal_value=-2.53368e-06 -0.00773121 0.0152979 -0.00218119 0.0116425 -0.0255829 0.0506205
internal_weight=19452.8 12924.7 6528.12 9860.26 5917.12 3064.4 611.001
internal_count=81412 54124 27288 41144 24404 12980 2884
is_linear=0
shrinkage=0.1


Tree=16
num_leaves=8
num_cat=0
split_feature=9 7 4 1 2 18 15
split_gain=211.235 148.409 136.122 42.823 90.7771 41.0348 33.8049
threshold=1.0000000180025095e-35 1.0000000180025095e-35 1.0000000180025095e-35 1.0000000180025095e-35 1.0000000180025095e-35 1.0000000180025095e-35 1.0000000180025095e-35
decision_type=2 2 2 2 2 2 2
left_child=3 2 -2 4 -1 -3 -5
right_child=1 5 -4 6 -6 -7 -8
leaf_value=0.040699394231096392 0.010074029058184608 0.024635665512595568 -0.011054336628043261 0.082689717725794046 -0.12931624911394524 -0.021451235901244283 0.029807104479578329
leaf_weight=79.566926598548889 7788.276618719101 201.55376376211643 5009.9160801768303 128.62940868735313 50.528154954314232 4264.989023193717 1880.6476422101259
leaf_count=323 32288 829 21147 691 221 18042 7871
internal_value=-1.16257e-06 -0.00367454 0.00180301 0.0296309 -0.0258164 -0.0193665 0.033232
internal_weight=19404.1 17264.7 12798.2 2139.37 130.095 4466.54 2009.28
internal_count=81412 72306 53435 9106 544 18871 8562
is_linear=0
shrinkage=0.1


Tree=17
num_leaves=8
num_cat=0
split_feature=8 3 1 1 2 12 22
split_gain=192.762 125.178 251.554 41.168 199.716 37.6608 6.10801
threshold=1.0000000180025095e-35 1.0000000180025095e-35 1.0000000180025095e-35 1.0000000180025095e-35 1.0000000180025095e-35 1.0000000180025095e-35 1.0000000180025095e-35
decision_type=2 2 2 2 2 2 2
left_child=3 6 -3 4 -1 -5 -2
right_child=1 2 -4 5 -6 -7 -8
leaf_value=0.049169371613887278 0.11137315956110104 -0.052871284490031228 -0.0026636823634885016 0.046695597275271894 -0.15550418352832077 0.019513923512959944 0.039979176655138539
leaf_weight=140.00380924344063 11.601126238703726 1070.435859054327 14544.716047525406 653.19718323647976 71.050544694066048 2325.3059969842434 556.71356852352619
leaf_count=577 49 4543 61093 3034 298 9463 2355
internal_value=-1.06368e-06 -0.00442974 -0.00610863 0.0224639 -0.0201415 0.0254886 0.0416296
internal_weight=19373 16183.5 15615.2 3189.56 211.054 2978.5 568.315
internal_count=81412 68040 65636 13372 875 12497 2404
is_linear=0
shrinkage=0.1


Tree=18
num_leaves=8
num_cat=0
split_feature=12 16 21 0 2 1 13
split_gain=175.192 122.059 91.3971 42.4893 39.0424 295.538 4.94526
threshold=1.0000000180025095e-35 1.0000000180025095e-35 1.0000000180025095e-35 1.0000000180025095e-35 1.0000000180025095e-35 1.0000000180025095e-35 1.0000000180025095e-35
decision_type=2 2 2 2 2 2 2
left_child=4 2 -2 -3 6 -6 -1
right_child=1 3 -4 -5 5 -7 -8
leaf_value=0.082186307261985614 0.0051787578017104601 0.01911411601156188 -0.014598105336557513 -0.023384633570749033 -0.14901584692752654 0.027591869864781654 0.049999535062897275
leaf_weight=98.358976498246193 10167.252196341753 252.77391377091408 3033.03678175807 3265.1331932544708 97.787940174341202 2327.0576219558716 107.57204848527908
leaf_count=397 41664 1090 12623 14315 409 10483 431
internal_value=-2.58106e-06 -0.00377763 0.000633857 -0.0203264 0.0239796 0.0204112 0.0656958
internal_weight=19349 16718.2 13200.3 3517.91 2630.78 2424.85 205.931
internal_count=81412 69692 54287 15405 11720 10892 828
is_linear=0
shrinkage=0.1


Tree=19
num_leaves=8
num_cat=0
split_feature=9 18 5 1 2 10 1
split_gain=156.642 133.378 119.874 31.6607 61.9982 30.1313 14.0963
threshold=1.0000000180025095e-35 1.0000000180025095e-35 1.0000000180025095e-35 1.0000000180025095e-35 1.0000000180025095e-35 1.0000000180025095e-35 1.0000000180025095e-35
decision_type=2 2 2 2 2 2 2
left_child=3 6 -3 4 -1 -5 -2
right_child=1 2 -4 5 -6 -7 -8
leaf_value=0.030619653545906702 -0.0036772757610644539 0.0028733219624896642 -0.014433969551140942 0.047071343057505266 -0.11393677365506782 0.0204601559901962 0.032954212183127267
leaf_weight=79.543302074074745 116.38676057755947 8225.0434739142656 7792.6643606126308 619.33000355958939 46.033863246440887 1365.5889651477337 1059.7366803586483
leaf_count=323 479 34504 32956 2817 221 5745 4367
internal_value=-3.40079e-06 -0.00315987 -0.0055471 0.0257011 -0.0228531 0.0287828 0.0293292
internal_weight=19304.3 17193.8 16017.7 2110.5 125.577 1984.92 1176.12
internal_count=81412 72306 67460 9106 544 8562 4846
is_linear=0
shrinkage=0.1


Tree=20
num_leaves=8
num_cat=0
split_feature=8 4 7 16 1 2 20
split_gain=145.396 107.887 113.002 56.3613 31.4071 153.017 29.07
threshold=1.0000000180025095e-35 1.0000000180025095e-35 1.0000000180025095e-35 1.0000000180025095e-35 1.0000000180025095e-35 1.0000000180025095e-35 1.0000000180025095e-35
decision_type=2 2 2 2 2 2 2
left_child=4 2 -2 -3 5 -1 -6
right_child=1 3 -4 -5 6 -7 -8
leaf_value=0.04156173597207162 0.0088344621146396792 -0.0083161606242813275 -0.014534782620455589 -0.029823500401991443 -0.10673966550662461 -0.14090565936440289 0.023000912625865125
leaf_weight=140.13389401137829 7413.4561960697174 4099.7231088131666 2869.1583856493235 1733.4833687990904 16.401874348521233 67.172699391841888 2937.2560111731291
leaf_count=577 30910 17139 12129 7862 68 298 12429
internal_value=-3.11671e-06 -0.00384971 0.00231296 -0.0147116 0.0196033 -0.017955 0.0222446
internal_weight=19276.8 16115.8 10282.6 5833.21 3160.96 207.307 2953.66
internal_count=81412 68040 43039 25001 13372 875 12497
is_linear=0
shrinkage=0.1


Tree=21
num_leaves=8
num_cat=0
split_feature=11 21 2 1 3 22 13
split_gain=134.69 80.1713 56.0376 456.208 54.6479 26.1967 9.50707
threshold=1.0000000180025095e-35 1.0000000180025095e-35 1.0000000180025095e-35 1.0000000180025095e-35 1.0000000180025095e-35 1.0000000180025095e-35 1.0000000180025095e-35
decision_type=2 2 2 2 2 2 2
left_child=2 4 6 -4 -2 -3 -1
right_child=1 5 3 -5 -6 -7 -8
leaf_value=0.073269079989769906 0.035052293132749233 0.03557627344405967 -0.14277850640183587 0.014247158795477822 -0.0030653421598235472 -0.021741509653313729 0.037815439857533426
leaf_weight=97.298875451087952 390.76209817826748 81.097079679369926 190.14594966173172 5776.5522289872169 9417.3698976933956 2933.1858583241701 360.38277645409107
leaf_count=397 1650 341 823 24602 39494 12639 1466
internal_value=-6.28647e-06 -0.00592754 0.011811 0.00922 -0.00154329 -0.0201881 0.0454959
internal_weight=19246.8 12822.4 6424.38 5966.7 9808.13 3014.28 457.682
internal_count=81412 54124 27288 25425 41144 12980 1863
is_linear=0
shrinkage=0.1


Tree=22
num_leaves=8
num_cat=0
split_feature=9 18 19 15 1 1 21
split_gain=116.321 104.206 94.5826 29.7963 23.2039 10.3174 1.91983
threshold=1.0000000180025095e-35 1.0000000180025095e-35 1.0000000180025095e-35 1.0000000180025095e-35 1.0000000180025095e-35 1.0000000180025095e-35 1.0000000180025095e-35
decision_type=2 2 2 2 2 2 2
left_child=3 5 -3 6 -5 -2 -1
right_child=1 2 -4 4 -6 -7 -8
leaf_value=0.07620212671613337 -0.0023127863889647426 0.045174021281375376 -0.0060246338808579184 -0.024737262113498228 0.021938946067739926 0.029153236135294865 0.042297018120559221
leaf_weight=98.612926051020622 115.44779387116432 368.38525997102261 15582.086890667677 112.20393733680248 1848.7079477757215 1055.7758804261684 25.427948027849197
leaf_count=579 479 1552 65908 507 7871 4367 149
internal_value=-8.73767e-06 -0.00272484 -0.00483941 0.0222866 0.0192569 0.0260523 0.0696455
internal_weight=19206.6 17121.7 15950.5 2084.95 1960.91 1171.22 124.041
internal_count=81412 72306 67460 9106 8378 4846 728
is_linear=0
shrinkage=0.1


Tree=23
num_leaves=8
num_cat=0
split_feature=8 0 17 1 2 20 5
split_gain=110.628 92.2501 85.2559 23.8396 114.657 23.7216 14.1672
threshold=1.0000000180025095e-35 1.0000000180025095e-35 1.0000000180025095e-35 1.0000000180025095e-35 1.0000000180025095e-35 1.0000000180025095e-35 1.0000000180025095e-35
decision_type=2 2 2 2 2 2 2
left_child=3 6 -3 4 -1 -5 -2
right_child=1 2 -4 5 -6 -7 -8
leaf_value=0.034181932675014022 0.038764391160955765 -0.00029456131864622793 -0.016633475293833425 -0.097767523911035159 -0.12802202649500816 0.020135085254479369 0.014079055022585898
leaf_weight=140.15133491158485 492.12917307019234 10526.651594012976 4583.4225494265556 16.192487806081772 62.063249260187149 2919.4085022807121 443.20081095397472
leaf_count=577 2070 43914 20177 68 298 12429 1879
internal_value=-5.88977e-06 -0.00336438 -0.00525151 0.0171635 -0.0159864 0.0194517 0.0270949
internal_weight=19183.2 16045.4 15110.1 3137.82 202.215 2935.6 935.33
internal_count=81412 68040 64091 13372 875 12497 3949
is_linear=0
shrinkage=0.1


Tree=24
num_leaves=8
num_cat=0
split_feature=12 6 4 15 2 10 10
split_gain=105.654 83.3507 72.9228 32.4616 23.7007 12.783 6.4287
threshold=1.0000000180025095e-35 1.0000000180025095e-35 1.0000000180025095e-35 1.0000000180025095e-35 1.0000000180025095e-35 1.0000000180025095e-35 1.0000000180025095e-35
decision_type=2 2 2 2 2 2 2
left_child=3 2 -2 6 -5 -3 -1
right_child=1 5 -4 4 -6 -7 -8
leaf_value=0.075259893233357605 0.0051261085029306657 0.036479640011244756 -0.0094123628320540442 0.049254791605304923 0.011732264987974257 -0.02363510555149886 0.040981249979428751
leaf_weight=74.853292927145958 9140.2555586844683 35.194978222250938 5540.505942761898 182.35968637466431 2076.797008946538 1884.3241287916899 225.29713423550129
leaf_count=476 37770 146 23629 738 9365 8147 1141
internal_value=-7.7134e-06 -0.00292381 -0.000360965 0.0189006 0.0147815 -0.0225145 0.0497514
internal_weight=19159.6 16600.3 14680.8 2559.31 2259.16 1919.52 300.15
internal_count=81412 69692 61399 11720 10103 8293 1617
is_linear=0
shrinkage=0.1


end of trees

feature_importances:
discharge_disposition_id_lt=_10.5=39
number_inpatient_lt=_0.5=14
admission_source_id_lt=_6.5=12
number_outpatient_lt=_0.5=12
number_emergency_lt=_0.5=12
discharge_disposition_id_lt=_14.5=11
number_inpatient_lt=_1.5=11
number_diagnoses_lt=_5.5=9
diag_1_428_lt=_0.5=8
number_emergency_lt=_1.5=7
diabetesMed_Yes_lt=_0.5=7
number_inpatient_lt=_4.5=6
number_inpatient_lt=_2.5=4
number_diagnoses_lt=_6.5=4
number_inpatient_lt=_3.5=3
diag_2_648_lt=_0.5=3
diag_2_403_lt=_0.5=3
admission_type_id_lt=_5.5=2
discharge_disposition_id_lt=_21.0=2
time_in_hospital_lt=_3.5=2
num_medications_lt=_10.5=2
num_medications_lt=_7.5=1
diag_1_491_lt=_0.5=1

parameters:
[boosting: gbdt]
[objective: binary]
[metric: binary_logloss]
[tree_learner: serial]
[device_type: cpu]
[data_sample_strategy: bagging]
[data: ]
[valid: ]
[num_iterations: 25]
[learning_rate: 0.1]
[num_leaves: 31]
[num_threads: 8]
[seed: 42]
[deterministic: 0]
[force_col_wise: 0]
[force_row_wise: 0]
[histogram_pool_size: -1]
[max_depth: 3]
[min_data_in_leaf: 20]
[min_sum_hessian_in_leaf: 0.001]
[bagging_fraction: 1]
[pos_bagging_fraction: 1]
[neg_bagging_fraction: 1]
[bagging_freq: 0]
[bagging_seed: 400]
[bagging_by_query: 0]
[feature_fraction: 1]
[feature_fraction_bynode: 1]
[feature_fraction_seed: 30056]
[extra_trees: 0]
[extra_seed: 12879]
[early_stopping_round: 0]
[early_stopping_min_delta: 0]
[first_metric_only: 0]
[max_delta_step: 0]
[lambda_l1: 0]
[lambda_l2: 1]
[linear_lambda: 0]
[min_gain_to_split: 0]
[drop_rate: 0.1]
[max_drop: 50]
[skip_drop: 0.5]
[xgboost_dart_mode: 0]
[uniform_drop: 0]
[drop_seed: 17869]
[top_rate: 0.2]
[other_rate: 0.1]
[min_data_per_group: 100]
[max_cat_threshold: 32]
[cat_l2: 10]
[cat_smooth: 10]
[max_cat_to_onehot: 4]
[top_k: 20]
[monotone_constraints: ]
[monotone_constraints_method: basic]
[monotone_penalty: 0]
[feature_contri: ]
[forcedsplits_filename: ]
[refit_decay_rate: 0.9]
[cegb_tradeoff: 1]
[cegb_penalty_split: 0]
[cegb_penalty_feature_lazy: ]
[cegb_penalty_feature_coupled: ]
[path_smooth: 0]
[interaction_constraints: ]
[verbosity: -1]
[saved_feature_importance_type: 0]
[use_quantized_grad: 0]
[num_grad_quant_bins: 4]
[quant_train_renew_leaf: 0]
[stochastic_rounding: 1]
[linear_tree: 0]
[max_bin: 255]
[max_bin_by_feature: ]
[min_data_in_bin: 3]
[bin_construct_sample_cnt: 200000]
[data_random_seed: 175]
[is_enable_sparse: 1]
[enable_bundle: 1]
[use_missing: 1]
[zero_as_missing: 0]
[feature_pre_filter: 1]
[pre_partition: 0]
[two_round: 0]
[header: 0]
[label_column: ]
[weight_column: ]
[group_column: ]
[ignore_column: ]
[categorical_feature: ]
[forcedbins_filename: ]
[precise_float_parser: 0]
[parser_config_file: ]
[objective_seed: 16083]
[num_class: 1]
[is_unbalance: 0]
[scale_pos_weight: 1]
[sigmoid: 1]
[boost_from_average: 1]
[reg_sqrt: 0]
[alpha: 0.9]
[fair_c: 1]
[poisson_max_delta_step: 0.7]
[tweedie_variance_power: 1.5]
[lambdarank_truncation_level: 30]
[lambdarank_norm: 1]
[label_gain: ]
[lambdarank_position_bias_regularization: 0]
[eval_at: ]
[multi_error_top_k: 1]
[auc_mu_weights: ]
[num_machines: 1]
[local_listen_port: 12400]
[time_out: 120]
[machine_list_filename: ]
[machines: ]
[gpu_platform_id: -1]
[gpu_device_id: -1]
[gpu_use_dp: 0]
[num_gpu: 1]

end of parameters

pandas_categorical:[]
