tree
version=v4
num_class=1
num_tree_per_iteration=1
label_index=0
max_feature_idx=15
objective=binary sigmoid:1
feature_names=ExternalRiskEstimate_lt=_67.5 ExternalRiskEstimate_lt=_70.5 ExternalRiskEstimate_lt=_73.5 ExternalRiskEstimate_lt=_74.5 ExternalRiskEstimate_lt=_75.5 ExternalRiskEstimate_lt=_78.5 ExternalRiskEstimate_lt=_81.5 AverageMInFile_lt=_49.5 AverageMInFile_lt=_63.5 MSinceMostRecentInqexcl7days_lt=_-7.5 MSinceMostRecentInqexcl7days_lt=_0.5 MSinceMostRecentInqexcl7days_lt=_1.5 NetFractionRevolvingBurden_lt=_37.5 NetFractionRevolvingBurden_lt=_47.5 PercentTradesWBalance_lt=_47.5 PercentTradesNeverDelq_lt=_95.5
feature_infos=[0:1] [0:1] [0:1] [0:1] [0:1] [0:1] [0:1] [0:1] [0:1] [0:1] [0:1] [0:1] [0:1] [0:1] [0:1] [0:1]
tree_sizes=1009 1015 1012 1021 1016 1014 1018 1010 1018 1019 1022 1018 1021 1023 1013 1012 1013 1015 1011 1019 1020 1017 1024 1024 1014

Tree=0
num_leaves=8
num_cat=0
split_feature=3 0 14 6 10 10 7
split_gain=1324.43 138.635 106.371 86.442 70.4804 46.3829 13.4548
threshold=1.0000000180025095e-35 1.0000000180025095e-35 1.0000000180025095e-35 1.0000000180025095e-35 1.0000000180025095e-35 1.0000000180025095e-35 1.0000000180025095e-35
decision_type=2 2 2 2 2 2 2
left_child=3 4 -3 6 -2 -5 -1
right_child=1 2 -4 5 -6 -7 -8
leaf_value=0.048662047739574887 -0.046806475511535738 -0.19338017742234548 -0.10412911302370191 0.02689593302238491 -0.13167318015720481 -0.046157934878959556 -0.066953331114358153
leaf_weight=399.23043251037598 136.98594215512276 651.24464303255081 168.42533871531487 133.49267587065697 336.10212036967278 251.51517248153687 10.729317873716353
leaf_count=1600 549 2610 675 535 1347 1008 43
internal_value=-0.0877819 -0.150226 -0.175083 0.0137139 -0.107065 -0.0205967 0.0456942
internal_weight=2087.73 1292.76 819.67 794.968 473.088 385.008 409.96
internal_count=8367 5181 3285 3186 1896 1543 1643
is_linear=0
shrinkage=1


Tree=1
num_leaves=8
num_cat=0
split_feature=2 5 0 14 8 10 7
split_gain=1075.43 97.5068 89.1634 87.5568 45.9491 39.2749 33.3575
threshold=1.0000000180025095e-35 1.0000000180025095e-35 1.0000000180025095e-35 1.0000000180025095e-35 1.0000000180025095e-35 1.0000000180025095e-35 1.0000000180025095e-35
decision_type=2 2 2 2 2 2 2
left_child=1 6 4 -4 -2 -3 -1
right_child=2 5 3 -5 -6 -7 -8
leaf_value=0.11511218184600946 0.0044426645657858399 0.09181600497904667 -0.095794740392508404 -0.014734225399096227 -0.063802943113091495 0.011431895988777578 0.0052876043509250186
leaf_weight=546.95449715852737 253.94622197747231 88.727625042200089 646.43762692809105 168.29339414834976 160.2109434902668 189.49265170097351 29.230396747589111
leaf_count=2189 1019 355 2610 675 643 759 117
internal_value=-7.87326e-06 0.0861021 -0.0598986 -0.0790892 -0.0220473 0.0373043 0.109559
internal_weight=2083.29 854.405 1228.89 814.731 414.157 278.22 576.185
internal_count=8367 3420 4947 3285 1662 1114 2306
is_linear=0
shrinkage=0.1


Tree=2
num_leaves=8
num_cat=0
split_feature=3 1 9 6 11 10 15
split_gain=878.54 94.5361 66.7293 60.5528 34.0727 33.0151 13.4689
threshold=1.0000000180025095e-35 1.0000000180025095e-35 1.0000000180025095e-35 1.0000000180025095e-35 1.0000000180025095e-35 1.0000000180025095e-35 1.0000000180025095e-35
decision_type=2 2 2 2 2 2 2
left_child=3 5 -3 6 -5 -2 -1
right_child=1 2 -4 4 -6 -7 -8
leaf_value=0.11477537297755294 0.056079820723133916 -0.074915024354744883 0.0014307995537209809 0.10062661719232885 0.034842530035787828 -0.020969608208416399 0.04505196230199765
leaf_weight=376.28314398229122 78.662255555391312 885.7405496686697 131.41354264318943 110.55906021595001 274.49936801195145 183.22265656292439 31.786378860473633
leaf_count=1515 315 3601 528 444 1099 737 128
internal_value=-1.52204e-05 -0.0512768 -0.0650596 0.0826124 0.0539424 0.00229898 0.109468
internal_weight=2072.17 1279.04 1017.15 793.128 385.058 261.885 408.07
internal_count=8367 5181 4129 3186 1543 1052 1643
is_linear=0
shrinkage=0.1


Tree=3
num_leaves=8
num_cat=0
split_feature=3 0 14 8 10 13 10
split_gain=718.112 84.4083 64.2617 55.0948 49.1451 44.9767 21.217
threshold=1.0000000180025095e-35 1.0000000180025095e-35 1.0000000180025095e-35 1.0000000180025095e-35 1.0000000180025095e-35 1.0000000180025095e-35 1.0000000180025095e-35
decision_type=2 2 2 2 2 2 2
left_child=3 4 -3 5 -2 -1 -5
right_child=1 2 -4 6 -6 -7 -8
leaf_value=-0.0097433059725699871 0.037405020916260412 -0.080882710373821914 -0.01121004499856626 0.075631642974026095 -0.033557585955033713 0.095082387112231964 -0.0046896358637825786
leaf_weight=43.774697795510292 136.87848351895809 631.42586821317673 167.87655812501907 46.952660605311394 333.40728990733624 592.23604536056519 104.33799278736115
leaf_count=176 549 2610 675 190 1347 2401 419
internal_value=-3.49803e-06 -0.0465217 -0.0662817 0.0749749 -0.0128681 0.0878636 0.0205708
internal_weight=2056.89 1269.59 799.302 787.301 470.286 636.011 151.291
internal_count=8367 5181 3285 3186 1896 2577 609
is_linear=0
shrinkage=0.1


Tree=4
num_leaves=8
num_cat=0
split_feature=2 10 9 5 10 7 0
split_gain=590.924 62.7116 66.1381 62.6842 24.51 24.0908 20.0336
threshold=1.0000000180025095e-35 1.0000000180025095e-35 1.0000000180025095e-35 1.0000000180025095e-35 1.0000000180025095e-35 1.0000000180025095e-35 1.0000000180025095e-35
decision_type=2 2 2 2 2 2 2
left_child=3 6 -3 5 -5 -1 -2
right_child=1 2 -4 4 -6 -7 -8
leaf_value=0.088411669549351868 0.027597937455237493 -0.068472672328040371 0.0070408104576716937 0.068839639579536274 0.0049782891869623791 -0.004763467332148625 -0.026691652633854358
leaf_weight=532.28005303442478 119.794842004776 790.22228990495205 135.70145609974861 87.183771088719368 189.25433984398842 29.167449593544006 154.45009259879589
leaf_count=2189 480 3274 546 355 759 117 647
internal_value=-3.91781e-06 -0.0449813 -0.0574099 0.0643975 0.0252946 0.0835713 -0.00296293
internal_weight=2038.05 1200.17 925.924 837.886 276.438 561.448 274.245
internal_count=8367 4947 3820 3420 1114 2306 1127
is_linear=0
shrinkage=0.1


Tree=5
num_leaves=8
num_cat=0
split_feature=1 5 13 8 10 11 10
split_gain=485.901 96.695 47.1359 40.2158 22.6517 22.249 17.2575
threshold=1.0000000180025095e-35 1.0000000180025095e-35 1.0000000180025095e-35 1.0000000180025095e-35 1.0000000180025095e-35 1.0000000180025095e-35 1.0000000180025095e-35
decision_type=2 2 2 2 2 2 2
left_child=1 5 4 -3 -2 -1 -4
right_child=2 3 6 -5 -6 -7 -8
leaf_value=0.10627358232142009 -0.033505774741787744 0.035250842596794979 0.0083435200996671826 -0.026418786103594785 -0.085260660174691513 0.062578388355544148 -0.038025081350511622
leaf_weight=173.38031509518623 113.00717562437057 320.6388396769762 98.950803756713867 156.6667957752943 358.35287541151047 379.58697925508022 416.91127210855484
leaf_count=727 472 1297 409 635 1519 1579 1729
internal_value=2.71717e-06 0.0480195 -0.0501059 0.014996 -0.0729498 0.0764459 -0.0291319
internal_weight=2017.5 1030.27 987.222 477.306 471.36 552.967 515.862
internal_count=8367 4238 4129 1932 1991 2306 2138
is_linear=0
shrinkage=0.1


Tree=6
num_leaves=8
num_cat=0
split_feature=3 0 14 7 13 8 10
split_gain=401.07 57.0469 46.0205 38.2731 34.6747 33.9425 4.89035
threshold=1.0000000180025095e-35 1.0000000180025095e-35 1.0000000180025095e-35 1.0000000180025095e-35 1.0000000180025095e-35 1.0000000180025095e-35 1.0000000180025095e-35
decision_type=2 2 2 2 2 2 2
left_child=3 5 -3 4 -1 -2 -5
right_child=1 2 -4 6 -6 -7 -8
leaf_value=-0.017102034639865517 0.013364724906411982 -0.064652536956400219 -0.0053049020132856324 0.020420178457325678 0.069534906695854354 -0.042362066431745768 -0.041190253394014241
leaf_weight=49.318093195557594 291.58113986253738 603.9338526725769 166.89834040403366 18.329228281974792 654.67211233079433 173.52393811941147 38.718970775604248
leaf_count=200 1183 2610 675 75 2756 713 155
internal_value=3.05733e-06 -0.0351547 -0.0518263 0.0570709 0.0634499 -0.00747241 -0.0213844
internal_weight=1996.98 1235.94 770.832 761.038 703.99 465.105 57.0482
internal_count=8367 5181 3285 3186 2956 1896 230
is_linear=0
shrinkage=0.1


Tree=7
num_leaves=8
num_cat=0
split_feature=4 10 9 11 9 15 13
split_gain=332.093 58.3603 51.2118 30.3734 38.3023 23.0689 11.796
threshold=1.0000000180025095e-35 1.0000000180025095e-35 1.0000000180025095e-35 1.0000000180025095e-35 1.0000000180025095e-35 1.0000000180025095e-35 1.0000000180025095e-35
decision_type=2 2 2 2 2 2 2
left_child=3 5 -3 6 -5 -2 -1
right_child=1 2 -4 4 -6 -7 -8
leaf_value=-0.015507242669248456 0.038058835871830766 -0.051178163246052261 0.014115207800046848 0.030877574458180269 0.113293320602307 -0.01679375754148003 0.09357870643217614
leaf_weight=10.160354018211363 138.96420609951019 840.46506279706955 139.68804506957531 416.14722439646721 64.554174095392227 168.65314073860645 196.28974089026451
leaf_count=42 574 3596 564 1752 277 707 855
internal_value=-2.34693e-06 -0.0299518 -0.0418679 0.0560871 0.0421575 0.00802859 0.0881612
internal_weight=1974.92 1287.77 980.153 687.151 480.701 307.617 206.45
internal_count=8367 5441 4160 2926 2029 1281 897
is_linear=0
shrinkage=0.1


Tree=8
num_leaves=8
num_cat=0
split_feature=1 7 15 13 10 10 10
split_gain=288.837 60.9226 48.8043 35.7325 15.967 12.9065 3.55524
threshold=1.0000000180025095e-35 1.0000000180025095e-35 1.0000000180025095e-35 1.0000000180025095e-35 1.0000000180025095e-35 1.0000000180025095e-35 1.0000000180025095e-35
decision_type=2 2 2 2 2 2 2
left_child=1 2 -1 4 -2 -5 -3
right_child=3 6 -4 5 -6 -7 -8
leaf_value=0.059277165634091446 -0.026458028255595262 -0.006175419152064798 0.0049102532522999967 0.011517883195054156 -0.070481762498763659 -0.028781216225757945 -0.046530803629879609
leaf_weight=676.27935490012169 110.89233168959618 31.495765388011932 218.60030683875084 98.11587493121624 339.57274082303047 406.96288308501244 72.731149658560753
leaf_count=2907 472 129 905 409 1519 1729 297
internal_value=1.50173e-05 0.03759 0.0460168 -0.0392713 -0.0597269 -0.0209455 -0.0345106
internal_weight=1954.65 999.107 894.88 955.544 450.465 505.079 104.227
internal_count=8367 4238 3812 4129 1991 2138 426
is_linear=0
shrinkage=0.1


Tree=9
num_leaves=8
num_cat=0
split_feature=1 6 11 13 11 14 15
split_gain=236.894 55.6033 32.6969 30.3037 13.8378 11.6606 11.436
threshold=1.0000000180025095e-35 1.0000000180025095e-35 1.0000000180025095e-35 1.0000000180025095e-35 1.0000000180025095e-35 1.0000000180025095e-35 1.0000000180025095e-35
decision_type=2 2 2 2 2 2 2
left_child=1 6 -3 4 -2 -5 -1
right_child=3 2 -4 5 -6 -7 -8
leaf_value=0.07046083531213139 -0.017127105335340356 0.054233749919489371 0.0024059834547606241 -0.030356984256808491 -0.063227083608715859 0.0013389435730662598 0.0051515419108153927
leaf_weight=334.28732021152973 80.488076284527779 164.31164079904556 462.05734188854694 321.48037339746952 361.35685580968857 181.20684272050858 29.320811986923218
leaf_count=1515 345 699 1896 1401 1646 737 128
internal_value=4.34669e-06 0.0341687 0.0160664 -0.035802 -0.054887 -0.0189514 0.065223
internal_weight=1934.51 989.977 626.369 944.532 441.845 502.687 363.608
internal_count=8367 4238 2595 4129 1991 2138 1643
is_linear=0
shrinkage=0.1


Tree=10
num_leaves=8
num_cat=0
split_feature=1 8 12 9 10 10 8
split_gain=194.571 52.1972 36.6696 26.1593 32.6438 12.0744 11.2859
threshold=1.0000000180025095e-35 1.0000000180025095e-35 1.0000000180025095e-35 1.0000000180025095e-35 1.0000000180025095e-35 1.0000000180025095e-35 1.0000000180025095e-35
decision_type=2 2 2 2 2 2 2
left_child=1 2 -1 4 -2 -3 -5
right_child=3 5 -4 6 -6 -7 -8
leaf_value=-0.00090552921397963552 -0.0051687436719736676 0.02533055812637669 0.054990572590397191 0.098559232538525082 -0.051258918503984612 -0.024403621612306657 -0.00072822336650306537
leaf_weight=145.85641339421272 207.28036111593246 67.917046278715134 599.18017601966858 11.668363288044928 595.81409591436386 166.83068649470806 118.74745073914528
leaf_count=601 881 289 2658 49 2720 690 479
internal_value=7.35927e-06 0.0311193 0.0440612 -0.0326451 -0.0393842 -0.00996815 0.00883745
internal_weight=1913.29 979.784 745.037 933.51 803.094 234.748 130.416
internal_count=8367 4238 3259 4129 3601 979 528
is_linear=0
shrinkage=0.1


Tree=11
num_leaves=8
num_cat=0
split_feature=4 13 15 11 9 7 13
split_gain=164.233 35.377 25.3651 23.9441 32.1871 16.3541 9.88255
threshold=1.0000000180025095e-35 1.0000000180025095e-35 1.0000000180025095e-35 1.0000000180025095e-35 1.0000000180025095e-35 1.0000000180025095e-35 1.0000000180025095e-35
decision_type=2 2 2 2 2 2 2
left_child=3 5 -3 6 -5 -2 -1
right_child=1 2 -4 4 -6 -7 -8
leaf_value=-0.024281791465634018 -0.030792618940187744 0.019778335988763201 -0.019991203167842447 0.017949638675279923 0.096358663417592305 -0.071843669914262359 0.075873229243571205
leaf_weight=9.9717863202095014 381.92250150442123 236.17949798703194 494.55493040382862 400.12904968857765 59.384372726082802 130.81630612909794 180.13901913166046
leaf_count=42 1730 997 2104 1752 277 610 855
internal_value=9.91992e-06 -0.0212757 -0.00712789 0.0407238 0.0282699 -0.0413855 0.0705203
internal_weight=1893.1 1243.47 730.734 649.624 459.513 512.739 190.111
internal_count=8367 5441 3101 2926 2029 2340 897
is_linear=0
shrinkage=0.1


Tree=12
num_leaves=8
num_cat=0
split_feature=5 8 15 14 11 9 13
split_gain=137.737 42.9739 34.7647 32.8614 13.9408 16.0807 4.88601
threshold=1.0000000180025095e-35 1.0000000180025095e-35 1.0000000180025095e-35 1.0000000180025095e-35 1.0000000180025095e-35 1.0000000180025095e-35 1.0000000180025095e-35
decision_type=2 2 2 2 2 2 2
left_child=4 2 -2 -3 6 -6 -1
right_child=1 3 -4 -5 5 -7 -8
leaf_value=-0.024633064900229481 0.027024230158503061 -0.049661738092927475 -0.016966853235353779 0.0018202801283728936 0.02509532612972995 0.085835313299235966 0.074423940085717358
leaf_weight=4.7097420096397391 289.47921378910542 452.79410767555237 469.80470360815525 170.50294403731823 294.92634785175323 50.551279306411743 142.59627723693848
leaf_count=20 1232 2048 2085 696 1330 249 707
internal_value=1.89317e-05 -0.0161625 -0.000181639 -0.0355985 0.0453592 0.0342051 0.0711121
internal_weight=1875.36 1382.58 759.284 623.297 492.784 345.478 147.306
internal_count=8367 6061 3317 2744 2306 1579 727
is_linear=0
shrinkage=0.1


Tree=13
num_leaves=8
num_cat=0
split_feature=1 7 15 13 10 10 2
split_gain=116.812 37.0741 29.5083 20.5099 10.2747 9.65998 1.70358
threshold=1.0000000180025095e-35 1.0000000180025095e-35 1.0000000180025095e-35 1.0000000180025095e-35 1.0000000180025095e-35 1.0000000180025095e-35 1.0000000180025095e-35
decision_type=2 2 2 2 2 2 2
left_child=1 2 -1 4 -2 -5 -3
right_child=3 6 -4 5 -6 -7 -8
leaf_value=0.042224961237379212 -0.015110996820360002 -0.021915710231428975 -0.00065173799570872781 0.016392263412973809 -0.051183186724636412 -0.018694379736047304 -0.049310348515284097
leaf_weight=633.45543558895588 107.42815667390823 65.887334033846855 214.82897821068764 97.065156579017639 308.70350088179111 394.47404213249683 36.57225014269352
leaf_count=2907 472 271 905 409 1519 1729 155
internal_value=2.95288e-05 0.0245135 0.0313784 -0.0256151 -0.0419294 -0.0117465 -0.0320761
internal_weight=1858.41 950.744 848.284 907.671 416.132 491.539 102.46
internal_count=8367 4238 3812 4129 1991 2138 426
is_linear=0
shrinkage=0.1


Tree=14
num_leaves=8
num_cat=0
split_feature=5 0 9 14 11 9 13
split_gain=97.6276 34.0588 30.4233 21.6448 12.4527 14.2204 4.33775
threshold=1.0000000180025095e-35 1.0000000180025095e-35 1.0000000180025095e-35 1.0000000180025095e-35 1.0000000180025095e-35 1.0000000180025095e-35 1.0000000180025095e-35
decision_type=2 2 2 2 2 2 2
left_child=4 2 -2 -3 6 -6 -1
right_child=1 3 -4 -5 5 -7 -8
leaf_value=-0.025983860313289822 -0.0013338804185889699 -0.038578463817303177 0.11639966190832295 0.0028092046724401665 0.019826136666601657 0.078330146085894142 0.06718869620649294
leaf_weight=4.6916560828685752 638.93504403531551 538.77988822758198 21.728669106960297 164.8133385181427 288.96390821039677 47.81476591527462 135.58253742754459
leaf_count=20 2687 2610 89 675 1330 249 707
internal_value=1.92044e-05 -0.013599 0.00270834 -0.0288934 0.0389108 0.0283397 0.0639106
internal_weight=1841.31 1364.26 660.664 703.593 477.053 336.779 140.274
internal_count=8367 6061 2776 3285 2306 1579 727
is_linear=0
shrinkage=0.1


Tree=15
num_leaves=8
num_cat=0
split_feature=5 10 9 7 7 11 10
split_gain=80.5093 34.682 31.7893 14.1286 10.867 9.61473 2.1898
threshold=1.0000000180025095e-35 1.0000000180025095e-35 1.0000000180025095e-35 1.0000000180025095e-35 1.0000000180025095e-35 1.0000000180025095e-35 1.0000000180025095e-35
decision_type=2 2 2 2 2 2 2
left_child=4 3 -3 -2 5 -1 -6
right_child=1 2 -4 -5 6 -7 -8
leaf_value=0.062601097034835171 0.024802447792031918 -0.028898552455520816 0.021506479780813614 -0.026933111323229699 0.016313905411458978 0.029928924568584554 -0.041841587499768206
leaf_weight=128.29931446909904 279.48299497365952 866.49056857824326 145.46182861924171 64.152107059955597 8.8281184881925601 312.37916392087936 19.429827451705933
leaf_count=693 1206 3987 592 276 39 1496 78
internal_value=3.36733e-05 -0.0123231 -0.0216391 0.015094 0.0357046 0.0395613 -0.0237365
internal_weight=1824.52 1355.59 1011.95 343.635 468.936 440.678 28.2579
internal_count=8367 6061 4579 1482 2306 2189 117
is_linear=0
shrinkage=0.1


Tree=16
num_leaves=8
num_cat=0
split_feature=0 8 9 10 14 7 11
split_gain=72.5289 38.4609 20.9426 16.374 15.6959 14.2411 5.80218
threshold=1.0000000180025095e-35 1.0000000180025095e-35 1.0000000180025095e-35 1.0000000180025095e-35 1.0000000180025095e-35 1.0000000180025095e-35 1.0000000180025095e-35
decision_type=2 2 2 2 2 2 2
left_child=1 2 -1 -3 5 -2 -6
right_child=4 3 -4 -5 6 -7 -8
leaf_value=0.022446719098888335 -0.023453031083266726 0.022256484837279308 0.082906310147073503 -0.029004260738525491 0.07679120407230286 -0.060102662298707359 -0.0031396147465144668
leaf_weight=753.23800332844257 377.71872194111347 86.120310112833977 61.237648829817772 218.83525566756725 8.638586685061453 147.8939486593008 156.26109416782856
leaf_count=3447 1855 375 313 947 35 755 640
internal_value=3.77096e-05 0.0157554 0.0270886 -0.0145027 -0.0254292 -0.0338598 0.00148535
internal_weight=1809.94 1119.43 814.476 304.956 690.512 525.613 164.9
internal_count=8367 5082 3760 1322 3285 2610 675
is_linear=0
shrinkage=0.1


Tree=17
num_leaves=8
num_cat=0
split_feature=12 15 7 11 9 9 13
split_gain=62.4282 51.848 44.322 18.7652 19.7031 8.07955 5.4572
threshold=1.0000000180025095e-35 1.0000000180025095e-35 1.0000000180025095e-35 1.0000000180025095e-35 1.0000000180025095e-35 1.0000000180025095e-35 1.0000000180025095e-35
decision_type=2 2 2 2 2 2 2
left_child=3 2 -2 6 -5 -3 -1
right_child=1 5 -4 4 -6 -7 -8
leaf_value=-0.003057219665750394 0.045672258949010627 -0.016706093076558265 -0.027388326027317951 -0.035973610039751878 0.072203068336556514 0.012061438102612079 0.041777293224743869
leaf_weight=105.37392593920231 516.88999354839325 373.86492404341698 98.194634765386581 517.91621941328049 16.498016819357872 131.19814597070217 35.515217304229736
leaf_count=462 2536 1666 424 2513 72 536 158
internal_value=3.60831e-05 0.0145105 0.033983 -0.023959 -0.0325054 -0.0092242 0.00845941
internal_weight=1795.45 1120.15 615.085 675.303 534.414 505.063 140.889
internal_count=8367 5162 2960 3205 2585 2202 620
is_linear=0
shrinkage=0.1


Tree=18
num_leaves=8
num_cat=0
split_feature=0 8 9 10 14 7 11
split_gain=52.2236 28.2932 16.6728 12.728 11.1213 12.0488 4.95273
threshold=1.0000000180025095e-35 1.0000000180025095e-35 1.0000000180025095e-35 1.0000000180025095e-35 1.0000000180025095e-35 1.0000000180025095e-35 1.0000000180025095e-35
decision_type=2 2 2 2 2 2 2
left_child=1 2 -1 -3 5 -2 -6
right_child=4 3 -4 -5 6 -7 -8
leaf_value=0.019187895096668635 -0.019481678900406269 0.019917486020795336 0.074460509430993679 -0.025453002939530314 0.070164087828448726 -0.053781706739440244 -0.003500577368369204
leaf_weight=742.74614511430264 370.19026173651218 85.519803658127785 58.102468907833099 216.63645645976067 8.6896434873342496 141.80653373897076 156.2064041942358
leaf_count=3447 1855 375 313 947 35 755 640
internal_value=4.11263e-05 0.013456 0.0232858 -0.0125884 -0.0218062 -0.029068 0.000780922
internal_weight=1779.9 1103 800.849 302.156 676.893 511.997 164.896
internal_count=8367 5082 3760 1322 3285 2610 675
is_linear=0
shrinkage=0.1


Tree=19
num_leaves=8
num_cat=0
split_feature=12 15 7 11 9 9 13
split_gain=46.6838 40.6859 33.1613 14.8917 14.646 6.42167 4.26675
threshold=1.0000000180025095e-35 1.0000000180025095e-35 1.0000000180025095e-35 1.0000000180025095e-35 1.0000000180025095e-35 1.0000000180025095e-35 1.0000000180025095e-35
decision_type=2 2 2 2 2 2 2
left_child=3 2 -2 6 -5 -3 -1
right_child=1 5 -4 4 -6 -7 -8
leaf_value=-0.0021984799473195996 0.040447686886031273 -0.015079373153684267 -0.023160678697040405 -0.031681994336756079 0.06235637958059817 0.010605135810489084 0.037596625948403475
leaf_weight=104.6683654487133 504.45059055089951 371.20086117088795 97.142192795872688 506.93556208908558 16.219053611159325 131.01265308260918 35.235815837979317
leaf_count=462 2536 1666 424 2513 72 536 158
internal_value=3.96324e-05 0.0126345 0.0301551 -0.0209148 -0.0286532 -0.00837128 0.00801988
internal_weight=1766.87 1103.81 601.593 663.059 523.155 502.214 139.904
internal_count=8367 5162 2960 3205 2585 2202 620
is_linear=0
shrinkage=0.1


Tree=20
num_leaves=8
num_cat=0
split_feature=8 15 9 12 14 10 0
split_gain=39.4862 31.8599 21.0832 20.0867 15.4594 14.7587 4.00358
threshold=1.0000000180025095e-35 1.0000000180025095e-35 1.0000000180025095e-35 1.0000000180025095e-35 1.0000000180025095e-35 1.0000000180025095e-35 1.0000000180025095e-35
decision_type=2 2 2 2 2 2 2
left_child=1 3 -3 -1 5 -2 -6
right_child=4 2 -4 -5 6 -7 -8
leaf_value=-0.0005510397914069168 0.0012275790314406701 -0.011256104890583908 0.090594313966925605 0.039421803332694356 0.025684246379046607 -0.039590659741851969 -0.005178292996300642
leaf_weight=180.26525531709194 118.91085354983807 477.72289383411407 20.230248525738716 414.20076563954353 59.674332961440086 345.61605669558048 136.01083026826382
leaf_count=802 536 2228 90 2159 263 1736 553
internal_value=4.34511e-05 0.011709 -0.00694497 0.0273199 -0.0192475 -0.0291617 0.004316
internal_weight=1752.63 1092.42 497.953 594.466 660.212 464.527 195.685
internal_count=8367 5279 2318 2961 3088 2272 816
is_linear=0
shrinkage=0.1


Tree=21
num_leaves=8
num_cat=0
split_feature=13 8 15 10 9 10 1
split_gain=33.5386 26.8728 17.9542 7.09255 6.37744 6.99732 0.227748
threshold=1.0000000180025095e-35 1.0000000180025095e-35 1.0000000180025095e-35 1.0000000180025095e-35 1.0000000180025095e-35 1.0000000180025095e-35 1.0000000180025095e-35
decision_type=2 2 2 2 2 2 2
left_child=4 2 -2 -3 5 -1 -6
right_child=1 3 -4 -5 6 -7 -8
leaf_value=-0.0044175265736600463 0.032923082561706139 0.014295532138504466 0.002106908515160627 -0.016452753679591908 0.063915982035184893 -0.031093241254364457 0.026978537500458463
leaf_weight=137.16084782779217 456.09955033659935 93.254672706127167 322.67097352445126 369.21690034866333 5.7856530398130399 349.7024322450161 5.5406597703695297
leaf_count=611 2377 419 1441 1632 26 1838 23
internal_value=4.75567e-05 0.00884482 0.020174 -0.0102351 -0.0218447 -0.0236025 0.0495013
internal_weight=1739.43 1241.24 778.771 462.472 498.19 486.863 11.3263
internal_count=8367 5869 3818 2051 2498 2449 49
is_linear=0
shrinkage=0.1


Tree=22
num_leaves=8
num_cat=0
split_feature=11 12 15 9 7 7 7
split_gain=29.5574 21.1677 16.4099 9.37726 9.21962 7.10466 6.09746
threshold=1.0000000180025095e-35 1.0000000180025095e-35 1.0000000180025095e-35 1.0000000180025095e-35 1.0000000180025095e-35 1.0000000180025095e-35 1.0000000180025095e-35
decision_type=2 2 2 2 2 2 2
left_child=2 3 5 -2 -3 -1 -4
right_child=1 4 6 -5 -6 -7 -8
leaf_value=0.049839442850292286 -0.025470148805877099 0.0093199248954640886 0.0065744200240973371 0.050280203458491858 -0.014095967959286497 0.0028405718665800556 -0.055719089379076006
leaf_weight=186.64356304705143 492.11329235136509 607.62808619439602 138.11301054060459 16.000571236014366 231.36484275758266 38.968812257051468 16.714076370000839
leaf_count=1016 2513 2905 611 72 1005 170 75
internal_value=4.93154e-05 -0.00690444 0.0246256 -0.0229907 0.00285355 0.0417699 -0.000464777
internal_weight=1727.55 1347.11 380.439 508.114 838.993 225.612 154.827
internal_count=8367 6495 1872 2585 3910 1186 686
is_linear=0
shrinkage=0.1


Tree=23
num_leaves=8
num_cat=0
split_feature=8 15 9 11 14 10 7
split_gain=24.4077 19.9598 15.8711 13.6358 12.5715 9.81825 2.87586
threshold=1.0000000180025095e-35 1.0000000180025095e-35 1.0000000180025095e-35 1.0000000180025095e-35 1.0000000180025095e-35 1.0000000180025095e-35 1.0000000180025095e-35
decision_type=2 2 2 2 2 2 2
left_child=1 3 -3 -1 5 -2 -6
right_child=4 2 -4 -5 6 -7 -8
leaf_value=0.047269978031803314 0.00040380328975511269 -0.0091868408723081857 0.079855042232000684 0.012578226636892363 0.027011434461829961 -0.033091518075583824 -0.0010022116343333955
leaf_weight=154.53578570485115 118.30378760397434 473.26164273917675 19.904066756367683 421.70234274864197 47.796109095215797 334.95981575548649 146.91083684563637
leaf_count=875 536 2228 90 2086 215 1736 601
internal_value=4.76717e-05 0.00932484 -0.00543881 0.0219476 -0.0152541 -0.0243674 0.00597738
internal_weight=1717.37 1069.4 493.166 576.238 647.971 453.264 194.707
internal_count=8367 5279 2318 2961 3088 2272 816
is_linear=0
shrinkage=0.1


Tree=24
num_leaves=8
num_cat=0
split_feature=13 11 9 15 7 9 1
split_gain=22.5581 18.757 9.32146 8.52257 4.79681 3.55552 0.83645
threshold=1.0000000180025095e-35 1.0000000180025095e-35 1.0000000180025095e-35 1.0000000180025095e-35 1.0000000180025095e-35 1.0000000180025095e-35 1.0000000180025095e-35
decision_type=2 2 2 2 2 2 2
left_child=4 3 -3 -2 5 -1 -6
right_child=1 2 -4 -5 6 -7 -8
leaf_value=-0.01452162475289284 0.044431877343216658 -0.0039286808177913368 0.02178414693803115 0.0077083062819350697 -0.011466519034392985 0.042301177601006684 -0.040239699592380322
leaf_weight=370.71591754257679 166.87086141109467 781.13634005188942 170.99329915642738 102.13368035852909 12.421463549137114 10.40226364135742 92.6871527582407
leaf_count=1839 962 3667 792 448 57 46 556
internal_value=5.17084e-05 0.00730506 0.000707106 0.0305691 -0.0181423 -0.0128641 -0.0369795
internal_weight=1707.36 1221.13 952.13 269.005 486.227 381.118 105.109
internal_count=8367 5869 4459 1410 2498 1885 613
is_linear=0
shrinkage=0.1


end of trees

feature_importances:
MSinceMostRecentInqexcl7days_lt=_0.5=27
MSinceMostRecentInqexcl7days_lt=_-7.5=22
AverageMInFile_lt=_49.5=18
MSinceMostRecentInqexcl7days_lt=_1.5=16
NetFractionRevolvingBurden_lt=_47.5=15
PercentTradesNeverDelq_lt=_95.5=14
AverageMInFile_lt=_63.5=12
PercentTradesWBalance_lt=_47.5=11
ExternalRiskEstimate_lt=_67.5=9
ExternalRiskEstimate_lt=_70.5=8
ExternalRiskEstimate_lt=_78.5=6
NetFractionRevolvingBurden_lt=_37.5=5
ExternalRiskEstimate_lt=_74.5=4
ExternalRiskEstimate_lt=_73.5=3
ExternalRiskEstimate_lt=_81.5=3
ExternalRiskEstimate_lt=_75.5=2

parameters:
[boosting: gbdt]
[objective: binary]
[metric: binary_logloss]
[tree_learner: serial]
[device_type: cpu]
[data_sample_strategy: bagging]
[data: ]
[valid: ]
[num_iterations: 25]
[learning_rate: 0.1]
[num_leaves: 31]
[num_threads: 8]
[seed: 42]
[deterministic: 0]
[force_col_wise: 0]
[force_row_wise: 0]
[histogram_pool_size: -1]
[max_depth: 3]
[min_data_in_leaf: 20]
[min_sum_hessian_in_leaf: 0.001]
[bagging_fraction: 1]
[pos_bagging_fraction: 1]
[neg_bagging_fraction: 1]
[bagging_freq: 0]
[bagging_seed: 400]
[bagging_by_query: 0]
[feature_fraction: 1]
[feature_fraction_bynode: 1]
[feature_fraction_seed: 30056]
[extra_trees: 0]
[extra_seed: 12879]
[early_stopping_round: 0]
[early_stopping_min_delta: 0]
[first_metric_only: 0]
[max_delta_step: 0]
[lambda_l1: 0]
[lambda_l2: 1]
[linear_lambda: 0]
[min_gain_to_split: 0]
[drop_rate: 0.1]
[max_drop: 50]
[skip_drop: 0.5]
[xgboost_dart_mode: 0]
[uniform_drop: 0]
[drop_seed: 17869]
[top_rate: 0.2]
[other_rate: 0.1]
[min_data_per_group: 100]
[max_cat_threshold: 32]
[cat_l2: 10]
[cat_smooth: 10]
[max_cat_to_onehot: 4]
[top_k: 20]
[monotone_constraints: ]
[monotone_constraints_method: basic]
[monotone_penalty: 0]
[feature_contri: ]
[forcedsplits_filename: ]
[refit_decay_rate: 0.9]
[cegb_tradeoff: 1]
[cegb_penalty_split: 0]
[cegb_penalty_feature_lazy: ]
[cegb_penalty_feature_coupled: ]
[path_smooth: 0]
[interaction_constraints: ]
[verbosity: -1]
[saved_feature_importance_type: 0]
[use_quantized_grad: 0]
[num_grad_quant_bins: 4]
[quant_train_renew_leaf: 0]
[stochastic_rounding: 1]
[linear_tree: 0]
[max_bin: 255]
[max_bin_by_feature: ]
[min_data_in_bin: 3]
[bin_construct_sample_cnt: 200000]
[data_random_seed: 175]
[is_enable_sparse: 1]
[enable_bundle: 1]
[use_missing: 1]
[zero_as_missing: 0]
[feature_pre_filter: 1]
[pre_partition: 0]
[two_round: 0]
[header: 0]
[label_column: ]
[weight_column: ]
[group_column: ]
[ignore_column: ]
[categorical_feature: ]
[forcedbins_filename: ]
[precise_float_parser: 0]
[parser_config_file: ]
[objective_seed: 16083]
[num_class: 1]
[is_unbalance: 0]
[scale_pos_weight: 1]
[sigmoid: 1]
[boost_from_average: 1]
[reg_sqrt: 0]
[alpha: 0.9]
[fair_c: 1]
[poisson_max_delta_step: 0.7]
[tweedie_variance_power: 1.5]
[lambdarank_truncation_level: 30]
[lambdarank_norm: 1]
[label_gain: ]
[lambdarank_position_bias_regularization: 0]
[eval_at: ]
[multi_error_top_k: 1]
[auc_mu_weights: ]
[num_machines: 1]
[local_listen_port: 12400]
[time_out: 120]
[machine_list_filename: ]
[machines: ]
[gpu_platform_id: -1]
[gpu_device_id: -1]
[gpu_use_dp: 0]
[num_gpu: 1]

end of parameters

pandas_categorical:[]
