tree
version=v4
num_class=1
num_tree_per_iteration=1
label_index=0
max_feature_idx=6
objective=binary sigmoid:1
feature_names=V4_lt=_0.7523619830608368 V14_lt=_-1.812438189983368 V14_lt=_-1.7704376578330994 V14_lt=_-1.7583861351013184 V14_lt=_-1.5734373927116394 V14_lt=_-1.4366859793663025 V4_lt=_-0.09988194331526756
feature_infos=[0:1] [0:1] [0:1] [0:1] [0:1] [0:1] [0:1]
tree_sizes=830 920 1021 914 1023 913 922 1030 1027 919 919 1029 922 923 923 920 927 927 920 927 930 928 923 927 932

Tree=0
num_leaves=7
num_cat=0
split_feature=1 0 6 5 6 0
split_gain=263206 9853.02 5973.43 2228.13 791.574 745.446
threshold=1.0000000180025095e-35 1.0000000180025095e-35 1.0000000180025095e-35 1.0000000180025095e-35 1.0000000180025095e-35 1.0000000180025095e-35
decision_type=2 2 2 2 2 2
left_child=1 3 5 -1 -3 -2
right_child=2 4 -4 -5 -6 -7
leaf_value=-0.095308995780160569 0.19522019073105237 -0.16451999368545556 -0.0856367292231138 0.08749601316590748 -0.19559115204126248 0.12127255335548419
leaf_weight=14344.75 38914.25 13360.5 786 698.5 21457.25 1419
leaf_count=57379 155657 53442 3144 2794 85829 5676
internal_value=5.49691e-06 -0.154453 0.187301 -0.0868156 -0.183673 0.192622
internal_weight=90980.2 49861 41119.2 15043.2 34817.8 40333.2
internal_count=363921 199444 164477 60173 139271 161333
is_linear=0
shrinkage=1


Tree=1
num_leaves=7
num_cat=0
split_feature=1 0 6 5 6 0
split_gain=215048 8182.85 4900.13 1809.46 668.953 625.566
threshold=1.0000000180025095e-35 1.0000000180025095e-35 1.0000000180025095e-35 1.0000000180025095e-35 1.0000000180025095e-35 1.0000000180025095e-35
decision_type=2 2 2 2 2 2
left_child=1 3 5 -1 -3 -2
right_child=2 4 -4 -5 -6 -7
leaf_value=-0.085985876937213046 0.17743532778266533 -0.14911558945998135 -0.077235363484175062 0.078910158296726596 -0.17778951621644007 0.10956530052968844
leaf_weight=14312.222712740302 38545.827697053552 13270.499950647354 784.56069731712341 697.16484424471855 21253.335209682584 1413.7954317927361
leaf_count=57379 155657 53442 3144 2794 85829 5676
internal_value=5.31918e-06 -0.139972 0.170177 -0.0783219 -0.166772 0.175037
internal_weight=90277.4 49533.2 40744.2 15009.4 34523.8 39959.6
internal_count=363921 199444 164477 60173 139271 161333
is_linear=0
shrinkage=0.1


Tree=2
num_leaves=8
num_cat=0
split_feature=2 0 6 5 6 0 1
split_gain=178319 6963.42 4451 1289.1 589.933 579.127 9.34015
threshold=1.0000000180025095e-35 1.0000000180025095e-35 1.0000000180025095e-35 1.0000000180025095e-35 1.0000000180025095e-35 1.0000000180025095e-35 1.0000000180025095e-35
decision_type=2 2 2 2 2 2 2
left_child=1 3 5 -1 -3 -2 -4
right_child=2 4 6 -5 -6 -7 -8
leaf_value=-0.077871541248654252 0.1638257955760474 -0.13715426390007188 -0.11621531640130256 0.06845865095643168 -0.16438815916511068 0.098835150211306746 -0.069871777512505048
leaf_weight=14227.522487789392 37659.682830125093 13008.955276459455 47.814071238040924 627.89319522678852 20678.619869619608 1428.5617540478706 780.81032109260559
leaf_count=57379 155922 53326 198 2529 85631 5792 3144
internal_value=2.24232e-05 -0.128724 0.156591 -0.0716824 -0.153876 0.161453 -0.0726828
internal_weight=88459.9 48543 39916.9 14855.4 33687.6 39088.2 828.624
internal_count=363921 198865 165056 59908 138957 161714 3342
is_linear=0
shrinkage=0.1


Tree=3
num_leaves=7
num_cat=0
split_feature=1 0 6 5 6 0
split_gain=149447 6300.98 3495.15 1195.78 574.048 514.414
threshold=1.0000000180025095e-35 1.0000000180025095e-35 1.0000000180025095e-35 1.0000000180025095e-35 1.0000000180025095e-35 1.0000000180025095e-35
decision_type=2 2 2 2 2 2
left_child=1 3 5 -1 -3 -2
right_child=2 4 -4 -5 -6 -7
leaf_value=-0.070717416336054481 0.15334401612470583 -0.1264489239210031 -0.063350380157366201 0.06421606445538923 -0.15368390934225815 0.091046679991637583
leaf_weight=14106.546595394611 36243.285141512752 12705.18479475379 775.45100104808807 688.0867286324501 19978.298229500651 1381.1320404410362
leaf_count=57379 155657 53442 3144 2794 85829 5676
internal_value=4.55927e-05 -0.118591 0.146728 -0.0644379 -0.143101 0.15106
internal_weight=85878 47478.1 38399.9 14794.6 32683.5 37624.4
internal_count=363921 199444 164477 60173 139271 161333
is_linear=0
shrinkage=0.1


Tree=4
num_leaves=8
num_cat=0
split_feature=3 0 6 5 6 0 1
split_gain=126324 5627.97 3328.51 821.755 544.426 509.967 9.97864
threshold=1.0000000180025095e-35 1.0000000180025095e-35 1.0000000180025095e-35 1.0000000180025095e-35 1.0000000180025095e-35 1.0000000180025095e-35 1.0000000180025095e-35
decision_type=2 2 2 2 2 2 2
left_child=1 3 5 -1 -3 -2 -4
right_child=2 4 6 -5 -6 -7 -8
leaf_value=-0.064342894664155117 0.1446528614429112 -0.11820994200864086 -0.10126491788217845 0.054874405925607883 -0.14526830398720453 0.082875531906641611 -0.057525099932955896
leaf_weight=13961.46017087996 34708.311559066176 12271.563071608543 57.164117515087128 602.42757654190063 19027.398612722754 1394.4763771295547 769.02112877368927
leaf_count=57379 155987 53290 254 2464 85575 5828 3144
internal_value=7.28568e-05 -0.110768 0.137727 -0.0594081 -0.134663 0.142269 -0.0606702
internal_weight=82791.8 45862.8 36929 14563.9 31299 36102.8 826.185
internal_count=363921 198708 165213 59843 138865 161815 3398
is_linear=0
shrinkage=0.1


Tree=5
num_leaves=7
num_cat=0
split_feature=1 0 6 5 5 0
split_gain=107420 5280.23 2626.17 793.99 583.374 476.744
threshold=1.0000000180025095e-35 1.0000000180025095e-35 1.0000000180025095e-35 1.0000000180025095e-35 1.0000000180025095e-35 1.0000000180025095e-35
decision_type=2 2 2 2 2 2
left_child=1 3 5 -1 -3 -2
right_child=2 4 -4 -5 -6 -7
leaf_value=-0.05861633124138671 0.13774463308317011 -0.12931158059387279 -0.052287228423054978 0.052461837461658015 -0.042967120745174725 0.076638298809156999
leaf_weight=13801.528998017311 32854.885002493858 29166.531631127 761.931525349617 674.23802515864372 805.34373514354229 1332.703040599823
leaf_count=57379 155657 135560 3144 2794 3711 5676
internal_value=0.000101611 -0.10304 0.131273 -0.0534394 -0.126993 0.135365
internal_weight=79397.2 44447.6 34949.5 14475.8 29971.9 34187.6
internal_count=363921 199444 164477 60173 139271 161333
is_linear=0
shrinkage=0.1


Tree=6
num_leaves=7
num_cat=0
split_feature=1 0 6 5 6 0
split_gain=91791.6 4913.26 2308.47 651.959 630.376 470.346
threshold=1.0000000180025095e-35 1.0000000180025095e-35 1.0000000180025095e-35 1.0000000180025095e-35 1.0000000180025095e-35 1.0000000180025095e-35
decision_type=2 2 2 2 2 2
left_child=1 3 5 -1 -3 -2
right_child=2 4 -4 -5 -6 -7
leaf_value=-0.053439550784330464 0.13181884619024761 -0.10223183665216749 -0.047553947913233974 0.047739413685052849 -0.1326538065892488 0.070468517630835545
leaf_weight=13633.765044391155 30994.676982447505 11337.759742945433 754.49336349964142 667.31272850930691 17155.811486944556 1305.9614472985268
leaf_count=57379 155657 53442 3144 2794 85829 5676
internal_value=0.000133919 -0.0965479 0.125302 -0.0487154 -0.120553 0.129341
internal_weight=75849.8 42794.6 33055.1 14301.1 28493.6 32300.6
internal_count=363921 199444 164477 60173 139271 161333
is_linear=0
shrinkage=0.1


Tree=7
num_leaves=8
num_cat=0
split_feature=3 0 6 6 0 5 1
split_gain=78774.2 4548.59 2247.3 619.582 476.449 449.776 7.71878
threshold=1.0000000180025095e-35 1.0000000180025095e-35 1.0000000180025095e-35 1.0000000180025095e-35 1.0000000180025095e-35 1.0000000180025095e-35 1.0000000180025095e-35
decision_type=2 2 2 2 2 2 2
left_child=1 5 4 -3 -2 -1 -4
right_child=2 3 6 -5 -6 -7 -8
leaf_value=-0.048737745407250802 0.12659814680344109 -0.096716890946596995 -0.083461686892467968 -0.12769343028807967 0.064982364181357458 0.040755951999745681 -0.043260753456503882
leaf_weight=13463.420659333467 29181.424846500158 10836.207401156425 51.511323362588882 16059.588712602854 1314.781011402607 585.2971076965332 746.93985879421234
leaf_count=57379 155987 53290 254 85575 5828 2464 3144
internal_value=0.000164746 -0.0911285 0.119608 -0.115217 0.123944 -0.0450066 -0.0459554
internal_weight=72239.2 40944.5 31294.7 26895.8 30496.2 14048.7 798.451
internal_count=363921 198708 165213 138865 161815 59843 3398
is_linear=0
shrinkage=0.1


Tree=8
num_leaves=8
num_cat=0
split_feature=4 0 6 6 0 5 1
split_gain=67787.4 4118.2 2656.44 555.674 481.618 146.224 39.2194
threshold=1.0000000180025095e-35 1.0000000180025095e-35 1.0000000180025095e-35 1.0000000180025095e-35 1.0000000180025095e-35 1.0000000180025095e-35 1.0000000180025095e-35
decision_type=2 2 2 2 2 2 2
left_child=1 5 4 -3 -2 -1 -4
right_child=2 3 6 -5 -6 -7 -8
leaf_value=-0.044452660069274293 0.12137183456930112 -0.093369087617116889 -0.08739374837620828 -0.12368067661830667 0.061621734913552821 0.028161512226062915 -0.039356329966613791
leaf_weight=13294.371620073915 27603.210122913122 10239.91256415844 221.4556570649147 14850.770806923509 1421.7037082314491 282.58963225781918 739.4433696269989
leaf_count=57379 157250 52630 1190 84639 6488 1201 3144
internal_value=0.000194753 -0.0873082 0.113032 -0.111314 0.118447 -0.0429393 -0.0505067
internal_weight=68653.5 38667.6 29985.8 25090.7 29024.9 13577 960.899
internal_count=363921 195849 168072 137269 163738 58580 4334
is_linear=0
shrinkage=0.1


Tree=9
num_leaves=7
num_cat=0
split_feature=1 0 0 6 6 5
split_gain=58535.7 4054.04 1732.39 666.836 376.334 317.478
threshold=1.0000000180025095e-35 1.0000000180025095e-35 1.0000000180025095e-35 1.0000000180025095e-35 1.0000000180025095e-35 1.0000000180025095e-35
decision_type=2 2 2 2 2 2
left_child=1 5 -2 -3 -4 -1
right_child=2 3 4 -5 -6 -7
leaf_value=-0.040537949513518613 0.11854958701902117 -0.085444409274426827 0.054782540636074697 -0.11929585086754205 -0.035798906286371189 0.03171952419503675
leaf_weight=13129.425791695714 25417.900923117995 9957.0123573094606 1224.5304018259048 14056.226042553782 732.12856185436249 636.87920278310776
leaf_count=57379 155657 53442 5676 85829 3144 2794
internal_value=0.00022132 -0.0804613 0.11157 -0.105264 0.0208885 -0.037193
internal_weight=65154.1 37779.5 27374.6 24013.2 1956.66 13766.3
internal_count=363921 199444 164477 139271 8820 60173
is_linear=0
shrinkage=0.1


Tree=10
num_leaves=7
num_cat=0
split_feature=1 0 0 6 6 5
split_gain=50568.4 3822.69 1638.37 685.064 311.33 260.715
threshold=1.0000000180025095e-35 1.0000000180025095e-35 1.0000000180025095e-35 1.0000000180025095e-35 1.0000000180025095e-35 1.0000000180025095e-35
decision_type=2 2 2 2 2 2
left_child=1 5 -2 -3 -4 -1
right_child=2 3 4 -5 -6 -7
leaf_value=-0.036955919773417951 0.11511035621915666 -0.080584147146406659 0.050407950805882923 -0.11586745886891184 -0.032553784949743529 0.02883901274622714
leaf_weight=12970.557400897145 23650.782513976097 9524.713895380497 1199.1752273440361 13075.521537527442 725.08327782154083 630.87120012938976
leaf_count=57379 155657 53442 5676 85829 3144 2794
internal_value=0.000251038 -0.0757933 0.107891 -0.101002 0.0191463 -0.0339023
internal_weight=61776.7 36201.7 25575 22600.2 1924.26 13601.4
internal_count=363921 199444 164477 139271 8820 60173
is_linear=0
shrinkage=0.1


Tree=11
num_leaves=8
num_cat=0
split_feature=4 0 0 6 6 1 5
split_gain=43805.3 3524.15 1843.13 606.171 431.785 224.153 77.6738
threshold=1.0000000180025095e-35 1.0000000180025095e-35 1.0000000180025095e-35 1.0000000180025095e-35 1.0000000180025095e-35 1.0000000180025095e-35 1.0000000180025095e-35
decision_type=2 2 2 2 2 2 2
left_child=1 6 5 -3 -4 -2 -1
right_child=2 3 4 -5 -6 -7 -8
leaf_value=-0.03367524650769925 0.031140768628224531 -0.07900794378667475 0.051649913356989589 -0.11344953621706147 -0.037798517107912266 0.11200695672575045 0.019877817791930819
leaf_weight=12819.098559066653 349.14596310257912 8949.5675547420979 1337.8906789422035 11953.241108447313 903.14265245199203 21962.560878515244 276.06616443395615
leaf_count=57379 1593 52630 6488 84639 4334 155657 1201
internal_value=0.00027962 -0.0732252 0.10206 -0.0987078 0.0156012 0.110743 -0.0325448
internal_weight=58550.7 33998 24552.7 20902.8 2241.03 22311.7 13095.2
internal_count=363921 195849 168072 137269 10822 157250 58580
is_linear=0
shrinkage=0.1


Tree=12
num_leaves=7
num_cat=0
split_feature=5 0 6 6 0 2
split_gain=37933.9 3316.76 2072.19 518.716 369.032 63.5393
threshold=1.0000000180025095e-35 1.0000000180025095e-35 1.0000000180025095e-35 1.0000000180025095e-35 1.0000000180025095e-35 1.0000000180025095e-35
decision_type=2 2 2 2 2 2
left_child=1 -1 4 -3 -2 -4
right_child=2 3 5 -5 -6 -7
leaf_value=-0.030669290392366995 0.10665067932331676 -0.077786832028805028 -0.083357526815144911 -0.1108352605171663 0.054427171889644833 -0.027200061366183078
leaf_weight=12675.886324644089 20982.138556212187 8415.6319709867239 276.47360396385193 10943.685480952263 1449.8477721065283 742.31896787881851
leaf_count=57379 158451 51845 1916 83715 7273 3342
internal_value=0.000305159 -0.0704375 0.0969429 -0.0964736 0.103278 -0.0425065
internal_weight=55486 32035.2 23450.8 19359.3 22432 1018.79
internal_count=363921 192939 170982 135560 165724 5258
is_linear=0
shrinkage=0.1


Tree=13
num_leaves=7
num_cat=0
split_feature=1 0 0 6 6 5
split_gain=32905.2 3125.76 1426.16 740.859 162.899 99.5731
threshold=1.0000000180025095e-35 1.0000000180025095e-35 1.0000000180025095e-35 1.0000000180025095e-35 1.0000000180025095e-35 1.0000000180025095e-35
decision_type=2 2 2 2 2 2
left_child=1 5 -2 -3 -4 -1
right_child=2 3 4 -5 -6 -7
leaf_value=-0.027914985803753262 0.10660600287787514 -0.067395235761883679 0.037698444186125481 -0.10741473247454732 -0.023632178485740233 0.01387073869882431
leaf_weight=12541.378984987736 18889.314093321562 8337.0885663479567 1121.8487157225609 10414.52420026809 704.1240473985672 596.86705701053143
leaf_count=57379 155657 53442 5676 85829 3144 2794
internal_value=0.000321849 -0.0634212 0.0984485 -0.0896263 0.0140484 -0.0260158
internal_weight=52605.1 31889.9 20715.3 18751.6 1825.97 13138.2
internal_count=363921 199444 164477 139271 8820 60173
is_linear=0
shrinkage=0.1


Tree=14
num_leaves=7
num_cat=0
split_feature=5 0 6 6 0 2
split_gain=28509.8 2969.75 1631.87 550.355 349.889 49.7738
threshold=1.0000000180025095e-35 1.0000000180025095e-35 1.0000000180025095e-35 1.0000000180025095e-35 1.0000000180025095e-35 1.0000000180025095e-35
decision_type=2 2 2 2 2 2
left_child=1 -1 4 -3 -2 -4
right_child=2 3 5 -5 -6 -7
leaf_value=-0.025391969772687248 0.10113582851828672 -0.06985946130689806 -0.074485057501676485 -0.1059842150624451 0.049205343202941398 -0.022245206762139095
leaf_weight=12415.75352793932 18068.852485649288 7696.6839268058538 243.03430441021919 9356.7005189135671 1400.8801463246346 728.24402403831482
leaf_count=57379 158451 51845 1916 83715 7273 3342
internal_value=0.000346215 -0.0625993 0.0910914 -0.0896851 0.0974021 -0.0353799
internal_weight=49910.1 29469.1 20441 17053.4 19469.7 971.278
internal_count=363921 192939 170982 135560 165724 5258
is_linear=0
shrinkage=0.1


Tree=15
num_leaves=7
num_cat=0
split_feature=1 6 0 0 6 4
split_gain=24784 2767.41 1320.24 677.037 104.705 38.5051
threshold=1.0000000180025095e-35 1.0000000180025095e-35 1.0000000180025095e-35 1.0000000180025095e-35 1.0000000180025095e-35 1.0000000180025095e-35
decision_type=2 2 2 2 2 2
left_child=1 3 -2 -1 -4 -3
right_child=2 5 4 -5 -6 -7
leaf_value=-0.021936866609185687 0.10187853717677127 -0.10359875015994383 0.030418208621425198 -0.059485045755861443 -0.01937876962438459 -0.052524228071685636
leaf_weight=12868.945194080472 16193.182984814048 8743.3709373101592 1076.5235956907272 7661.8097396045923 693.4495861530304 153.32934394478798
leaf_count=60173 155657 84639 5676 53442 3144 1190
internal_value=0.000358664 -0.0561416 0.092916 -0.0359516 0.0109086 -0.102725
internal_weight=47390.6 29427.5 17963.2 20530.8 1769.97 8896.7
internal_count=363921 199444 164477 113615 8820 85829
is_linear=0
shrinkage=0.1


Tree=16
num_leaves=7
num_cat=0
split_feature=1 6 0 0 6 4
split_gain=21460.3 2659.9 1259.77 601.844 86.1134 38.9816
threshold=1.0000000180025095e-35 1.0000000180025095e-35 1.0000000180025095e-35 1.0000000180025095e-35 1.0000000180025095e-35 1.0000000180025095e-35
decision_type=2 2 2 2 2 2
left_child=1 3 -2 -1 -4 -3
right_child=2 5 4 -5 -6 -7
leaf_value=-0.019902319068457269 0.099640061110080086 -0.10148634603349793 0.027818997677215331 -0.055793886313508914 -0.017567860297678189 -0.049165707858617569
leaf_weight=12771.500934496522 14964.654798686504 8067.6452517136931 1060.3707845807076 7367.6091362535954 688.79670596122742 147.78814575076103
leaf_count=60173 155657 84639 5676 53442 3144 1190
internal_value=0.000379159 -0.0525999 0.0902544 -0.0330349 0.00994649 -0.100551
internal_weight=45068.4 28354.5 16713.8 20139.1 1749.17 8215.43
internal_count=363921 199444 164477 113615 8820 85829
is_linear=0
shrinkage=0.1


Tree=17
num_leaves=7
num_cat=0
split_feature=5 0 0 6 1 6
split_gain=18672 2429.08 1201.67 576.062 456.873 279.158
threshold=1.0000000180025095e-35 1.0000000180025095e-35 1.0000000180025095e-35 1.0000000180025095e-35 1.0000000180025095e-35 1.0000000180025095e-35
decision_type=2 2 2 2 2 2
left_child=1 -1 4 -3 -2 -4
right_child=2 3 5 -5 -6 -7
leaf_value=-0.019240436479119959 0.006862477995084321 -0.059280109140391196 0.044465050026854344 -0.099673269354935035 0.097471361773844245 -0.027142637111862846
leaf_weight=12101.653119727969 579.98401822149754 6806.6962473839521 1334.4513740688562 7350.5384373664856 13826.584784694016 918.23246935009956
leaf_count=57379 2794 51845 7273 83715 155657 5258
internal_value=0.000396976 -0.0521393 0.0832047 -0.0802581 0.0938243 0.0152774
internal_weight=42918.1 26258.9 16659.3 14157.2 14406.6 2252.68
internal_count=363921 192939 170982 135560 158451 12531
is_linear=0
shrinkage=0.1


Tree=18
num_leaves=7
num_cat=0
split_feature=5 0 0 6 1 6
split_gain=16108.7 2246.67 1146.21 585.81 439.677 229.465
threshold=1.0000000180025095e-35 1.0000000180025095e-35 1.0000000180025095e-35 1.0000000180025095e-35 1.0000000180025095e-35 1.0000000180025095e-35
decision_type=2 2 2 2 2 2
left_child=1 -1 4 -3 -2 -4
right_child=2 3 5 -5 -6 -7
leaf_value=-0.017457560474637628 0.0061957048100972755 -0.055727853992259352 0.040582518794969234 -0.0977131990433079 0.095348719935124532 -0.024756105235475404
leaf_weight=12008.99271696806 578.35885334014893 6531.2772867828608 1316.958256393671 6777.7171800658107 12775.236276589334 906.79902678728104
leaf_count=57379 2794 51845 7273 83715 155657 5258
internal_value=0.000409198 -0.0488197 0.0804193 -0.077115 0.0914882 0.0139397
internal_weight=40895.3 25318 15577.4 13309 13353.6 2223.76
internal_count=363921 192939 170982 135560 158451 12531
is_linear=0
shrinkage=0.1


Tree=19
num_leaves=7
num_cat=0
split_feature=5 6 0 0 1 6
split_gain=13883.1 2112.2 1090.75 546.862 422.544 188.441
threshold=1.0000000180025095e-35 1.0000000180025095e-35 1.0000000180025095e-35 1.0000000180025095e-35 1.0000000180025095e-35 1.0000000180025095e-35
decision_type=2 2 2 2 2 2
left_child=1 3 4 -1 -2 -4
right_child=2 -3 5 -5 -6 -7
leaf_value=-0.01583024066768738 0.0055922081208419853 -0.095788583852309664 0.037006253209495049 -0.052296604872366537 0.09325167580860963 -0.022558594939111182
leaf_weight=11923.934241265059 576.88586409389973 6249.7386571392417 1300.7874378561974 6277.4580712616444 11806.331011869013 896.29317629337311
leaf_count=57379 2794 83715 7273 51845 155657 5258
internal_value=0.000418924 -0.0456347 0.0776486 -0.0284093 0.0891687 0.0127077
internal_weight=39031.4 24451.1 14580.3 18201.4 12383.2 2197.08
internal_count=363921 192939 170982 109224 158451 12531
is_linear=0
shrinkage=0.1


Tree=20
num_leaves=7
num_cat=0
split_feature=1 6 0 0 4 6
split_gain=11955.8 2183.25 1059.41 343.366 36.2102 21.6347
threshold=1.0000000180025095e-35 1.0000000180025095e-35 1.0000000180025095e-35 1.0000000180025095e-35 1.0000000180025095e-35 1.0000000180025095e-35
decision_type=2 2 2 2 2 2
left_child=1 3 -2 -1 -3 -4
right_child=2 4 5 -5 -6 -7
leaf_value=-0.013447356046624288 0.091162582341411155 -0.093662018411117556 0.014523397020095774 -0.042032846171028981 -0.04088440575869156 -0.0088276314950407695
leaf_weight=12421.578871697187 10915.268321692944 5849.9711451530457 979.39874929189682 6350.6043953970075 135.16297245025635 665.64015197753906
leaf_count=60173 155657 84639 5676 53442 1190 3144
internal_value=0.000426101 -0.0398899 0.0798889 -0.0231195 -0.0924772 0.00507513
internal_weight=37317.6 24757.3 12560.3 18772.2 5985.13 1645.04
internal_count=363921 199444 164477 113615 85829 8820
is_linear=0
shrinkage=0.1


Tree=21
num_leaves=7
num_cat=0
split_feature=5 6 0 0 1 6
split_gain=10387.3 1883.03 927.333 430.721 374.349 143.618
threshold=1.0000000180025095e-35 1.0000000180025095e-35 1.0000000180025095e-35 1.0000000180025095e-35 1.0000000180025095e-35 1.0000000180025095e-35
decision_type=2 2 2 2 2 2
left_child=1 3 4 -1 -2 -4
right_child=2 -3 5 -5 -6 -7
leaf_value=-0.013079072030332779 0.0063570974072232325 -0.091979082292124953 0.033972526101215525 -0.046255173248869276 0.089066224359725138 -0.018654595077802472
leaf_weight=11779.289858847857 578.75244551897049 5319.2670442163944 1272.0040686279535 5860.1393153518438 10097.290972992778 874.11226561665535
leaf_count=57379 2794 83715 7273 51845 155657 5258
internal_value=0.000432843 -0.0398323 0.0725269 -0.0241028 0.0845835 0.0125388
internal_weight=35780.9 22958.7 12822.2 17639.4 10676 2146.12
internal_count=363921 192939 170982 109224 158451 12531
is_linear=0
shrinkage=0.1


Tree=22
num_leaves=7
num_cat=0
split_feature=5 6 0 0 1 6
split_gain=8918.34 1770.9 877.507 374.683 358.477 117.73
threshold=1.0000000180025095e-35 1.0000000180025095e-35 1.0000000180025095e-35 1.0000000180025095e-35 1.0000000180025095e-35 1.0000000180025095e-35
decision_type=2 2 2 2 2 2
left_child=1 3 4 -1 -2 -4
right_child=2 -3 5 -5 -6 -7
leaf_value=-0.011840625434252601 0.0057382533711129039 -0.090059544361022092 0.030929380247355993 -0.04317187680802595 0.086949629019069496 -0.016953374901533431
leaf_weight=11713.906104043126 577.2425317466259 4910.5061381310225 1258.2918242365122 5661.5455004945397 9347.6104198545218 866.18036779761314
leaf_count=57379 2794 83715 7273 51845 155657 5258
internal_value=0.000434562 -0.0370397 0.0697428 -0.0220514 0.0822273 0.011408
internal_weight=34335.3 22286 12049.3 17375.5 9924.85 2124.47
internal_count=363921 192939 170982 109224 158451 12531
is_linear=0
shrinkage=0.1


Tree=23
num_leaves=7
num_cat=0
split_feature=5 6 0 1 0 6
split_gain=7645.46 1656.94 827.11 342.261 324.388 96.4222
threshold=1.0000000180025095e-35 1.0000000180025095e-35 1.0000000180025095e-35 1.0000000180025095e-35 1.0000000180025095e-35 1.0000000180025095e-35
decision_type=2 2 2 2 2 2
left_child=1 4 3 -2 -1 -4
right_child=2 -3 5 -5 -6 -7
leaf_value=-0.010714159810722936 0.0051783523471103472 -0.088114706823325062 0.028134460757111537 0.084801897792556757 -0.040214544759431814 -0.015395501500113894
leaf_weight=11654.324472397566 575.87469734251499 4536.3582468777895 1245.751450791955 8661.4972628504038 5479.9539814889431 858.94584082067013
leaf_count=57379 2794 83715 7273 155657 51845 5258
internal_value=0.000433813 -0.0343813 0.0669502 0.0798391 -0.0201509 0.0103706
internal_weight=33012.7 21670.6 11342.1 9237.37 17134.3 2104.7
internal_count=363921 192939 170982 158451 109224 12531
is_linear=0
shrinkage=0.1


Tree=24
num_leaves=7
num_cat=0
split_feature=5 6 0 1 0 6
split_gain=6543.66 1542.46 776.369 325.721 279.558 78.9035
threshold=1.0000000180025095e-35 1.0000000180025095e-35 1.0000000180025095e-35 1.0000000180025095e-35 1.0000000180025095e-35 1.0000000180025095e-35
decision_type=2 2 2 2 2 2
left_child=1 4 3 -2 -1 -4
right_child=2 -3 5 -5 -6 -7
leaf_value=-0.0096903997184340854 0.0046719927657549861 -0.086134008678581925 0.025570904917198115 0.082614060003963666 -0.037385737157791109 -0.013970693243793884
leaf_weight=11600.103776827455 574.63646078109741 4194.3231673724949 1234.3068851977587 8034.3508331403136 5314.1595792397857 852.35652729868889
leaf_count=57379 2794 83715 7273 155657 51845 5258
internal_value=0.000430676 -0.0318571 0.0641498 0.0774127 -0.0183935 0.00942007
internal_weight=31804.2 21108.6 10695.7 8608.99 16914.3 2086.66
internal_count=363921 192939 170982 158451 109224 12531
is_linear=0
shrinkage=0.1


end of trees

feature_importances:
V4_lt=_0.7523619830608368=50
V4_lt=_-0.09988194331526756=49
V14_lt=_-1.812438189983368=23
V14_lt=_-1.4366859793663025=23
V14_lt=_-1.5734373927116394=5
V14_lt=_-1.7704376578330994=3
V14_lt=_-1.7583861351013184=2

parameters:
[boosting: gbdt]
[objective: binary]
[metric: binary_logloss]
[tree_learner: serial]
[device_type: cpu]
[data_sample_strategy: bagging]
[data: ]
[valid: ]
[num_iterations: 25]
[learning_rate: 0.1]
[num_leaves: 31]
[num_threads: 8]
[seed: 42]
[deterministic: 0]
[force_col_wise: 0]
[force_row_wise: 0]
[histogram_pool_size: -1]
[max_depth: 3]
[min_data_in_leaf: 20]
[min_sum_hessian_in_leaf: 0.001]
[bagging_fraction: 1]
[pos_bagging_fraction: 1]
[neg_bagging_fraction: 1]
[bagging_freq: 0]
[bagging_seed: 400]
[bagging_by_query: 0]
[feature_fraction: 1]
[feature_fraction_bynode: 1]
[feature_fraction_seed: 30056]
[extra_trees: 0]
[extra_seed: 12879]
[early_stopping_round: 0]
[early_stopping_min_delta: 0]
[first_metric_only: 0]
[max_delta_step: 0]
[lambda_l1: 0]
[lambda_l2: 1]
[linear_lambda: 0]
[min_gain_to_split: 0]
[drop_rate: 0.1]
[max_drop: 50]
[skip_drop: 0.5]
[xgboost_dart_mode: 0]
[uniform_drop: 0]
[drop_seed: 17869]
[top_rate: 0.2]
[other_rate: 0.1]
[min_data_per_group: 100]
[max_cat_threshold: 32]
[cat_l2: 10]
[cat_smooth: 10]
[max_cat_to_onehot: 4]
[top_k: 20]
[monotone_constraints: ]
[monotone_constraints_method: basic]
[monotone_penalty: 0]
[feature_contri: ]
[forcedsplits_filename: ]
[refit_decay_rate: 0.9]
[cegb_tradeoff: 1]
[cegb_penalty_split: 0]
[cegb_penalty_feature_lazy: ]
[cegb_penalty_feature_coupled: ]
[path_smooth: 0]
[interaction_constraints: ]
[verbosity: -1]
[saved_feature_importance_type: 0]
[use_quantized_grad: 0]
[num_grad_quant_bins: 4]
[quant_train_renew_leaf: 0]
[stochastic_rounding: 1]
[linear_tree: 0]
[max_bin: 255]
[max_bin_by_feature: ]
[min_data_in_bin: 3]
[bin_construct_sample_cnt: 200000]
[data_random_seed: 175]
[is_enable_sparse: 1]
[enable_bundle: 1]
[use_missing: 1]
[zero_as_missing: 0]
[feature_pre_filter: 1]
[pre_partition: 0]
[two_round: 0]
[header: 0]
[label_column: ]
[weight_column: ]
[group_column: ]
[ignore_column: ]
[categorical_feature: ]
[forcedbins_filename: ]
[precise_float_parser: 0]
[parser_config_file: ]
[objective_seed: 16083]
[num_class: 1]
[is_unbalance: 0]
[scale_pos_weight: 1]
[sigmoid: 1]
[boost_from_average: 1]
[reg_sqrt: 0]
[alpha: 0.9]
[fair_c: 1]
[poisson_max_delta_step: 0.7]
[tweedie_variance_power: 1.5]
[lambdarank_truncation_level: 30]
[lambdarank_norm: 1]
[label_gain: ]
[lambdarank_position_bias_regularization: 0]
[eval_at: ]
[multi_error_top_k: 1]
[auc_mu_weights: ]
[num_machines: 1]
[local_listen_port: 12400]
[time_out: 120]
[machine_list_filename: ]
[machines: ]
[gpu_platform_id: -1]
[gpu_device_id: -1]
[gpu_use_dp: 0]
[num_gpu: 1]

end of parameters

pandas_categorical:[]
