tree
version=v4
num_class=1
num_tree_per_iteration=1
label_index=0
max_feature_idx=7
objective=binary sigmoid:1
feature_names=hr_lt=_5.5 hr_lt=_6.5 temp_lt=_0.3100000023841858 temp_lt=_0.3500000089406967 temp_lt=_0.3700000047683716 temp_lt=_0.4699999988079071 atemp_lt=_0.5985000133514404 hr_lt=_21.5
feature_infos=[0:1] [0:1] [0:1] [0:1] [0:1] [0:1] [0:1] [0:1]
tree_sizes=895 903 899 902 903 906 905 899 903 1018 1017 1016 1016 1016 1013 1014 1017 1021 1020 804 1020 910 1021 916 1020

Tree=0
num_leaves=7
num_cat=0
split_feature=1 4 7 7 0 5
split_gain=4990.34 1452.91 482.934 206.653 29.252 16.4138
threshold=1.0000000180025095e-35 1.0000000180025095e-35 1.0000000180025095e-35 1.0000000180025095e-35 1.0000000180025095e-35 1.0000000180025095e-35
decision_type=2 2 2 2 2 2
left_child=1 2 -1 -3 5 -2
right_child=4 3 -4 -5 -6 -7
leaf_value=-0.030441187597176508 -0.108946406554152 -0.18417204112714283 0.13890333749976769 -0.027060279016763781 -0.19955032351452004 -0.17951798008833145
leaf_weight=188.24918089807034 66.499710649251938 95.999582290649414 1573.7431523948908 614.74732513725758 854.99627977609634 81.499645382165909
leaf_count=753 266 384 6295 2459 3420 326
internal_value=-0.00417176 0.0721425 0.120806 -0.0485042 -0.192202 -0.148724
internal_weight=3475.73 2472.74 1761.99 710.747 1003 147.999
internal_count=13903 9891 7048 2843 4012 592
is_linear=0
shrinkage=1


Tree=1
num_leaves=7
num_cat=0
split_feature=1 5 2 7 0 5
split_gain=4077.09 1208.29 324.468 260.178 24.49 13.7032
threshold=1.0000000180025095e-35 1.0000000180025095e-35 1.0000000180025095e-35 1.0000000180025095e-35 1.0000000180025095e-35 1.0000000180025095e-35
decision_type=2 2 2 2 2 2
left_child=1 3 -3 -1 5 -2
right_child=4 2 -4 -5 -6 -7
leaf_value=0.0040428183053751949 -0.094738956988019998 0.034205449005605917 -0.077936533193733254 0.14506196784531342 -0.17768367280609054 -0.15933219510038771
leaf_weight=146.21612504124641 66.303063124418259 639.86770083010197 430.90957126021385 1247.2242884337902 846.54459357261658 80.846891105175018
leaf_count=585 266 2567 1726 5013 3420 326
internal_value=-2.52191e-05 0.0689289 -0.0109541 0.130278 -0.170919 -0.131064
internal_weight=3457.91 2464.22 1070.78 1393.44 993.695 147.15
internal_count=13903 9891 4293 5598 4012 592
is_linear=0
shrinkage=0.1


Tree=2
num_leaves=7
num_cat=0
split_feature=1 5 7 7 0 5
split_gain=3376.08 998.545 308.084 217.492 21.8767 11.9657
threshold=1.0000000180025095e-35 1.0000000180025095e-35 1.0000000180025095e-35 1.0000000180025095e-35 1.0000000180025095e-35 1.0000000180025095e-35
decision_type=2 2 2 2 2 2
left_child=1 3 -3 -1 5 -2
right_child=4 2 -4 -5 -6 -7
leaf_value=0.0036410603184547047 -0.086060841267112234 -0.14947408349134975 0.010737640767572708 0.13267423919402896 -0.16425675712759077 -0.14668104372467325
leaf_weight=146.22451968491077 65.81500768661499 136.75661337375641 931.841224193573 1228.3213505297899 825.28937458992004 79.204607337713242
leaf_count=585 266 552 3741 5013 3420 326
internal_value=-5.19749e-05 0.0626235 -0.00988645 0.11896 -0.157765 -0.119947
internal_weight=3413.45 2443.14 1068.6 1374.55 970.309 145.02
internal_count=13903 9891 4293 5598 4012 592
is_linear=0
shrinkage=0.1


Tree=3
num_leaves=7
num_cat=0
split_feature=1 3 7 7 0 5
split_gain=2823.76 865.917 328.721 104.268 20.4512 10.7807
threshold=1.0000000180025095e-35 1.0000000180025095e-35 1.0000000180025095e-35 1.0000000180025095e-35 1.0000000180025095e-35 1.0000000180025095e-35
decision_type=2 2 2 2 2 2
left_child=1 2 -1 -3 5 -2
right_child=4 3 -4 -5 -6 -7
leaf_value=-0.028674829542569932 -0.078437311275845759 -0.15145154988581533 0.10701429664420853 -0.029652212102022121 -0.15371942308383846 -0.13635017424810172
leaf_weight=200.47733406722546 65.123582273721695 80.227373495697975 1603.4483976364136 528.66770130395889 795.26614844799042 76.87938791513443
leaf_count=804 266 333 6636 2118 3420 326
internal_value=-8.75056e-05 0.057135 0.0919271 -0.0459224 -0.1473 -0.110525
internal_weight=3350.09 2412.82 1803.93 608.895 937.269 142.003
internal_count=13903 9891 7440 2451 4012 592
is_linear=0
shrinkage=0.1


Tree=4
num_leaves=7
num_cat=0
split_feature=1 5 7 7 0 5
split_gain=2379.96 747.835 216.345 152.674 19.7337 9.92251
threshold=1.0000000180025095e-35 1.0000000180025095e-35 1.0000000180025095e-35 1.0000000180025095e-35 1.0000000180025095e-35 1.0000000180025095e-35
decision_type=2 2 2 2 2 2
left_child=1 3 -3 -1 5 -2
right_child=4 2 -4 -5 -6 -7
leaf_value=0.0061298542140793087 -0.071655965203851854 -0.12976265538033249 0.0067801328107029747 0.11456448628778121 -0.14522896752875236 -0.12767934447697951
leaf_weight=146.15332648158073 64.296284884214401 131.63552209734917 926.81403160095215 1171.1147392094135 759.4768300652504 74.101651847362518
leaf_count=585 266 552 3741 5013 3420 326
internal_value=-0.000136428 0.052284 -0.0103076 0.102547 -0.138741 -0.102353
internal_weight=3273.59 2375.72 1058.45 1317.27 897.875 138.398
internal_count=13903 9891 4293 5598 4012 592
is_linear=0
shrinkage=0.1


Tree=5
num_leaves=7
num_cat=0
split_feature=1 2 6 7 0 3
split_gain=2018.56 654.709 296.428 33.4376 19.4612 9.47141
threshold=1.0000000180025095e-35 1.0000000180025095e-35 1.0000000180025095e-35 1.0000000180025095e-35 1.0000000180025095e-35 1.0000000180025095e-35
decision_type=2 2 2 2 2 2
left_child=1 2 -1 -3 5 -2
right_child=4 3 -4 -5 -6 -7
leaf_value=0.11910107698245523 -0.074802475134714094 -0.13665240288069996 0.039288508010080478 -0.053291032200516578 -0.13823900978739831 -0.13315391655758307
leaf_weight=803.45250637829304 89.536194056272507 55.117545366287231 1107.6307343840599 368.23554089665413 720.16593754291534 44.893433481454849
leaf_count=3523 386 248 4642 1478 3420 206
internal_value=-0.000173798 0.0479662 0.0728878 -0.0644405 -0.131577 -0.0951285
internal_weight=3189.03 2334.44 1911.08 423.353 854.596 134.43
internal_count=13903 9891 8165 1726 4012 592
is_linear=0
shrinkage=0.1


Tree=6
num_leaves=7
num_cat=0
split_feature=1 4 7 7 0 5
split_gain=1719.29 550.166 211.456 94.183 19.5332 9.17406
threshold=1.0000000180025095e-35 1.0000000180025095e-35 1.0000000180025095e-35 1.0000000180025095e-35 1.0000000180025095e-35 1.0000000180025095e-35
decision_type=2 2 2 2 2 2
left_child=1 2 -1 -3 5 -2
right_child=4 3 -4 -5 -6 -7
leaf_value=-0.023428569549034078 -0.059275863217756679 -0.12858511032889899 0.089504944155603089 -0.016444407270672864 -0.13237850415608524 -0.11417362713243971
leaf_weight=187.42603433132172 62.284084290266037 84.423081234097481 1411.7154537290335 611.41304558515549 679.01006877422333 68.069714039564133
leaf_count=753 266 384 6295 2459 3420 326
internal_value=-0.000219079 0.0439793 0.0762623 -0.030215 -0.125445 -0.088594
internal_weight=3104.34 2294.98 1599.14 695.836 809.364 130.354
internal_count=13903 9891 7048 2843 4012 592
is_linear=0
shrinkage=0.1


Tree=7
num_leaves=7
num_cat=0
split_feature=1 6 2 7 0 3
split_gain=1471 498.26 230.622 32.1368 19.7375 8.93555
threshold=1.0000000180025095e-35 1.0000000180025095e-35 1.0000000180025095e-35 1.0000000180025095e-35 1.0000000180025095e-35 1.0000000180025095e-35
decision_type=2 2 2 2 2 2
left_child=1 3 -3 -1 5 -2
right_child=4 2 -4 -5 -6 -7
leaf_value=0.0415398119861028 -0.063064100239056176 0.031419483727327627 -0.056096367877579947 0.11349590177620823 -0.12738579391140517 -0.12157780122306308
leaf_weight=69.955618977546692 85.566172420978546 1082.6437648236752 415.99029746651649 681.15895673632622 637.25396990776062 40.560263246297836
leaf_count=280 386 4642 1726 3243 3420 206
internal_value=-0.000262396 0.0404424 0.00710566 0.106858 -0.120119 -0.0826895
internal_weight=3013.13 2249.75 1498.63 751.115 763.38 126.126
internal_count=13903 9891 6368 3523 4012 592
is_linear=0
shrinkage=0.1


Tree=8
num_leaves=7
num_cat=0
split_feature=1 6 7 7 0 2
split_gain=1262.45 431.432 195.148 30.2549 20.1046 8.69258
threshold=1.0000000180025095e-35 1.0000000180025095e-35 1.0000000180025095e-35 1.0000000180025095e-35 1.0000000180025095e-35 1.0000000180025095e-35
decision_type=2 2 2 2 2 2
left_child=1 3 -3 -1 5 -2
right_child=4 2 -4 -5 -6 -7
leaf_value=0.037501670451363024 -0.060275884052313558 -0.085974246099547069 0.020597822790918721 0.10745885842109699 -0.12307046510515177 -0.12245999373887824
leaf_weight=69.852378964424133 90.444536864757538 197.16658966243267 1291.6394827961922 649.2098160982132 595.81149101257324 31.55782088637352
leaf_count=280 422 857 5511 3243 3420 170
internal_value=-0.000284478 0.0371757 0.00643596 0.100724 -0.115397 -0.0772256
internal_weight=2925.68 2207.87 1488.81 719.062 717.814 122.002
internal_count=13903 9891 6368 3523 4012 592
is_linear=0
shrinkage=0.1


Tree=9
num_leaves=8
num_cat=0
split_feature=1 5 7 7 0 5 5
split_gain=1085.93 389.139 128.455 94.4861 20.5497 8.58891 0.0449088
threshold=1.0000000180025095e-35 1.0000000180025095e-35 1.0000000180025095e-35 1.0000000180025095e-35 1.0000000180025095e-35 1.0000000180025095e-35 1.0000000180025095e-35
decision_type=2 2 2 2 2 2 2
left_child=1 3 -3 -1 5 -2 -6
right_child=4 2 -4 -5 6 -7 -8
leaf_value=-0.00077997598298191779 -0.044017778409077613 -0.10831388833070466 0.0023136893667800983 0.085410983607599952 -0.11358294609210547 -0.099110358687476724 -0.12386243630916766
leaf_weight=145.82340016961098 59.029950648546219 117.60540418326855 911.95777656137943 993.26226671040058 258.51016187667847 58.964327126741409 296.83202004432678
leaf_count=585 266 552 3741 5013 1592 326 1828
internal_value=-0.000309362 0.0341401 -0.010416 0.074386 -0.111149 -0.0721503 -0.11929
internal_weight=2841.99 2168.65 1029.56 1139.09 673.336 117.994 555.342
internal_count=13903 9891 4293 5598 4012 592 3420
is_linear=0
shrinkage=0.1


Tree=10
num_leaves=8
num_cat=0
split_feature=1 2 6 0 7 2 5
split_gain=936.706 346.738 171.869 20.9794 19.4424 8.45774 0.154307
threshold=1.0000000180025095e-35 1.0000000180025095e-35 1.0000000180025095e-35 1.0000000180025095e-35 1.0000000180025095e-35 1.0000000180025095e-35 1.0000000180025095e-35
decision_type=2 2 2 2 2 2 2
left_child=1 2 -1 5 -3 -2 -5
right_child=3 4 -4 6 -6 -7 -8
leaf_value=0.091080920047853994 -0.050888663060556782 -0.11361812668629374 0.026044811599341983 -0.10998211701642829 -0.043439943512865925 -0.11491874669410847 -0.12074930948396936
leaf_weight=661.07739301025867 86.069402068853378 43.918247103691101 1055.1114919185638 241.20439481735229 365.06279754638672 27.955842167139053 275.17520588636398
leaf_count=3523 422 248 4642 1592 1478 170 1828
internal_value=-0.000341352 0.0314197 0.0511352 -0.107292 -0.0512347 -0.0674497 -0.115942
internal_weight=2755.57 2125.17 1716.19 630.405 408.981 114.025 516.38
internal_count=13903 9891 8165 4012 1726 592 3420
is_linear=0
shrinkage=0.1


Tree=11
num_leaves=8
num_cat=0
split_feature=1 6 2 7 0 2 5
split_gain=808.992 295.949 144.552 28.2125 21.4497 8.15819 0.274283
threshold=1.0000000180025095e-35 1.0000000180025095e-35 1.0000000180025095e-35 1.0000000180025095e-35 1.0000000180025095e-35 1.0000000180025095e-35 1.0000000180025095e-35
decision_type=2 2 2 2 2 2 2
left_child=1 3 -3 -1 5 -2 -6
right_child=4 2 -4 -5 6 -7 -8
leaf_value=0.025201243088042599 -0.046897301068407671 0.023578869256352646 -0.04672205716698577 0.093313213190435423 -0.10666810704386372 -0.11140210503183452 -0.11803049468356273
leaf_weight=69.16196346282959 84.239148885011673 1049.3334306031466 404.37223362922668 563.16211259365082 224.71264672279358 26.082811206579208 254.44992208480835
leaf_count=280 422 4642 1726 3243 1592 170 1828
internal_value=-0.000375112 0.0288629 0.00400483 0.0859149 -0.103714 -0.0630115 -0.112935
internal_weight=2675.51 2086.03 1453.71 632.324 589.485 110.322 479.163
internal_count=13903 9891 6368 3523 4012 592 3420
is_linear=0
shrinkage=0.1


Tree=12
num_leaves=8
num_cat=0
split_feature=1 6 7 7 0 5 5
split_gain=699.904 257.102 134.798 26.3187 21.8881 7.94143 0.403685
threshold=1.0000000180025095e-35 1.0000000180025095e-35 1.0000000180025095e-35 1.0000000180025095e-35 1.0000000180025095e-35 1.0000000180025095e-35 1.0000000180025095e-35
decision_type=2 2 2 2 2 2 2
left_child=1 3 -3 -1 5 -2 -6
right_child=4 2 -4 -5 6 -7 -8
leaf_value=0.022785954686737411 -0.03201210956683459 -0.07550059904336226 0.015397629307999691 0.088820133148837577 -0.10357805546783115 -0.087264390750478815 -0.11563608280531311
leaf_weight=68.960707187652588 56.043537795543671 186.42831265926361 1258.2979738414288 534.06382548809052 209.11187386512756 50.761053681373596 234.77722018957138
leaf_count=280 266 857 5511 3243 1592 326 1828
internal_value=-0.000389506 0.0265322 0.00362396 0.0813188 -0.100364 -0.0588378 -0.110201
internal_weight=2598.44 2047.75 1444.73 603.025 550.694 106.805 443.889
internal_count=13903 9891 6368 3523 4012 592 3420
is_linear=0
shrinkage=0.1


Tree=13
num_leaves=8
num_cat=0
split_feature=1 5 7 7 0 2 5
split_gain=605.969 228.705 92.5996 69.5381 22.2485 7.87539 0.541768
threshold=1.0000000180025095e-35 1.0000000180025095e-35 1.0000000180025095e-35 1.0000000180025095e-35 1.0000000180025095e-35 1.0000000180025095e-35 1.0000000180025095e-35
decision_type=2 2 2 2 2 2 2
left_child=1 3 -3 -1 5 -2 -6
right_child=4 2 -4 -5 6 -7 -8
leaf_value=-0.0059673751473242531 -0.039306999419225275 -0.096806785819180674 0.0011981627426657241 0.06890257707561312 -0.1006609621607104 -0.10579355328566907 -0.11351020194602113
leaf_weight=144.77779060602188 80.485137969255447 106.93841175734997 902.275465965271 859.29647594690323 194.44274872541428 22.919615209102631 216.22709164023399
leaf_count=585 422 552 3741 5013 1592 170 1828
internal_value=-0.000405238 0.024346 -0.00927219 0.0581119 -0.0971984 -0.0549159 -0.107686
internal_weight=2527.36 2013.29 1009.21 1004.07 514.075 103.405 410.67
internal_count=13903 9891 4293 5598 4012 592 3420
is_linear=0
shrinkage=0.1


Tree=14
num_leaves=8
num_cat=0
split_feature=1 2 7 0 7 2 5
split_gain=525.138 210.889 116.898 22.569 14.2128 7.53814 0.687934
threshold=1.0000000180025095e-35 1.0000000180025095e-35 1.0000000180025095e-35 1.0000000180025095e-35 1.0000000180025095e-35 1.0000000180025095e-35 1.0000000180025095e-35
decision_type=2 2 2 2 2 2 2
left_child=1 2 -1 5 -3 -2 -5
right_child=3 4 -4 6 -6 -7 -8
leaf_value=-0.030346363598809357 -0.036120630720787861 -0.10193178003635302 0.049448714527552347 -0.097875054958786359 -0.036476297565580643 -0.10298973840185233 -0.11160743570267749
leaf_weight=211.35441683232784 78.995680153369904 36.027031421661377 1367.4813656955957 180.7186034321785 361.64926671981812 21.30009651184082 198.8310387134552
leaf_count=889 422 248 7276 1592 1478 170 1828
internal_value=-0.000427857 0.022363 0.0387543 -0.0941561 -0.042647 -0.0511983 -0.105343
internal_weight=2456.36 1976.51 1578.84 479.845 397.676 100.296 379.55
internal_count=13903 9891 8165 4012 1726 592 3420
is_linear=0
shrinkage=0.1


Tree=15
num_leaves=8
num_cat=0
split_feature=1 6 2 0 7 2 5
split_gain=455.096 197.371 85.9991 22.8075 17.765 7.19408 0.841656
threshold=1.0000000180025095e-35 1.0000000180025095e-35 1.0000000180025095e-35 1.0000000180025095e-35 1.0000000180025095e-35 1.0000000180025095e-35 1.0000000180025095e-35
decision_type=2 2 2 2 2 2 2
left_child=1 4 -3 5 -1 -2 -5
right_child=3 2 -4 6 -6 -7 -8
leaf_value=0.024082383597182087 -0.03315852880309144 0.016172725995079462 -0.038883916309023887 -0.095185749175227 0.078827090894333068 -0.10034561810238496 -0.10989046391727997
leaf_weight=69.071357250213623 77.611826092004776 1010.6026089340448 393.29176101088524 167.93255841732025 469.98703363537788 19.780085608363152 182.59167638421059
leaf_count=280 422 4642 1726 1592 3243 170 1828
internal_value=-0.000461565 0.0204958 0.000732271 -0.0912126 0.07187 -0.0476853 -0.103136
internal_weight=2390.87 1942.95 1403.89 447.916 539.058 97.3919 350.524
internal_count=13903 9891 6368 4012 3523 592 3420
is_linear=0
shrinkage=0.1


Tree=16
num_leaves=8
num_cat=0
split_feature=1 6 7 0 7 5 5
split_gain=394.73 170.344 80.4846 22.9534 16.6269 6.89644 1.00234
threshold=1.0000000180025095e-35 1.0000000180025095e-35 1.0000000180025095e-35 1.0000000180025095e-35 1.0000000180025095e-35 1.0000000180025095e-35 1.0000000180025095e-35
decision_type=2 2 2 2 2 2 2
left_child=1 4 -3 5 -1 -2 -5
right_child=3 2 -4 6 -6 -7 -8
leaf_value=0.021774427729007076 -0.019720195515299799 -0.062578343763114649 0.0097589908442192834 -0.092564382520087585 0.074949965756355139 -0.074229310778369167 -0.10832813300281308
leaf_weight=68.870188593864441 52.788369625806808 174.94712592661381 1221.5717528909445 156.06297862529755 446.17689281702042 41.902079403400421 167.49052277207375
leaf_count=280 266 857 5511 1592 3243 326 1828
internal_value=-0.000462563 0.0188008 0.000658729 -0.08834 0.0678955 -0.044365 -0.101033
internal_weight=2329.81 1911.57 1396.52 418.244 515.047 94.6904 323.554
internal_count=13903 9891 6368 4012 3523 592 3420
is_linear=0
shrinkage=0.1


Tree=17
num_leaves=8
num_cat=0
split_feature=1 6 2 0 7 2 5
split_gain=342.274 146.832 71.6237 22.9887 15.4692 6.77733 1.16927
threshold=1.0000000180025095e-35 1.0000000180025095e-35 1.0000000180025095e-35 1.0000000180025095e-35 1.0000000180025095e-35 1.0000000180025095e-35 1.0000000180025095e-35
decision_type=2 2 2 2 2 2 2
left_child=1 4 -3 5 -1 -2 -5
right_child=3 2 -4 6 -6 -7 -8
leaf_value=0.019687056771723888 -0.027415496728820779 0.014728400121598493 -0.035764958542570315 -0.089987137984737287 0.071191539485498792 -0.095983391698984219 -0.10689411072117194
leaf_weight=68.671932220458984 74.763788968324661 1001.886474609375 389.23397490382195 145.07780289649963 423.98402689397335 17.350763231515884 153.49388283491135
leaf_count=280 422 4642 1726 1592 3243 170 1828
internal_value=-0.000464506 0.0172122 0.000584871 -0.0855227 0.0640667 -0.0412231 -0.0990067
internal_weight=2274.46 1883.78 1391.12 390.686 492.656 92.1146 298.572
internal_count=13903 9891 6368 4012 3523 592 3420
is_linear=0
shrinkage=0.1


Tree=18
num_leaves=8
num_cat=0
split_feature=1 6 7 0 7 2 5
split_gain=296.807 126.232 67.7508 22.9244 14.3048 6.39048 1.34161
threshold=1.0000000180025095e-35 1.0000000180025095e-35 1.0000000180025095e-35 1.0000000180025095e-35 1.0000000180025095e-35 1.0000000180025095e-35 1.0000000180025095e-35
decision_type=2 2 2 2 2 2 2
left_child=1 4 -3 5 -1 -2 -5
right_child=3 2 -4 6 -6 -7 -8
leaf_value=0.017798472969353996 -0.025082048638148238 -0.058142051451909198 0.0088561247131239765 -0.087434309576810434 0.067537133131207003 -0.093612914916422416 -0.10556590635196356
leaf_weight=68.479462862014771 73.69854524731636 171.36795541644096 1212.8146394789219 134.93786513805389 403.37753237038851 16.101038157939911 140.5574654340744
leaf_count=280 422 857 5511 1592 3243 170 1828
internal_value=-0.000462915 0.0157643 0.000525467 -0.0827305 0.0603716 -0.0382653 -0.0970334
internal_weight=2221.33 1856.04 1384.18 365.295 471.857 89.7996 275.495
internal_count=13903 9891 6368 4012 3523 592 3420
is_linear=0
shrinkage=0.1


Tree=19
num_leaves=6
num_cat=0
split_feature=0 3 6 7 5
split_gain=258.928 116.145 51.4792 23.7612 1.5183
threshold=1.0000000180025095e-35 1.0000000180025095e-35 1.0000000180025095e-35 1.0000000180025095e-35 1.0000000180025095e-35
decision_type=2 2 2 2 2
left_child=1 2 -1 -3 -2
right_child=4 3 -4 -5 -6
leaf_value=0.055025494396060484 -0.084889835386741122 -0.093910522082342171 0.013907135055398446 -0.019270953821851435 -0.10432405817247214
leaf_weight=467.37428089231253 125.59946823120117 45.485072940587997 873.01754708588123 533.48111315071583 128.62999254465103
leaf_count=3600 1592 333 4226 2324 1828
internal_value=-0.000463686 0.0121135 0.0282748 -0.0252866 -0.095093
internal_weight=2173.59 1919.36 1340.39 578.966 254.229
internal_count=13903 10483 7826 2657 3420
is_linear=0
shrinkage=0.1


Tree=20
num_leaves=8
num_cat=0
split_feature=1 5 7 7 0 2 5
split_gain=228.828 97.0414 52.421 32.4608 20.0823 5.54204 1.6981
threshold=1.0000000180025095e-35 1.0000000180025095e-35 1.0000000180025095e-35 1.0000000180025095e-35 1.0000000180025095e-35 1.0000000180025095e-35 1.0000000180025095e-35
decision_type=2 2 2 2 2 2 2
left_child=1 3 -3 -1 5 -2 -6
right_child=4 2 -4 -5 6 -7 -8
leaf_value=-0.0049782547351959611 -0.024684479796689744 -0.080085170680197978 -0.00059685660146599733 0.047321427385209669 -0.082340855742824931 -0.090817986317738783 -0.10315155339226577
leaf_weight=142.97176204621792 73.444925680756569 90.571731299161911 882.95487758517265 692.2317230924964 117.01630556583405 14.713195562362669 117.65593680739403
leaf_count=585 422 552 3741 5013 1592 170 1828
internal_value=-0.000466542 0.013387 -0.00806662 0.0383734 -0.0778858 -0.0366167 -0.093168
internal_weight=2131.56 1808.73 973.527 835.203 322.83 88.1581 234.672
internal_count=13903 9891 4293 5598 4012 592 3420
is_linear=0
shrinkage=0.1


Tree=21
num_leaves=7
num_cat=0
split_feature=0 2 7 7 5 6
split_gain=200.255 90.6017 49.3628 8.39057 1.87956 0.16018
threshold=1.0000000180025095e-35 1.0000000180025095e-35 1.0000000180025095e-35 1.0000000180025095e-35 1.0000000180025095e-35 1.0000000180025095e-35
decision_type=2 2 2 2 2 2
left_child=1 2 -1 -3 5 -2
right_child=4 3 -4 -5 -6 -7
leaf_value=-0.024103871141411437 -0.068486641988714875 -0.086743079583379942 0.028781288199706496 -0.028427186039815561 -0.10203329334050591 -0.085790125250978969
leaf_weight=204.11824910342693 42.23044753074646 25.79397577047348 1272.2881397306919 368.3442764133215 107.57763257622719 66.910579204559326
leaf_count=889 616 248 7698 1648 1828 976
internal_value=-0.000472249 0.0100875 0.0214584 -0.0324535 -0.091243 -0.0797774
internal_weight=2087.26 1870.54 1476.41 394.138 216.719 109.141
internal_count=13903 10483 8587 1896 3420 1592
is_linear=0
shrinkage=0.1


Tree=22
num_leaves=8
num_cat=0
split_feature=1 6 7 0 7 5 5
split_gain=177.451 80.5122 38.8915 17.1505 10.4849 4.67776 2.05593
threshold=1.0000000180025095e-35 1.0000000180025095e-35 1.0000000180025095e-35 1.0000000180025095e-35 1.0000000180025095e-35 1.0000000180025095e-35 1.0000000180025095e-35
decision_type=2 2 2 2 2 2 2
left_child=1 4 -3 5 -1 -2 -5
right_child=3 2 -4 6 -6 -7 -8
leaf_value=0.013594091685705967 -0.015918882111648363 -0.046671453020797393 0.0057483354793351257 -0.077216219788152962 0.056745169113723827 -0.063221490339842354 -0.10095580848345294
leaf_weight=68.00764799118042 51.764025211334229 159.66910329461098 1187.4776076823473 101.98855149745941 348.75394834578037 35.184897273778915 98.33682855963707
leaf_count=280 266 857 5511 1592 3243 326 1828
internal_value=-0.000482693 0.0113989 -0.000494674 -0.0732241 0.0497531 -0.0355616 -0.0893132
internal_weight=2051.18 1763.91 1347.15 287.274 416.762 86.9489 200.325
internal_count=13903 9891 6368 4012 3523 592 3420
is_linear=0
shrinkage=0.1


Tree=23
num_leaves=7
num_cat=0
split_feature=0 2 6 7 5 6
split_gain=154.885 71.6793 40.0553 7.10621 2.23551 0.289968
threshold=1.0000000180025095e-35 1.0000000180025095e-35 1.0000000180025095e-35 1.0000000180025095e-35 1.0000000180025095e-35 1.0000000180025095e-35
decision_type=2 2 2 2 2 2
left_child=1 2 -1 -3 5 -2
right_child=4 3 -4 -5 -6 -7
leaf_value=0.044737759706993417 -0.062284955502404253 -0.082351988690461717 0.0079917911199312505 -0.026115448017067524 -0.099906932784279409 -0.081311999573672689
leaf_weight=416.94341168552637 37.248696118593216 23.252185881137848 1024.2042091041803 365.69186109304428 89.875865921378136 58.133862257003784
leaf_count=3600 616 248 4987 1648 1828 976
internal_value=-0.000472243 0.00836525 0.0186465 -0.02968 -0.0873504 -0.0746049
internal_weight=2015.35 1830.09 1441.15 388.944 185.258 95.3826
internal_count=13903 10483 8587 1896 3420 1592
is_linear=0
shrinkage=0.1


Tree=24
num_leaves=8
num_cat=0
split_feature=1 4 7 7 0 2 5
split_gain=136.782 59.9378 29.002 22.4993 14.8661 4.19485 2.40527
threshold=1.0000000180025095e-35 1.0000000180025095e-35 1.0000000180025095e-35 1.0000000180025095e-35 1.0000000180025095e-35 1.0000000180025095e-35 1.0000000180025095e-35
decision_type=2 2 2 2 2 2 2
left_child=1 2 -1 -3 5 -2 -6
right_child=4 3 -4 -5 6 -7 -8
leaf_value=-0.013060128317749199 -0.023885167916276207 -0.081632201504035079 0.03103830999553131 -0.0094375564057173587 -0.071993448758493797 -0.085537124706628109 -0.098875542333582631
leaf_weight=177.56895615160465 72.872457429766655 45.61906623840332 914.66242800652981 589.78916756808758 89.40471214056015 12.385524064302443 82.138556748628616
leaf_count=753 422 384 6295 2459 1592 170 1828
internal_value=-0.000468951 0.00966497 0.0238636 -0.0147409 -0.0684183 -0.0337292 -0.0853636
internal_weight=1984.44 1727.64 1092.23 635.408 256.801 85.258 171.543
internal_count=13903 9891 7048 2843 4012 592 3420
is_linear=0
shrinkage=0.1


end of trees

feature_importances:
hr_lt=_21.5=41
temp_lt=_0.4699999988079071=32
hr_lt=_5.5=25
hr_lt=_6.5=22
temp_lt=_0.3100000023841858=20
atemp_lt=_0.5985000133514404=15
temp_lt=_0.3500000089406967=4
temp_lt=_0.3700000047683716=3

parameters:
[boosting: gbdt]
[objective: binary]
[metric: binary_logloss]
[tree_learner: serial]
[device_type: cpu]
[data_sample_strategy: bagging]
[data: ]
[valid: ]
[num_iterations: 25]
[learning_rate: 0.1]
[num_leaves: 31]
[num_threads: 8]
[seed: 42]
[deterministic: 0]
[force_col_wise: 0]
[force_row_wise: 0]
[histogram_pool_size: -1]
[max_depth: 3]
[min_data_in_leaf: 20]
[min_sum_hessian_in_leaf: 0.001]
[bagging_fraction: 1]
[pos_bagging_fraction: 1]
[neg_bagging_fraction: 1]
[bagging_freq: 0]
[bagging_seed: 400]
[bagging_by_query: 0]
[feature_fraction: 1]
[feature_fraction_bynode: 1]
[feature_fraction_seed: 30056]
[extra_trees: 0]
[extra_seed: 12879]
[early_stopping_round: 0]
[early_stopping_min_delta: 0]
[first_metric_only: 0]
[max_delta_step: 0]
[lambda_l1: 0]
[lambda_l2: 1]
[linear_lambda: 0]
[min_gain_to_split: 0]
[drop_rate: 0.1]
[max_drop: 50]
[skip_drop: 0.5]
[xgboost_dart_mode: 0]
[uniform_drop: 0]
[drop_seed: 17869]
[top_rate: 0.2]
[other_rate: 0.1]
[min_data_per_group: 100]
[max_cat_threshold: 32]
[cat_l2: 10]
[cat_smooth: 10]
[max_cat_to_onehot: 4]
[top_k: 20]
[monotone_constraints: ]
[monotone_constraints_method: basic]
[monotone_penalty: 0]
[feature_contri: ]
[forcedsplits_filename: ]
[refit_decay_rate: 0.9]
[cegb_tradeoff: 1]
[cegb_penalty_split: 0]
[cegb_penalty_feature_lazy: ]
[cegb_penalty_feature_coupled: ]
[path_smooth: 0]
[interaction_constraints: ]
[verbosity: -1]
[saved_feature_importance_type: 0]
[use_quantized_grad: 0]
[num_grad_quant_bins: 4]
[quant_train_renew_leaf: 0]
[stochastic_rounding: 1]
[linear_tree: 0]
[max_bin: 255]
[max_bin_by_feature: ]
[min_data_in_bin: 3]
[bin_construct_sample_cnt: 200000]
[data_random_seed: 175]
[is_enable_sparse: 1]
[enable_bundle: 1]
[use_missing: 1]
[zero_as_missing: 0]
[feature_pre_filter: 1]
[pre_partition: 0]
[two_round: 0]
[header: 0]
[label_column: ]
[weight_column: ]
[group_column: ]
[ignore_column: ]
[categorical_feature: ]
[forcedbins_filename: ]
[precise_float_parser: 0]
[parser_config_file: ]
[objective_seed: 16083]
[num_class: 1]
[is_unbalance: 0]
[scale_pos_weight: 1]
[sigmoid: 1]
[boost_from_average: 1]
[reg_sqrt: 0]
[alpha: 0.9]
[fair_c: 1]
[poisson_max_delta_step: 0.7]
[tweedie_variance_power: 1.5]
[lambdarank_truncation_level: 30]
[lambdarank_norm: 1]
[label_gain: ]
[lambdarank_position_bias_regularization: 0]
[eval_at: ]
[multi_error_top_k: 1]
[auc_mu_weights: ]
[num_machines: 1]
[local_listen_port: 12400]
[time_out: 120]
[machine_list_filename: ]
[machines: ]
[gpu_platform_id: -1]
[gpu_device_id: -1]
[gpu_use_dp: 0]
[num_gpu: 1]

end of parameters

pandas_categorical:[]
