tree
version=v4
num_class=1
num_tree_per_iteration=1
label_index=0
max_feature_idx=9
objective=binary sigmoid:1
feature_names=V4_lt=_0.7563397884368896 V4_lt=_1.5782626867294312 V10_lt=_-1.7765860557556152 V14_lt=_-2.7159359455108643 V14_lt=_-1.8273465633392334 V14_lt=_-1.812438189983368 V14_lt=_-1.7687879800796509 V14_lt=_-1.5627466440200806 V14_lt=_-1.4205476641654968 V14_lt=_-0.7145193219184875
feature_infos=[0:1] [0:1] [0:1] [0:1] [0:1] [0:1] [0:1] [0:1] [0:1] [0:1]
tree_sizes=927 1023 1029 1027 1023 1028 1033 1025 1030 1035 1035 1033 1036 1037 1033 1030 1033 1035 1030 1034 1036 1040 1034 1034 1034

Tree=0
num_leaves=8
num_cat=0
split_feature=5 0 9 2 1 9 3
split_gain=263206 9857.68 6934.5 4836.57 3686.56 555.27 102.378
threshold=1.0000000180025095e-35 1.0000000180025095e-35 1.0000000180025095e-35 1.0000000180025095e-35 1.0000000180025095e-35 1.0000000180025095e-35 1.0000000180025095e-35
decision_type=2 2 2 2 2 2 2
left_child=1 2 -1 4 -2 -3 -5
right_child=3 5 -4 6 -6 -7 -8
leaf_value=-0.12185056142416881 0.16839110873943119 -0.1889201121025329 0.044691166366845253 0.1495691554665104 -0.01860404983530109 -0.15346073062701285 0.19957645538136357
leaf_weight=11823.25 2412.5 29642.5 3170 429.25 1871.75 5225.25 36405.75
leaf_count=47293 9650 118570 12680 1717 7487 20901 145623
internal_value=5.49691e-06 -0.154453 -0.0866383 0.187301 0.0867093 -0.183611 0.198998
internal_weight=90980.2 49861 14993.2 41119.2 4284.25 34867.8 36835
internal_count=363921 199444 59973 164477 17137 139471 147340
is_linear=0
shrinkage=1


Tree=1
num_leaves=8
num_cat=0
split_feature=5 1 2 1 9 9 0
split_gain=215090 8438.41 4016.71 3016.7 2601.01 1900.45 90.6527
threshold=1.0000000180025095e-35 1.0000000180025095e-35 1.0000000180025095e-35 1.0000000180025095e-35 1.0000000180025095e-35 1.0000000180025095e-35 1.0000000180025095e-35
decision_type=2 2 2 2 2 2 2
left_child=1 5 3 -2 -3 -1 -4
right_child=2 4 6 -5 -6 -7 -8
leaf_value=-0.061491423465711903 0.15267040768829532 -0.16654793122039166 0.18167080067094835 -0.016751083479066661 -0.099745227209007054 0.070140650288061379 0.14592451021969563
leaf_weight=4913.2401342689991 2395.478555560112 36245.806308761239 35722.973840564489 1871.5880076289177 6951.9789220690727 1411.0453542172909 749.50919485092163
leaf_count=19726 9650 146137 144314 7487 27934 5647 3026
internal_value=5.81846e-06 -0.140005 0.1702 0.0783735 -0.1558 -0.0321158 0.18094
internal_weight=90261.6 49522.1 40739.5 4267.07 43197.8 6324.29 36472.5
internal_count=363921 199444 164477 17137 174071 25373 147340
is_linear=0
shrinkage=0.1


Tree=2
num_leaves=8
num_cat=0
split_feature=6 0 9 2 1 8 3
split_gain=178381 7409.44 4813.72 3728.46 2678.57 391.882 92.3007
threshold=1.0000000180025095e-35 1.0000000180025095e-35 1.0000000180025095e-35 1.0000000180025095e-35 1.0000000180025095e-35 1.0000000180025095e-35 1.0000000180025095e-35
decision_type=2 2 2 2 2 2 2
left_child=1 2 -1 4 -2 -3 -5
right_child=3 5 -4 6 -6 -7 -8
leaf_value=-0.099065997278578691 0.14019242938357798 -0.15635530164010453 0.041242750328951472 0.12088170480503702 -0.017406242343883067 -0.088909004598453814 0.16790175190671697
leaf_weight=11640.699335098267 2395.9851007163525 32898.24441537261 3094.7077175974846 434.48096206784248 1960.1576029211283 889.17176339030266 35118.253562569618
leaf_count=47293 9829 135530 12402 1782 7848 3614 145623
internal_value=2.70492e-05 -0.128777 -0.0695978 0.156631 0.0692892 -0.154583 0.167331
internal_weight=88431.7 48522.8 14735.4 39908.9 4356.14 33787.4 35552.7
internal_count=363921 198839 59695 165082 17677 139144 147405
is_linear=0
shrinkage=0.1


Tree=3
num_leaves=8
num_cat=0
split_feature=5 0 9 2 1 8 0
split_gain=149589 6639.66 4124.81 3094.5 2107.88 405.241 84.3557
threshold=1.0000000180025095e-35 1.0000000180025095e-35 1.0000000180025095e-35 1.0000000180025095e-35 1.0000000180025095e-35 1.0000000180025095e-35 1.0000000180025095e-35
decision_type=2 2 2 2 2 2 2
left_child=1 2 -1 4 -2 -3 -5
right_child=3 5 -4 6 -6 -7 -8
leaf_value=-0.090524550189303429 0.12974077361594141 -0.14559487682435818 0.03847879335638469 0.15750543447038926 -0.013346177691856149 -0.079446731669813031 0.12222166148948271
leaf_weight=11473.889805272222 2288.5985746979713 31849.957481920719 3160.8320361971855 33496.635371059179 1870.4479249566793 957.88284070789814 711.15319016575813
leaf_count=47293 9650 135530 12680 144314 7487 3941 3026
internal_value=5.32066e-05 -0.11868 -0.0626615 0.146872 0.0654025 -0.143666 0.156776
internal_weight=85809.4 47442.6 14634.7 38366.8 4159.05 32807.8 34207.8
internal_count=363921 199444 59973 164477 17137 139471 147340
is_linear=0
shrinkage=0.1


Tree=4
num_leaves=8
num_cat=0
split_feature=6 1 2 1 9 2 3
split_gain=126521 6090.47 3022.76 1917.57 1901.08 1402.42 91.1872
threshold=1.0000000180025095e-35 1.0000000180025095e-35 1.0000000180025095e-35 1.0000000180025095e-35 1.0000000180025095e-35 1.0000000180025095e-35 1.0000000180025095e-35
decision_type=2 2 2 2 2 2 2
left_child=1 5 3 -2 -3 -1 -4
right_child=2 4 6 -5 -6 -7 -8
leaf_value=-0.029611061559939346 0.12109781010141679 -0.1348872935659067 0.10093450415280179 -0.014123868834782873 -0.075852419230366883 0.17848335256787795 0.14891224757700885
leaf_weight=5769.265255510807 2257.3261049836874 33169.601195663214 409.87296721339226 1957.5890466868877 6533.8901863396168 342.12493881583214 32227.203313529491
leaf_count=23764 9829 146137 1782 7848 27535 1403 145623
internal_value=8.29766e-05 -0.11087 0.13802 0.0583066 -0.125174 -0.0179343 0.148313
internal_weight=82666.9 45814.9 36852 4214.92 39703.5 6111.39 32637.1
internal_count=363921 198839 165082 17677 173672 25167 147405
is_linear=0
shrinkage=0.1


Tree=5
num_leaves=8
num_cat=0
split_feature=5 0 9 2 1 8 0
split_gain=107643 5775.38 3257.51 2620.28 1528.94 357.381 87.2934
threshold=1.0000000180025095e-35 1.0000000180025095e-35 1.0000000180025095e-35 1.0000000180025095e-35 1.0000000180025095e-35 1.0000000180025095e-35 1.0000000180025095e-35
decision_type=2 2 2 2 2 2 2
left_child=1 2 -1 4 -2 -3 -5
right_child=3 5 -4 6 -6 -7 -8
leaf_value=-0.076149692829417068 0.11329378080832926 -0.12982112280872768 0.039091389522982217 0.14224298949578359 -0.010611483801173065 -0.066711018754901819 0.10497961866940542
leaf_weight=11026.554372534156 2130.775049328804 29281.652948111296 3153.8263544738293 30220.083426818252 1868.7410921156406 929.02648167312145 656.0533726811409
leaf_count=47293 9650 135530 12680 144314 7487 3941 3026
internal_value=0.000118868 -0.103171 -0.0505182 0.131589 0.0554119 -0.127883 0.141455
internal_weight=79266.7 44391.1 14180.4 34875.7 3999.52 30210.7 30876.1
internal_count=363921 199444 59973 164477 17137 139471 147340
is_linear=0
shrinkage=0.1


Tree=6
num_leaves=8
num_cat=0
split_feature=5 0 9 2 1 9 3
split_gain=92097.3 5292.07 2702.93 2469.35 1315.59 350.189 94.7448
threshold=1.0000000180025095e-35 1.0000000180025095e-35 1.0000000180025095e-35 1.0000000180025095e-35 1.0000000180025095e-35 1.0000000180025095e-35 1.0000000180025095e-35
decision_type=2 2 2 2 2 2 2
left_child=1 2 -1 4 -2 -3 -5
right_child=3 5 -4 6 -6 -7 -8
leaf_value=-0.070038568172703083 0.10652596142811324 -0.12616897084088724 0.035238658286263803 0.084621733600864002 -0.0095554718176177993 -0.095987677567918622 0.13640496773304106
leaf_weight=10801.875232815742 2044.1328026354313 24137.345352768898 3149.1258929669857 363.78076201677322 1867.8936444222927 4594.5382176488638 28684.848394230008
leaf_count=47293 9650 118570 12680 1717 7487 20901 145623
internal_value=0.000152361 -0.0968102 -0.0462738 0.125715 0.0511117 -0.121346 0.135759
internal_weight=75643.5 42682.9 13951 32960.7 3912.03 28731.9 29048.6
internal_count=363921 199444 59973 164477 17137 139471 147340
is_linear=0
shrinkage=0.1


Tree=7
num_leaves=8
num_cat=0
split_feature=6 1 2 9 1 2 0
split_gain=79131.9 4964.05 2495.22 1593.69 1215.95 1110.34 102.073
threshold=1.0000000180025095e-35 1.0000000180025095e-35 1.0000000180025095e-35 1.0000000180025095e-35 1.0000000180025095e-35 1.0000000180025095e-35 1.0000000180025095e-35
decision_type=2 2 2 2 2 2 2
left_child=1 5 4 -3 -2 -1 -4
right_child=2 3 6 -5 -6 -7 -8
leaf_value=-0.017485945405895247 0.1007101910218047 -0.11567779636083469 0.1318830745614866 -0.059390021994382716 -0.010239310116724937 0.16887910907715792 0.08981250331835483
leaf_weight=5585.7842594236135 1998.3283022046089 28774.501016646624 26610.764385804534 6099.8192686587572 1952.067137658596 338.09490725398064 598.6065685749054
leaf_count=23764 9829 146137 144367 27535 7848 1403 3038
internal_value=0.000186351 -0.0914586 0.120178 -0.105835 0.0458964 -0.00682278 0.130961
internal_weight=71958 40798.2 31159.8 34874.3 3950.4 5923.88 27209.4
internal_count=363921 198839 165082 173672 17677 25167 147405
is_linear=0
shrinkage=0.1


Tree=8
num_leaves=8
num_cat=0
split_feature=5 0 2 9 1 8 3
split_gain=68143.3 4797.1 2255.24 2133.53 979.609 349.872 103.886
threshold=1.0000000180025095e-35 1.0000000180025095e-35 1.0000000180025095e-35 1.0000000180025095e-35 1.0000000180025095e-35 1.0000000180025095e-35 1.0000000180025095e-35
decision_type=2 2 2 2 2 2 2
left_child=1 3 4 -1 -2 -3 -4
right_child=2 5 6 -5 -6 -7 -8
leaf_value=-0.059233948853380063 0.094829202748223554 -0.11308724866507001 0.071071522757807329 0.034942854440205576 -0.0075855570560220799 -0.048579910771096732 0.12765969658351445
leaf_weight=10296.294521167874 1868.528013676405 24961.377185881138 332.84360595047474 3138.0309984385967 1866.0337444096804 872.27134343981743 25019.705617085099
leaf_count=47293 9650 135530 1717 12680 7487 3941 145623
internal_value=0.000224897 -0.0857067 0.116233 -0.0372349 0.0436677 -0.110911 0.12692
internal_weight=68355.1 39268 29087.1 13434.3 3734.56 25833.6 25352.5
internal_count=363921 199444 164477 59973 17137 139471 147340
is_linear=0
shrinkage=0.1


Tree=9
num_leaves=8
num_cat=0
split_feature=5 0 2 9 1 9 0
split_gain=58864.1 4447.16 2180.54 1769.12 849.069 354.672 106.051
threshold=1.0000000180025095e-35 1.0000000180025095e-35 1.0000000180025095e-35 1.0000000180025095e-35 1.0000000180025095e-35 1.0000000180025095e-35 1.0000000180025095e-35
decision_type=2 2 2 2 2 2 2
left_child=1 3 4 -1 -2 -3 -4
right_child=2 5 6 -5 -6 -7 -8
leaf_value=-0.054523095460057562 0.089659255142266733 -0.11165093807313252 0.12446359767871025 0.031516206899064057 -0.0068305329169393225 -0.079498417883004407 0.079210684193099068
leaf_weight=10079.102911621332 1783.194887638092 20216.748067736626 23017.490716859698 3131.7361867725849 1865.2250097692013 4146.8034486919641 536.57680189609528
leaf_count=47293 9650 118570 144314 12680 7487 20901 3026
internal_value=0.000259772 -0.0808492 0.112293 -0.0341259 0.0403413 -0.106182 0.123436
internal_weight=64776.9 37574.4 27202.5 13210.8 3648.42 24363.6 23554.1
internal_count=363921 199444 164477 59973 17137 139471 147340
is_linear=0
shrinkage=0.1


Tree=10
num_leaves=8
num_cat=0
split_feature=7 0 2 2 1 9 0
split_gain=50992.4 3810.2 2789.36 1272.83 1004.11 229.914 148.365
threshold=1.0000000180025095e-35 1.0000000180025095e-35 1.0000000180025095e-35 1.0000000180025095e-35 1.0000000180025095e-35 1.0000000180025095e-35 1.0000000180025095e-35
decision_type=2 2 2 2 2 2 2
left_child=1 3 4 -1 -2 -3 -4
right_child=2 5 6 -5 -6 -7 -8
leaf_value=-0.039919520090869562 0.086557975504097814 -0.10761420567623706 0.12155677611918032 0.15256460451205139 -0.010180736654157458 -0.079816632604183549 0.067932075155611393
leaf_weight=12233.141284659505 1921.3800522536039 18943.688255399466 21359.736056476831 352.50303572416306 2427.8058361411095 3548.2587394714355 532.99478429555893
leaf_count=56792 10565 118570 144548 1493 10046 18791 3116
internal_value=0.000294052 -0.0785795 0.105723 -0.0345167 0.0325665 -0.103233 0.120254
internal_weight=61319.5 35077.6 26241.9 12585.6 4349.19 22491.9 21892.7
internal_count=363921 195646 168275 58285 20611 137361 147664
is_linear=0
shrinkage=0.1


Tree=11
num_leaves=8
num_cat=0
split_feature=4 1 2 9 2 1 3
split_gain=44153.4 3996.32 2018.36 1486.43 716.082 635.794 123.391
threshold=1.0000000180025095e-35 1.0000000180025095e-35 1.0000000180025095e-35 1.0000000180025095e-35 1.0000000180025095e-35 1.0000000180025095e-35 1.0000000180025095e-35
decision_type=2 2 2 2 2 2 2
left_child=1 4 5 -3 -1 -2 -4
right_child=2 3 6 -5 -6 -7 -8
leaf_value=-0.0044700413307809739 0.080565885015537547 -0.09829012636539608 0.051974244367118255 -0.041071418594345196 0.14566706802240578 -0.0056506945460168883 0.11873494411425634
leaf_weight=5405.2385614514351 1611.6037712693214 23075.778673633933 282.96023963391781 5654.7167473733425 336.51124569773674 1821.1607628464699 19878.318890959024
leaf_count=23997 9596 146137 1701 28110 1439 7318 145623
internal_value=0.000331394 -0.0718096 0.105732 -0.0870302 0.004353 0.0348377 0.117801
internal_weight=58066.3 34472.2 23594 28730.5 5741.75 3432.76 20161.3
internal_count=363921 199683 164238 174247 25436 16914 147324
is_linear=0
shrinkage=0.1


Tree=12
num_leaves=8
num_cat=0
split_feature=7 0 2 9 1 9 0
split_gain=38301.9 3529.56 2575.66 1065.98 749.409 218.407 165.308
threshold=1.0000000180025095e-35 1.0000000180025095e-35 1.0000000180025095e-35 1.0000000180025095e-35 1.0000000180025095e-35 1.0000000180025095e-35 1.0000000180025095e-35
decision_type=2 2 2 2 2 2 2
left_child=1 3 4 -1 -2 -3 -4
right_child=2 5 6 -5 -6 -7 -8
leaf_value=-0.043392640629824973 0.07795800159909784 -0.10056447140956788 0.11678923677724812 0.027728189577580678 -0.0077592526537593109 -0.072466543971256528 0.05728704710535152
leaf_weight=9461.1430772095919 1763.349891602993 16631.080041080713 18180.97022806108 2710.5731735229492 2417.1089833825827 3334.123647749424 482.16286836564541
leaf_count=47293 10565 118570 144548 10992 10046 18791 3116
internal_value=0.000368093 -0.0700008 0.0993636 -0.0275535 0.0284069 -0.0958761 0.115255
internal_weight=54980.5 32136.9 22843.6 12171.7 4180.46 19965.2 18663.1
internal_count=363921 195646 168275 58285 20611 137361 147664
is_linear=0
shrinkage=0.1


Tree=13
num_leaves=8
num_cat=0
split_feature=4 0 2 9 1 8 3
split_gain=33258.4 3487.92 1930.46 1113.38 472.387 371.363 136.076
threshold=1.0000000180025095e-35 1.0000000180025095e-35 1.0000000180025095e-35 1.0000000180025095e-35 1.0000000180025095e-35 1.0000000180025095e-35 1.0000000180025095e-35
decision_type=2 2 2 2 2 2 2
left_child=1 3 4 -1 -2 -3 -4
right_child=2 5 6 -5 -6 -7 -8
leaf_value=-0.039839754872715502 0.071952817190256632 -0.093455150838548967 0.041178697188429786 0.029217785484474231 -0.0043151607937968999 -0.025013059084697632 0.11453122024191176
leaf_weight=9284.0935392081738 1465.6781849861145 18388.376555740833 258.21743948757648 3118.0486478805542 1819.431282222271 829.40672259032726 16855.375200837851
leaf_count=47293 9596 135530 1701 12766 7318 4094 145623
internal_value=0.000399743 -0.0638228 0.0999491 -0.0224769 0.029724 -0.0905028 0.113427
internal_weight=52018.6 31619.9 20398.7 12402.1 3285.11 19217.8 17113.6
internal_count=363921 199683 164238 60059 16914 139624 147324
is_linear=0
shrinkage=0.1


Tree=14
num_leaves=8
num_cat=0
split_feature=4 1 2 9 2 1 3
split_gain=28886.6 3255.89 1894.52 1305.81 582.082 408.5 137.388
threshold=1.0000000180025095e-35 1.0000000180025095e-35 1.0000000180025095e-35 1.0000000180025095e-35 1.0000000180025095e-35 1.0000000180025095e-35 1.0000000180025095e-35
decision_type=2 2 2 2 2 2 2
left_child=1 4 5 -3 -1 -2 -4
right_child=2 3 6 -5 -6 -7 -8
leaf_value=0.00076643353794315818 0.067954057269925178 -0.087702012199635276 0.038097495715178592 -0.031618054704008261 0.13833840610221049 -0.0038852194490016745 0.11277812568855057
leaf_weight=5261.5234068483114 1400.2624139785767 19430.888135388494 251.62845405936241 5281.3388515710831 325.65064609050751 1818.840576261282 15476.287535071373
leaf_count=23997 9596 146137 1701 28110 1439 7318 145623
internal_value=0.000431773 -0.0601316 0.0972806 -0.0757179 0.00880819 0.0273752 0.111586
internal_weight=49246.4 30299.4 18947 24712.2 5587.17 3219.1 15727.9
internal_count=363921 199683 164238 174247 25436 16914 147324
is_linear=0
shrinkage=0.1


Tree=15
num_leaves=8
num_cat=0
split_feature=3 0 8 9 2 1 0
split_gain=25138.5 3149.51 1246.46 1160.45 749.809 612.379 13.8
threshold=1.0000000180025095e-35 1.0000000180025095e-35 1.0000000180025095e-35 1.0000000180025095e-35 1.0000000180025095e-35 1.0000000180025095e-35 1.0000000180025095e-35
decision_type=2 2 2 2 2 2 2
left_child=1 3 -3 -1 5 -2 -6
right_child=4 2 -4 -5 6 -7 -8
leaf_value=-0.033163567026073863 0.076137331839812097 -0.087092904192672335 -0.0049715755708377267 0.032177112132200793 0.11170117193419973 -0.073640855899262267 0.089613532466550516
leaf_weight=8887.7686499208212 931.06459625065327 16302.96825684607 2084.7321061640978 3914.3904882520437 13875.628746055067 385.12657284736633 314.22021679580212
leaf_count=47293 6671 135530 9378 17876 143053 1550 2570
internal_value=0.000464426 -0.0512691 -0.0777831 -0.013184 0.104521 0.0322886 0.111218
internal_weight=46695.9 31189.9 18387.7 12802.2 15506 1316.19 14189.8
internal_count=363921 210077 144908 65169 153844 8221 145623
is_linear=0
shrinkage=0.1


Tree=16
num_leaves=8
num_cat=0
split_feature=2 1 9 0 8 3 7
split_gain=22046.3 3101.72 1771.14 1000.04 564.066 494.792 7.01131
threshold=1.0000000180025095e-35 1.0000000180025095e-35 1.0000000180025095e-35 1.0000000180025095e-35 1.0000000180025095e-35 1.0000000180025095e-35 1.0000000180025095e-35
decision_type=2 2 2 2 2 2 2
left_child=1 4 -3 6 -1 -5 -2
right_child=3 2 -4 5 -6 -7 -8
leaf_value=-0.0031429971510467027 0.12610862437908385 -0.081143115807878349 -0.020666065447608514 -0.083795232120325108 0.064775442644952511 0.086383914815545859 0.11028337559204614
leaf_weight=4854.1376009583473 336.47979253530502 17097.970160976052 6756.9897453784943 404.15268383920193 1633.5163979977369 294.44055154919624 12913.307116918266
leaf_count=22487 1493 143796 34699 3222 11106 2570 144548
internal_value=0.000493453 -0.0473414 -0.0640144 0.104547 0.0139654 -0.0120478 0.110695
internal_weight=44291 30342.6 23855 13948.4 6487.65 698.593 13249.8
internal_count=363921 212088 178495 151833 33593 5792 146041
is_linear=0
shrinkage=0.1


Tree=17
num_leaves=8
num_cat=0
split_feature=2 1 9 0 8 3 1
split_gain=19322.8 2676.14 1646.05 917.104 479.713 423.914 2.18112
threshold=1.0000000180025095e-35 1.0000000180025095e-35 1.0000000180025095e-35 1.0000000180025095e-35 1.0000000180025095e-35 1.0000000180025095e-35 1.0000000180025095e-35
decision_type=2 2 2 2 2 2 2
left_child=1 4 -3 6 -1 -5 -2
right_child=3 2 -4 5 -6 -7 -8
leaf_value=-0.0028315394993939794 0.10965080787290536 -0.077653184680401735 -0.018725564723460771 -0.078567762905139754 0.060726463324882941 0.083219221600763546 0.10272478269066013
leaf_weight=4849.6337938755751 11392.515614598989 16130.611285023391 6713.9572376310825 388.82766911387444 1571.5647155344486 276.07146143913269 748.68033468723297
leaf_count=22487 137418 143796 34699 3222 11106 2570 8623
internal_value=0.000525229 -0.0443045 -0.0603361 0.10297 0.0127311 -0.0113684 0.109232
internal_weight=42071.9 29265.8 22844.6 12806.1 6421.2 664.899 12141.2
internal_count=363921 212088 178495 151833 33593 5792 146041
is_linear=0
shrinkage=0.1


Tree=18
num_leaves=8
num_cat=0
split_feature=2 0 8 0 9 3 1
split_gain=16949.5 2451.02 1165.24 844.129 832.076 362.58 3.11831
threshold=1.0000000180025095e-35 1.0000000180025095e-35 1.0000000180025095e-35 1.0000000180025095e-35 1.0000000180025095e-35 1.0000000180025095e-35 1.0000000180025095e-35
decision_type=2 2 2 2 2 2 2
left_child=1 4 -3 6 -1 -5 -2
right_child=3 2 -4 5 -6 -7 -8
leaf_value=-0.02777002845146135 0.10840523381087125 -0.078729309560672672 0.00028463054799014292 -0.073474151003885033 0.025810922721921009 0.080100545135068479 0.1002926640369978
leaf_weight=8085.5746344476938 10420.790864802897 13500.972695745528 2165.7867761999369 375.01749321818352 4516.4078490138054 259.06647428870201 693.0542921423912
leaf_count=46322 137418 132916 9618 3222 23232 2570 8623
internal_value=0.000555728 -0.0413994 -0.067807 0.101506 -0.0085667 -0.0107011 0.107908
internal_weight=40016.7 28268.7 15666.8 11747.9 12602 634.084 11113.8
internal_count=363921 212088 142534 151833 69554 5792 146041
is_linear=0
shrinkage=0.1


Tree=19
num_leaves=8
num_cat=0
split_feature=2 0 8 0 9 3 1
split_gain=14880.1 2178.63 1062.95 779.313 682.758 309.577 4.19176
threshold=1.0000000180025095e-35 1.0000000180025095e-35 1.0000000180025095e-35 1.0000000180025095e-35 1.0000000180025095e-35 1.0000000180025095e-35 1.0000000180025095e-35
decision_type=2 2 2 2 2 2 2
left_child=1 4 -3 6 -1 -5 -2
right_child=3 2 -4 5 -6 -7 -8
leaf_value=-0.025379133793073119 0.10725611620801614 -0.075533220556368949 0.00025615893672627552 -0.068531266832783808 0.023375564704949087 0.077013769752145966 0.097849662101388749
leaf_weight=7969.028736025095 9525.0117596462369 12706.735797300935 2165.9296135604382 362.60142935812473 4489.8145248666406 243.36734190583229 641.99098725616932
leaf_count=46322 137418 132916 9618 3222 23232 2570 8623
internal_value=0.000575844 -0.0386572 -0.0644966 0.100106 -0.00780885 -0.0100473 0.106672
internal_weight=38104.5 27331.5 14872.7 10773 12458.8 605.969 10167
internal_count=363921 212088 142534 151833 69554 5792 146041
is_linear=0
shrinkage=0.1


Tree=20
num_leaves=8
num_cat=0
split_feature=2 1 9 0 8 3 3
split_gain=13068.6 1981.85 1323.29 721.561 312.418 263.849 9.44833
threshold=1.0000000180025095e-35 1.0000000180025095e-35 1.0000000180025095e-35 1.0000000180025095e-35 1.0000000180025095e-35 1.0000000180025095e-35 1.0000000180025095e-35
decision_type=2 2 2 2 2 2 2
left_child=1 4 -3 6 -1 -5 -2
right_child=3 2 -4 5 -6 -7 -8
leaf_value=0.00087236578573499915 0.090865613687426725 -0.068662472784562639 -0.01377166602728499 -0.063757044163197704 0.053636919933062979 0.073948909363117141 0.10627104477426355
leaf_weight=4752.5002268999815 467.6320683285594 13806.428912214935 6441.4441885203123 351.45584044605494 1468.0231202319264 228.90827178955078 8828.486734893173
leaf_count=22487 2988 143796 34699 3222 11106 2570 143053
internal_value=0.000594194 -0.0360354 -0.0512016 0.098753 0.0133312 -0.00940904 0.105506
internal_weight=36344.9 26468.4 20247.9 9876.48 6220.52 580.364 9296.12
internal_count=363921 212088 178495 151833 33593 5792 146041
is_linear=0
shrinkage=0.1


Tree=21
num_leaves=8
num_cat=0
split_feature=2 0 8 0 9 3 3
split_gain=11482.1 1801.64 928.519 670.264 461.261 224.471 16.1842
threshold=1.0000000180025095e-35 1.0000000180025095e-35 1.0000000180025095e-35 1.0000000180025095e-35 1.0000000180025095e-35 1.0000000180025095e-35 1.0000000180025095e-35
decision_type=2 2 2 2 2 2 2
left_child=1 4 -3 6 -1 -5 -2
right_child=3 2 -4 5 -6 -7 -8
leaf_value=-0.020258839281053716 0.085348700221691332 -0.069899542274169987 0.0016100503410049595 -0.059168493279454761 0.020293352005963668 0.070899663506209729 0.10547938363153833
leaf_weight=7687.6772237122059 449.12124837189913 11417.255702666938 2159.0762431174517 341.45961087197065 4414.8964277952909 215.61897166073322 8045.2523169629276
leaf_count=46322 2988 132916 9618 3222 23232 2570 143053
internal_value=0.000616821 -0.0335205 -0.0585279 0.0974572 -0.00546536 -0.00878838 0.104425
internal_weight=34730.4 25678.9 13576.3 9051.45 12102.6 557.079 8494.37
internal_count=363921 212088 142534 151833 69554 5792 146041
is_linear=0
shrinkage=0.1


Tree=22
num_leaves=8
num_cat=0
split_feature=2 0 8 0 1 3 3
split_gain=10093.9 1583.34 837.445 624.342 391.64 190.626 23.697
threshold=1.0000000180025095e-35 1.0000000180025095e-35 1.0000000180025095e-35 1.0000000180025095e-35 1.0000000180025095e-35 1.0000000180025095e-35 1.0000000180025095e-35
decision_type=2 2 2 2 2 2 2
left_child=1 4 -3 6 -1 -5 -2
right_child=3 2 -4 5 -6 -7 -8
leaf_value=0.012745551222616718 0.080131217660606421 -0.066765380348599759 0.001448539929261294 -0.054780320927263419 -0.023395278730523383 0.067862881744521777 0.1047560205884228
leaf_weight=6116.926147185266 431.52854453772306 10790.953831210732 2159.9003141373396 332.49778015911579 5879.484652608633 203.42717699706554 7327.3615318574011
leaf_count=33593 2988 132916 9618 3222 35961 2570 143053
internal_value=0.000630355 -0.0311444 -0.0553897 0.0961874 -0.00496767 -0.00818755 0.103397
internal_weight=33242.1 24947.3 12950.9 8294.82 11996.4 535.925 7758.89
internal_count=363921 212088 142534 151833 69554 5792 146041
is_linear=0
shrinkage=0.1


Tree=23
num_leaves=8
num_cat=0
split_feature=2 0 8 0 9 3 3
split_gain=8872.42 1389.93 752.533 583.078 378.332 161.594 31.6776
threshold=1.0000000180025095e-35 1.0000000180025095e-35 1.0000000180025095e-35 1.0000000180025095e-35 1.0000000180025095e-35 1.0000000180025095e-35 1.0000000180025095e-35
decision_type=2 2 2 2 2 2 2
left_child=1 4 -3 6 -1 -5 -2
right_child=3 2 -4 5 -6 -7 -8
leaf_value=-0.0180366745972859 0.075179008020585275 -0.063652957788618986 0.0013032813248931236 -0.050604132663183157 0.018893318339442147 0.064838311792519684 0.10409115878029425
leaf_weight=7565.0593377798796 414.90986143052578 10217.089162871242 2160.6399247944355 324.46353800594807 4378.96048592031 192.26027861237526 6670.2724761888385
leaf_count=46322 2988 132916 9618 3222 23232 2570 143053
internal_value=0.000640261 -0.0288335 -0.0523151 0.0949307 -0.00449682 -0.00760855 0.102409
internal_weight=31923.7 24321.7 12377.7 7601.91 11944 516.724 7085.18
internal_count=363921 212088 142534 151833 69554 5792 146041
is_linear=0
shrinkage=0.1


Tree=24
num_leaves=8
num_cat=0
split_feature=2 1 9 0 8 3 3
split_gain=7804.14 1223.03 1010.84 545.85 211.091 136.739 39.8906
threshold=1.0000000180025095e-35 1.0000000180025095e-35 1.0000000180025095e-35 1.0000000180025095e-35 1.0000000180025095e-35 1.0000000180025095e-35 1.0000000180025095e-35
decision_type=2 2 2 2 2 2 2
left_child=1 4 -3 6 -1 -5 -2
right_child=3 2 -4 5 -6 -7 -8
leaf_value=0.0019271285772782592 0.070466281841047029 -0.057515240263160218 -0.0072329837833089708 -0.04664812127663906 0.046507706065064033 0.061828093866620748 0.1034761263003276
leaf_weight=4702.7493588328362 399.29280683398247 11499.445299878716 6129.1911402717233 317.25923362374306 1371.0393546596169 182.0468544960022 6069.5702777653933
leaf_count=22487 2988 143796 34699 3222 11106 2570 143053
internal_value=0.000649532 -0.0267014 -0.0400343 0.0936751 0.0119963 -0.0070532 0.10145
internal_weight=30670.6 23702.4 17628.6 6968.17 6073.79 499.306 6468.86
internal_count=363921 212088 178495 151833 33593 5792 146041
is_linear=0
shrinkage=0.1


end of trees

feature_importances:
V4_lt=_0.7563397884368896=33
V10_lt=_-1.7765860557556152=30
V4_lt=_1.5782626867294312=29
V14_lt=_-0.7145193219184875=29
V14_lt=_-2.7159359455108643=23
V14_lt=_-1.4205476641654968=15
V14_lt=_-1.812438189983368=7
V14_lt=_-1.8273465633392334=3
V14_lt=_-1.7687879800796509=3
V14_lt=_-1.5627466440200806=3

parameters:
[boosting: gbdt]
[objective: binary]
[metric: binary_logloss]
[tree_learner: serial]
[device_type: cpu]
[data_sample_strategy: bagging]
[data: ]
[valid: ]
[num_iterations: 25]
[learning_rate: 0.1]
[num_leaves: 31]
[num_threads: 8]
[seed: 42]
[deterministic: 0]
[force_col_wise: 0]
[force_row_wise: 0]
[histogram_pool_size: -1]
[max_depth: 3]
[min_data_in_leaf: 20]
[min_sum_hessian_in_leaf: 0.001]
[bagging_fraction: 1]
[pos_bagging_fraction: 1]
[neg_bagging_fraction: 1]
[bagging_freq: 0]
[bagging_seed: 400]
[bagging_by_query: 0]
[feature_fraction: 1]
[feature_fraction_bynode: 1]
[feature_fraction_seed: 30056]
[extra_trees: 0]
[extra_seed: 12879]
[early_stopping_round: 0]
[early_stopping_min_delta: 0]
[first_metric_only: 0]
[max_delta_step: 0]
[lambda_l1: 0]
[lambda_l2: 1]
[linear_lambda: 0]
[min_gain_to_split: 0]
[drop_rate: 0.1]
[max_drop: 50]
[skip_drop: 0.5]
[xgboost_dart_mode: 0]
[uniform_drop: 0]
[drop_seed: 17869]
[top_rate: 0.2]
[other_rate: 0.1]
[min_data_per_group: 100]
[max_cat_threshold: 32]
[cat_l2: 10]
[cat_smooth: 10]
[max_cat_to_onehot: 4]
[top_k: 20]
[monotone_constraints: ]
[monotone_constraints_method: basic]
[monotone_penalty: 0]
[feature_contri: ]
[forcedsplits_filename: ]
[refit_decay_rate: 0.9]
[cegb_tradeoff: 1]
[cegb_penalty_split: 0]
[cegb_penalty_feature_lazy: ]
[cegb_penalty_feature_coupled: ]
[path_smooth: 0]
[interaction_constraints: ]
[verbosity: -1]
[saved_feature_importance_type: 0]
[use_quantized_grad: 0]
[num_grad_quant_bins: 4]
[quant_train_renew_leaf: 0]
[stochastic_rounding: 1]
[linear_tree: 0]
[max_bin: 255]
[max_bin_by_feature: ]
[min_data_in_bin: 3]
[bin_construct_sample_cnt: 200000]
[data_random_seed: 175]
[is_enable_sparse: 1]
[enable_bundle: 1]
[use_missing: 1]
[zero_as_missing: 0]
[feature_pre_filter: 1]
[pre_partition: 0]
[two_round: 0]
[header: 0]
[label_column: ]
[weight_column: ]
[group_column: ]
[ignore_column: ]
[categorical_feature: ]
[forcedbins_filename: ]
[precise_float_parser: 0]
[parser_config_file: ]
[objective_seed: 16083]
[num_class: 1]
[is_unbalance: 0]
[scale_pos_weight: 1]
[sigmoid: 1]
[boost_from_average: 1]
[reg_sqrt: 0]
[alpha: 0.9]
[fair_c: 1]
[poisson_max_delta_step: 0.7]
[tweedie_variance_power: 1.5]
[lambdarank_truncation_level: 30]
[lambdarank_norm: 1]
[label_gain: ]
[lambdarank_position_bias_regularization: 0]
[eval_at: ]
[multi_error_top_k: 1]
[auc_mu_weights: ]
[num_machines: 1]
[local_listen_port: 12400]
[time_out: 120]
[machine_list_filename: ]
[machines: ]
[gpu_platform_id: -1]
[gpu_device_id: -1]
[gpu_use_dp: 0]
[num_gpu: 1]

end of parameters

pandas_categorical:[]
