tree
version=v4
num_class=1
num_tree_per_iteration=1
label_index=0
max_feature_idx=29
objective=binary sigmoid:1
feature_names=race_lt=_0.5 gender_lt=_0.5 age_lt=_5.5 age_lt=_6.5 age_lt=_7.5 discharge_disposition_id_lt=_10.5 discharge_disposition_id_lt=_14.5 admission_source_id_lt=_4.5 num_lab_procedures_lt=_30.5 num_procedures_lt=_0.5 num_procedures_lt=_1.5 num_medications_lt=_6.5 num_medications_lt=_7.5 num_medications_lt=_11.5 number_outpatient_lt=_0.5 number_emergency_lt=_0.5 number_emergency_lt=_1.5 number_emergency_lt=_2.5 number_inpatient_lt=_0.5 number_inpatient_lt=_1.5 number_inpatient_lt=_2.5 number_inpatient_lt=_3.5 number_inpatient_lt=_4.5 diag_1_lt=_98.5 diag_1_lt=_103.5 number_diagnoses_lt=_5.5 number_diagnoses_lt=_6.5 metformin_lt=_1.5 change_lt=_0.5 discharge_disposition_id_lt=_1.5
feature_infos=[0:1] [0:1] [0:1] [0:1] [0:1] [0:1] [0:1] [0:1] [0:1] [0:1] [0:1] [0:1] [0:1] [0:1] [0:1] [0:1] [0:1] [0:1] [0:1] [0:1] [0:1] [0:1] [0:1] [0:1] [0:1] [0:1] [0:1] [0:1] [0:1] [0:1]
tree_sizes=931 1033 1027 1030 1030 1032 1031 1034 1029 1023 1031 1031 1035 1026 1033 1027 1022 1034 1032 1039 1023 1037 1029 1022 1031

Tree=0
num_leaves=8
num_cat=0
split_feature=18 25 19 5 28 5 28
split_gain=2703.35 449.525 436.493 249.83 206.386 161.593 89.1599
threshold=1.0000000180025095e-35 1.0000000180025095e-35 1.0000000180025095e-35 1.0000000180025095e-35 1.0000000180025095e-35 1.0000000180025095e-35 1.0000000180025095e-35
decision_type=2 2 2 2 2 2 2
left_child=2 4 3 -1 -2 -4 -3
right_child=1 6 5 -5 -6 -7 -8
leaf_value=-0.0067903208200472357 -0.031589779627434963 -0.078945420166812941 -0.038116972920918445 0.097475180455137256 -0.0011277382212417117 0.038616431224966934 -0.042642130962216244
leaf_weight=255.75 4617 1554 300.5 2253.5 4290.75 3078.75 1206
leaf_count=1023 18468 6216 1202 9014 17163 12315 4824
internal_value=2.84847e-05 -0.027848 0.0552595 0.0868497 -0.0169184 0.0317836 -0.0631037
internal_weight=17556.2 11667.8 5888.5 2509.25 8907.75 3379.25 2760
internal_count=70225 46671 23554 10037 35631 13517 11040
is_linear=0
shrinkage=1


Tree=1
num_leaves=8
num_cat=0
split_feature=18 25 19 5 28 5 28
split_gain=2192 364.955 355.446 203.274 167.25 130.996 72.5876
threshold=1.0000000180025095e-35 1.0000000180025095e-35 1.0000000180025095e-35 1.0000000180025095e-35 1.0000000180025095e-35 1.0000000180025095e-35 1.0000000180025095e-35
decision_type=2 2 2 2 2 2 2
left_child=2 4 3 -1 -2 -4 -3
right_child=1 6 5 -5 -6 -7 -8
leaf_value=-0.0061396501316405751 -0.028464488342076485 -0.071196439165208167 -0.034356454811795119 0.087922486536759922 -0.0010406302612110125 0.034743828480188324 -0.038425182705248077
leaf_weight=255.74705792963505 4615.8483104109764 1551.5812672376633 300.39088499546051 2248.1555786430836 4290.7487212568521 3077.6025257259607 1205.4519624710083
leaf_count=1023 18468 6216 1202 9014 17163 12315 4824
internal_value=2.27192e-07 -0.0250997 0.0497685 0.0783164 -0.0152547 0.0285907 -0.0568871
internal_weight=17545.5 11663.6 5881.9 2503.9 8906.6 3377.99 2757.03
internal_count=70225 46671 23554 10037 35631 13517 11040
is_linear=0
shrinkage=0.1


Tree=2
num_leaves=8
num_cat=0
split_feature=18 20 25 5 5 5 28
split_gain=1780.32 298.971 297.336 173.025 156.589 91.9499 59.583
threshold=1.0000000180025095e-35 1.0000000180025095e-35 1.0000000180025095e-35 1.0000000180025095e-35 1.0000000180025095e-35 1.0000000180025095e-35 1.0000000180025095e-35
decision_type=2 2 2 2 2 2 2
left_child=1 5 4 -3 -2 -1 -4
right_child=2 3 6 -5 -6 -7 -8
leaf_value=0.0066434099295217298 -0.054924328191637312 -0.026449667939476798 -0.064355746101262046 0.039687304921161598 -0.009463860607134212 0.09891806435008621 -0.034628970706957238
leaf_weight=120.2449756115675 835.32379579544067 435.60009509325027 1545.2750372886658 4237.0935896039009 8068.2606965899467 1071.763841509819 1204.0207679271698
leaf_count=481 3343 1744 6216 17005 32288 4324 4824
internal_value=1.74638e-06 0.0449344 -0.022614 0.0335175 -0.0137346 0.0896231 -0.0513546
internal_weight=17517.6 5864.7 11652.9 4672.69 8903.58 1192.01 2749.3
internal_count=70225 23554 46671 18749 35631 4805 11040
is_linear=0
shrinkage=0.1


Tree=3
num_leaves=8
num_cat=0
split_feature=18 19 26 14 5 28 5
split_gain=1447.34 263.129 247.44 140.347 139.109 85.6838 85.0861
threshold=1.0000000180025095e-35 1.0000000180025095e-35 1.0000000180025095e-35 1.0000000180025095e-35 1.0000000180025095e-35 1.0000000180025095e-35 1.0000000180025095e-35
decision_type=2 2 2 2 2 2 2
left_child=1 4 3 -2 -1 -4 -3
right_child=2 6 5 -5 -6 -7 -8
leaf_value=-0.0044444677752930178 0.022938450470131683 -0.028360188266399002 -0.053636246425223667 -0.015458975102758574 0.073433007086456115 -0.024022785781749493 0.02738901638662454
leaf_weight=255.69628918170929 1112.7303248047829 299.76603502035141 2227.0223599523306 6554.0769786089659 2217.219034075737 1745.1648499965668 3068.9345347881317
leaf_count=1023 4454 1202 8983 26237 9014 6997 12315
internal_value=3.67799e-06 0.0406158 -0.0203813 -0.00988386 0.065382 -0.040635 0.0224212
internal_weight=17480.6 5841.62 11639 7666.81 2472.92 3972.19 3368.7
internal_count=70225 23554 46671 30691 10037 15980 13517
is_linear=0
shrinkage=0.1


Tree=4
num_leaves=8
num_cat=0
split_feature=18 20 25 28 5 5 1
split_gain=1177.66 223.357 208.318 129.369 113.875 64.4887 52.107
threshold=1.0000000180025095e-35 1.0000000180025095e-35 1.0000000180025095e-35 1.0000000180025095e-35 1.0000000180025095e-35 1.0000000180025095e-35 1.0000000180025095e-35
decision_type=2 2 2 2 2 2 2
left_child=1 5 3 -2 -3 -1 -4
right_child=2 4 6 -5 -6 -7 -8
leaf_value=0.0064252560820491971 -0.022592605019067399 -0.021772120928049078 -0.05793341916584184 0.0015389974125750452 0.031946853488827719 0.083800702826479986 -0.030089878237362689
leaf_weight=120.24653811752796 4606.8044581264257 434.7211366891861 1218.5238392651081 4289.5859393924475 4210.3814686089754 1047.1369205713272 1508.0093458592892
leaf_count=481 18468 1744 4934 17163 17005 4324 6106
internal_value=6.38121e-06 0.0367538 -0.0183721 -0.0109582 0.0269159 0.075843 -0.0425502
internal_weight=17435.4 5812.49 11622.9 8896.39 4645.1 1167.38 2726.53
internal_count=70225 23554 46671 35631 18749 4805 11040
is_linear=0
shrinkage=0.1


Tree=5
num_leaves=8
num_cat=0
split_feature=18 19 14 25 3 25 8
split_gain=958.649 197.502 189.489 143.691 108.63 75.3076 37.2683
threshold=1.0000000180025095e-35 1.0000000180025095e-35 1.0000000180025095e-35 1.0000000180025095e-35 1.0000000180025095e-35 1.0000000180025095e-35 1.0000000180025095e-35
decision_type=2 2 2 2 2 2 2
left_child=1 4 6 -4 -1 -3 -2
right_child=2 5 3 -5 -6 -7 -8
leaf_value=0.030491253982223299 0.027903872949267047 0.024006345134445523 -0.014631036303843853 -0.042267153476479268 0.073295256252379926 -0.017168619099205192 -0.0058920989844446527
leaf_weight=1038.3118616193533 995.71419727802277 2828.6668417006731 7626.3640304207802 2497.4565211385489 1388.3307935744524 526.16104125976562 484.6518357694149
leaf_count=4287 3993 11397 30567 10164 5750 2120 1947
internal_value=8.76549e-06 0.0332731 -0.0165657 -0.0214521 0.0550004 0.0175454 0.016843
internal_weight=17385.7 5781.47 11604.2 10123.8 2426.64 3354.83 1480.37
internal_count=70225 23554 46671 40731 10037 13517 5940
is_linear=0
shrinkage=0.1


Tree=6
num_leaves=8
num_cat=0
split_feature=18 21 15 28 5 29 5
split_gain=780.223 177.708 159.184 159.165 113.442 38.0617 24.2728
threshold=1.0000000180025095e-35 1.0000000180025095e-35 1.0000000180025095e-35 1.0000000180025095e-35 1.0000000180025095e-35 1.0000000180025095e-35 1.0000000180025095e-35
decision_type=2 2 2 2 2 2 2
left_child=1 5 6 -4 -3 -1 -2
right_child=2 4 3 -5 -6 -7 -8
leaf_value=0.055600872519906669 -0.048144574943514012 -0.020921168532310519 -0.029444658690777583 -0.0051166632129095767 0.029058130007003576 0.10707039721393381 0.032657490695439988
leaf_weight=281.57043638825417 38.272723600268364 502.38533145189285 5760.2543987482786 5044.4678848832846 4666.3084614127874 302.08690325915813 742.59493732452393
leaf_count=1184 154 2015 23293 20241 19068 1287 2983
internal_value=1.11709e-05 0.0301137 -0.0149363 -0.018088 0.0241971 0.0823778 0.0286406
internal_weight=17337.9 5752.35 11585.6 10804.7 5168.69 583.657 780.868
internal_count=70225 23554 46671 43534 21083 2471 3137
is_linear=0
shrinkage=0.1


Tree=7
num_leaves=8
num_cat=0
split_feature=18 19 14 1 3 25 9
split_gain=635.224 154.345 149.121 128.125 88.3756 61.4826 31.1801
threshold=1.0000000180025095e-35 1.0000000180025095e-35 1.0000000180025095e-35 1.0000000180025095e-35 1.0000000180025095e-35 1.0000000180025095e-35 1.0000000180025095e-35
decision_type=2 2 2 2 2 2 2
left_child=1 4 6 -4 -1 -3 -2
right_child=2 5 3 -5 -6 -7 -8
leaf_value=0.024539198865364861 0.0028744593361444111 0.019258492334157513 -0.030244910098344742 -0.0075968800185318491 0.063482947601572637 -0.017976542103278322 0.032011049246530504
leaf_weight=1025.3819243311882 805.14355428516865 2815.2312443554401 4550.0834891945124 5538.8608498424292 1354.7852630615234 525.51489129662514 674.69807957112789
leaf_count=4287 3233 11397 18381 22350 5750 2120 2707
internal_value=1.39698e-05 0.0272684 -0.0134649 -0.0178131 0.0467232 0.0133976 0.0161712
internal_weight=17289.7 5720.91 11568.8 10088.9 2380.17 3340.75 1479.84
internal_count=70225 23554 46671 40731 10037 13517 5940
is_linear=0
shrinkage=0.1


Tree=8
num_leaves=8
num_cat=0
split_feature=18 26 21 5 14 9 29
split_gain=517.048 143.35 139.46 107.943 100.925 78.2173 33.391
threshold=1.0000000180025095e-35 1.0000000180025095e-35 1.0000000180025095e-35 1.0000000180025095e-35 1.0000000180025095e-35 1.0000000180025095e-35 1.0000000180025095e-35
decision_type=2 2 2 2 2 2 2
left_child=2 3 6 -2 -4 -3 -1
right_child=1 5 4 -5 -6 -7 -8
leaf_value=0.046664969930997981 -0.041402208046233506 -0.041192313598472689 0.045904385171793391 -0.00037396977854517693 0.012033448751653457 -0.01287055973026691 0.095646506662977443
leaf_weight=275.11039093136787 705.56593857705593 2047.4807711839676 1127.2283577919006 6937.3725406080484 3999.8366315364838 1863.5164783000946 288.50576275587082
leaf_count=1184 2843 8370 4653 27848 16430 7610 1287
internal_value=1.6365e-05 -0.0121357 0.0246868 -0.00416646 0.0194878 -0.0277043 0.0718628
internal_weight=17244.6 11553.9 5690.68 7642.94 5127.06 3911 563.616
internal_count=70225 46671 23554 30691 21083 15980 2471
is_linear=0
shrinkage=0.1


Tree=9
num_leaves=8
num_cat=0
split_feature=19 15 28 5 6 15 5
split_gain=423.787 197.188 172.716 83.992 330.018 55.6814 49.5027
threshold=1.0000000180025095e-35 1.0000000180025095e-35 1.0000000180025095e-35 1.0000000180025095e-35 1.0000000180025095e-35 1.0000000180025095e-35 1.0000000180025095e-35
decision_type=2 2 2 2 2 2 2
left_child=3 6 -3 4 -1 -5 -2
right_child=1 2 -4 5 -6 -7 -8
leaf_value=0.065786686211661144 -0.051334628138524019 -0.020362996430706909 0.0022107696382928114 0.073194554083056848 -0.17452900195216395 0.036277371938936258 0.036244984807684621
leaf_weight=170.18926423788071 67.356405347585678 7185.0798384845257 6414.9220234900713 560.83186134696007 84.785604983568192 1517.8957953155041 1197.7276684045792
leaf_count=683 272 29233 25848 2459 340 6555 4835
internal_value=1.78666e-05 -0.00620252 -0.0097159 0.0396258 -0.014494 0.0462679 0.0315452
internal_weight=17198.8 14865.1 13600 2333.7 254.975 2078.73 1265.08
internal_count=70225 60188 55081 10037 1023 9014 5107
is_linear=0
shrinkage=0.1


Tree=10
num_leaves=8
num_cat=0
split_feature=18 11 9 16 14 5 23
split_gain=370.694 125.756 143.417 105.73 72.8594 39.747 26.4148
threshold=1.0000000180025095e-35 1.0000000180025095e-35 1.0000000180025095e-35 1.0000000180025095e-35 1.0000000180025095e-35 1.0000000180025095e-35 1.0000000180025095e-35
decision_type=2 2 2 2 2 2 2
left_child=3 2 -2 5 -5 -1 -3
right_child=1 6 -4 4 -6 -7 -8
leaf_value=-0.056950179313419814 -0.017152432289483856 -0.039359269781601668 0.0064228267003808267 0.039788010762907729 0.010983149639306829 0.076866070543279541 -0.097995959067528962
leaf_weight=22.818699955940247 6030.0236568003893 899.57284510135651 4509.3375429660082 1116.8888040333986 4100.8305867314339 394.31744462251663 83.677586182951927
leaf_count=92 24423 3684 18220 4706 17031 1725 344
internal_value=1.97017e-05 -0.0102591 -0.00706594 0.0210367 0.0171555 0.0694272 -0.0444439
internal_weight=17157.5 11522.6 10539.4 5634.86 5217.72 417.136 983.25
internal_count=70225 46671 42643 23554 21737 1817 4028
is_linear=0
shrinkage=0.1


Tree=11
num_leaves=8
num_cat=0
split_feature=19 25 5 3 5 23 21
split_gain=304.748 171.49 147.33 69.6383 50.9688 47.8193 37.7872
threshold=1.0000000180025095e-35 1.0000000180025095e-35 1.0000000180025095e-35 1.0000000180025095e-35 1.0000000180025095e-35 1.0000000180025095e-35 1.0000000180025095e-35
decision_type=2 2 2 2 2 2 2
left_child=3 2 -2 4 -1 -3 -5
right_child=1 5 -4 6 -6 -7 -8
leaf_value=-0.043644152486950791 -0.034745002102186895 -0.022335161782886987 0.0039983541676938423 0.077456905760212733 0.022930665869028307 -0.069425019713229161 0.038831251201554888
leaf_weight=131.64211094379425 1081.0196347683668 2951.4507198929787 10565.676070913672 348.22115743160248 865.97422012686729 231.99062487483025 942.80158489942551
leaf_count=529 4375 12197 42653 1633 3758 963 4117
internal_value=1.90146e-05 -0.00522309 0.00039961 0.0339747 0.0141108 -0.0257875 0.0493014
internal_weight=17118.8 14830.1 11646.7 2288.64 997.616 3183.44 1291.02
internal_count=70225 60188 47028 10037 4287 13160 5750
is_linear=0
shrinkage=0.1


Tree=12
num_leaves=8
num_cat=0
split_feature=18 1 28 15 2 5 27
split_gain=266.734 117.088 116.446 86.3288 62.5909 62.4068 50.5026
threshold=1.0000000180025095e-35 1.0000000180025095e-35 1.0000000180025095e-35 1.0000000180025095e-35 1.0000000180025095e-35 1.0000000180025095e-35 1.0000000180025095e-35
decision_type=2 2 2 2 2 2 2
left_child=3 4 -3 5 -2 -1 -5
right_child=1 2 -4 6 -6 -7 -8
leaf_value=-0.04670850118100893 -0.01181702474960299 -0.012535453166940153 0.014557472941282984 -0.013241595882731742 -0.034966999187663786 0.050291051500557585 0.016375915871082967
leaf_weight=70.367411389946938 3340.3406069725752 3326.3109091371298 3031.0124164819717 675.97737035155296 1796.2508740872145 980.68204563856125 3855.7131069600582
leaf_count=284 13567 13581 12189 2810 7334 4311 16149
internal_value=1.92778e-05 -0.00869081 0.000382033 0.0179502 -0.0199177 0.0437587 0.011956
internal_weight=17076.7 11493.9 6357.32 5582.74 5136.59 1051.05 4531.69
internal_count=70225 46671 25770 23554 20901 4595 18959
is_linear=0
shrinkage=0.1


Tree=13
num_leaves=8
num_cat=0
split_feature=14 15 27 5 6 8 3
split_gain=237.827 150.554 136.298 68.4861 159.537 64.7441 37.2352
threshold=1.0000000180025095e-35 1.0000000180025095e-35 1.0000000180025095e-35 1.0000000180025095e-35 1.0000000180025095e-35 1.0000000180025095e-35 1.0000000180025095e-35
decision_type=2 2 2 2 2 2 2
left_child=3 6 -3 4 -1 -5 -2
right_child=1 2 -4 5 -6 -7 -8
leaf_value=0.035670659113694388 0.0069190349217114165 -0.029778637655783004 -0.0034306552035905167 0.041260739367545977 -0.16202168097068745 0.0061057599147194171 0.042815005017428007
leaf_weight=117.41696316003799 478.8867458999157 2404.3972963243723 10685.189055278897 1826.3819485157728 61.35864731669426 734.96237117052078 729.41391997039318
leaf_count=475 1992 9794 43903 7646 247 3050 3118
internal_value=1.85599e-05 -0.00515404 -0.00827236 0.0270011 -0.0327043 0.0311795 0.0286058
internal_weight=17038 14297.9 13089.6 2740.12 178.776 2561.34 1208.3
internal_count=70225 58807 53697 11418 722 10696 5110
is_linear=0
shrinkage=0.1


Tree=14
num_leaves=8
num_cat=0
split_feature=19 27 28 3 3 5 21
split_gain=207.995 132.131 276.291 58.8951 55.2054 36.9105 31.4151
threshold=1.0000000180025095e-35 1.0000000180025095e-35 1.0000000180025095e-35 1.0000000180025095e-35 1.0000000180025095e-35 1.0000000180025095e-35 1.0000000180025095e-35
decision_type=2 2 2 2 2 2 2
left_child=4 3 -3 -2 5 -1 -6
right_child=1 2 -4 -5 6 -7 -8
leaf_value=-0.038469656392638205 -0.0048994019484625969 -0.012271870679654304 0.01867523863105108 -0.034795193744940854 0.068775220499374054 0.018290029159341355 0.032794785457434313
leaf_weight=131.36505709588528 1046.8137681186199 7093.2003582417965 4861.0300867408514 1779.2299962937832 330.6925603300333 853.15204878151417 922.60106493532658
leaf_count=529 4240 29061 19654 7233 1633 3758 4117
internal_value=1.73517e-05 -0.00428492 0.000312872 -0.0237269 0.0284222 0.0106852 0.0423358
internal_weight=17018.1 14780.3 11954.2 2826.04 2237.81 984.517 1253.29
internal_count=70225 60188 48715 11473 10037 4287 5750
is_linear=0
shrinkage=0.1


Tree=15
num_leaves=8
num_cat=0
split_feature=14 7 13 9 5 6 8
split_gain=187.56 123.255 137.899 82.2265 55.3572 131.262 52.0887
threshold=1.0000000180025095e-35 1.0000000180025095e-35 1.0000000180025095e-35 1.0000000180025095e-35 1.0000000180025095e-35 1.0000000180025095e-35 1.0000000180025095e-35
decision_type=2 2 2 2 2 2 2
left_child=4 2 -2 -3 5 -1 -6
right_child=1 3 -4 -5 6 -7 -8
leaf_value=0.031951541558629032 0.010632187235137159 -0.026354289291795608 -0.014746424375990061 0.0024424074198518535 0.036941638596394676 -0.14842914009373556 0.0053366755487357261
leaf_weight=117.26069313287735 6279.7108887434006 3320.8496256619692 3247.4122997969389 1413.2862965166569 1810.789236292243 60.291677564382553 732.75578571856022
leaf_count=475 25882 13683 13424 5818 7646 247 3050
internal_value=1.83665e-05 -0.00457259 0.001981 -0.0177589 0.0240724 -0.0297888 0.0278424
internal_weight=16982.4 14261.3 9527.12 4734.14 2721.1 177.552 2543.55
internal_count=70225 58807 39306 19501 11418 722 10696
is_linear=0
shrinkage=0.1


Tree=16
num_leaves=8
num_cat=0
split_feature=15 23 10 5 6 17 5
split_gain=177.619 121.034 115.2 52.3044 93.219 45.5004 23.3166
threshold=1.0000000180025095e-35 1.0000000180025095e-35 1.0000000180025095e-35 1.0000000180025095e-35 1.0000000180025095e-35 1.0000000180025095e-35 1.0000000180025095e-35
decision_type=2 2 2 2 2 2 2
left_child=3 2 -2 4 -1 -5 -3
right_child=1 6 -4 5 -6 -7 -8
leaf_value=0.039578257331567501 -0.014172380838289873 -0.092395884068472212 0.0047796982641212177 0.075133226109943885 -0.14863792298685505 0.02746896708337997 -0.036882228569992251
leaf_weight=63.409685418009758 4802.5667244940996 85.807341888546944 9650.451989069581 231.88880015909672 43.604829803109169 1455.6292663514614 627.85130459070206
leaf_count=258 19764 354 39776 1081 180 6213 2599
internal_value=1.58007e-05 -0.00350489 -0.0015184 0.0297567 -0.0377796 0.0340593 -0.0436769
internal_weight=16961.2 15166.7 14453 1794.53 107.015 1687.52 713.659
internal_count=70225 62493 59540 7732 438 7294 2953
is_linear=0
shrinkage=0.1


Tree=17
num_leaves=8
num_cat=0
split_feature=18 2 5 29 22 28 16
split_gain=164.147 96.0042 76.4473 66.6051 66.4046 52.51 12.2467
threshold=1.0000000180025095e-35 1.0000000180025095e-35 1.0000000180025095e-35 1.0000000180025095e-35 1.0000000180025095e-35 1.0000000180025095e-35 1.0000000180025095e-35
decision_type=2 2 2 2 2 2 2
left_child=4 2 -2 -3 6 -6 -1
right_child=1 3 -4 -5 5 -7 -8
leaf_value=0.096746076076801149 -0.029955518223619488 0.0044189119066270271 0.0030553499134119751 -0.026967585967565044 0.0018325921325386355 0.021873991823697106 0.048775304947961777
leaf_weight=75.08659228682518 780.65448018908501 877.60746870934963 6843.139636233449 2940.1515801846981 2656.0390456914902 2573.9441713988781 196.19387032091618
leaf_count=410 3221 3592 27803 12055 11231 10957 956
internal_value=1.39257e-05 -0.00681115 -0.000328353 -0.0197533 0.0142074 0.0116983 0.0623595
internal_weight=16942.8 11441.6 7623.79 3817.76 5501.26 5229.98 271.28
internal_count=70225 46671 31024 15647 23554 22188 1366
is_linear=0
shrinkage=0.1


Tree=18
num_leaves=8
num_cat=0
split_feature=14 25 5 29 5 6 8
split_gain=140.602 108.659 83.1435 43.3883 41.2361 105.026 41.401
threshold=1.0000000180025095e-35 1.0000000180025095e-35 1.0000000180025095e-35 1.0000000180025095e-35 1.0000000180025095e-35 1.0000000180025095e-35 1.0000000180025095e-35
decision_type=2 2 2 2 2 2 2
left_child=4 2 -2 -3 5 -1 -6
right_child=1 3 -4 -5 6 -7 -8
leaf_value=0.028752392300600768 -0.025108546432299702 -0.00089086999555071779 0.0035531361539201454 -0.027681303636203775 0.03237646071646752 -0.13469312989696011 0.0041162939555831951
leaf_weight=116.99679261445999 1125.0834950953722 824.32914739847183 9998.262396171689 2266.8164136707783 1791.9612141549587 58.014539316296577 729.69229191541672
leaf_count=475 4602 3466 41149 9590 7646 247 3050
internal_value=1.44491e-05 -0.00395744 0.000652121 -0.0205396 0.0209445 -0.0258856 0.0242037
internal_weight=16911.2 14214.5 11123.3 3091.15 2696.66 175.011 2521.65
internal_count=70225 58807 45751 13056 11418 722 10696
is_linear=0
shrinkage=0.1


Tree=19
num_leaves=8
num_cat=0
split_feature=19 27 28 3 3 29 21
split_gain=131.143 109.156 203.823 43.6835 43.2101 29.9195 22.0931
threshold=1.0000000180025095e-35 1.0000000180025095e-35 1.0000000180025095e-35 1.0000000180025095e-35 1.0000000180025095e-35 1.0000000180025095e-35 1.0000000180025095e-35
decision_type=2 2 2 2 2 2 2
left_child=3 4 -3 5 -2 -1 -5
right_child=1 2 -4 6 -6 -7 -8
leaf_value=-0.0062209737474789063 -0.0049591045334414739 -0.010036256296015861 0.016603434584672141 0.058667425034891835 -0.030623457534366912 0.030317396831517636 0.027611299082297897
leaf_weight=616.28336594998837 1043.7017188668251 7054.5152911394835 4842.8301075547934 308.26832456886768 1767.2292181700468 350.93762709200382 902.12085577845573
leaf_count=2710 4240 29061 19654 1633 7233 1577 4117
internal_value=1.14423e-05 -0.00337996 0.000807949 0.0229091 -0.0210994 0.00705389 0.0355627
internal_weight=16885.9 14708.3 11897.3 2177.61 2810.93 967.221 1210.39
internal_count=70225 60188 48715 10037 11473 4287 5750
is_linear=0
shrinkage=0.1


Tree=20
num_leaves=8
num_cat=0
split_feature=15 1 28 25 5 6 17
split_gain=124.501 102.895 105.42 48.7093 38.668 74.7876 34.898
threshold=1.0000000180025095e-35 1.0000000180025095e-35 1.0000000180025095e-35 1.0000000180025095e-35 1.0000000180025095e-35 1.0000000180025095e-35 1.0000000180025095e-35
decision_type=2 2 2 2 2 2 2
left_child=4 3 -3 -2 5 -1 -6
right_child=1 2 -4 -5 6 -7 -8
leaf_value=0.035129231830276796 -0.0077434696578241426 -0.00621546609713974 0.016289928081963802 -0.028662166721290031 0.065909488881318215 -0.13569791327187489 0.02318293046078124
leaf_weight=63.213926628232002 5344.7161012738943 4369.5108466893435 3972.9509772360325 1405.3931419849396 220.09583574533463 41.755129098892212 1436.3679311722517
leaf_count=258 22020 18163 16302 6008 1081 180 6213
internal_value=1.27361e-05 -0.00292403 0.004503 -0.0121024 0.0251634 -0.0334626 0.0288964
internal_weight=16854 15092.6 8342.46 6750.11 1761.43 104.969 1656.46
internal_count=70225 62493 34465 28028 7732 438 7294
is_linear=0
shrinkage=0.1


Tree=21
num_leaves=8
num_cat=0
split_feature=18 11 9 4 5 20 23
split_gain=108.573 75.6911 88.0404 55.5144 41.0414 39.7631 16.3826
threshold=1.0000000180025095e-35 1.0000000180025095e-35 1.0000000180025095e-35 1.0000000180025095e-35 1.0000000180025095e-35 1.0000000180025095e-35 1.0000000180025095e-35
decision_type=2 2 2 2 2 2 2
left_child=3 2 -2 4 -1 -5 -3
right_child=1 6 -4 5 -6 -7 -8
leaf_value=-0.060571303893648176 -0.011034627282068457 -0.02847433403902307 0.0075211921999489839 0.036653620305776548 -0.0013383136940070949 0.012096210064224571 -0.076083564122913949
leaf_weight=132.43220388889313 5955.2454218268394 878.19899664819241 4479.359336450696 809.45922291278839 948.84500193595886 3548.5965265184641 78.302027955651283
leaf_count=541 24423 3684 18220 4039 4042 14932 344
internal_value=1.15311e-05 -0.00553853 -0.00306904 0.0116334 -0.00864229 0.0166648 -0.0324472
internal_weight=16830.4 11391.1 10434.6 5439.33 1081.28 4358.06 956.501
internal_count=70225 46671 42643 23554 4583 18971 4028
is_linear=0
shrinkage=0.1


Tree=22
num_leaves=8
num_cat=0
split_feature=0 27 28 24 14 8 8
split_gain=104.125 98.1436 168.28 33.0075 9.9239 6.87426 4.56551
threshold=1.0000000180025095e-35 1.0000000180025095e-35 1.0000000180025095e-35 1.0000000180025095e-35 1.0000000180025095e-35 1.0000000180025095e-35 1.0000000180025095e-35
decision_type=2 2 2 2 2 2 2
left_child=1 3 -3 -1 5 -2 -6
right_child=4 2 -4 -5 6 -7 -8
leaf_value=-0.012439356981479445 0.019174581254728519 -0.0045768742782961551 0.018136239987077894 -0.055243564133889304 -0.052148970292091971 -0.082096895312697607 -0.082298576732765777
leaf_weight=2800.7568271905184 28.929691195487976 7881.6980558931828 5563.8581337332726 191.67629398405552 256.41909486055374 7.639013171195983 67.332817569375038
leaf_count=11596 122 33105 23219 805 1064 32 282
internal_value=1.00078e-05 0.00117716 0.00482261 -0.0151987 -0.0530919 -0.00360265 -0.0586535
internal_weight=16798.3 16438 13445.6 2992.43 360.321 36.5687 323.752
internal_count=70225 68725 56324 12401 1500 154 1346
is_linear=0
shrinkage=0.1


Tree=23
num_leaves=8
num_cat=0
split_feature=14 0 1 5 6 8 7
split_gain=100.409 82.0748 77.8824 31.9716 85.0416 31.6275 4.59927
threshold=1.0000000180025095e-35 1.0000000180025095e-35 1.0000000180025095e-35 1.0000000180025095e-35 1.0000000180025095e-35 1.0000000180025095e-35 1.0000000180025095e-35
decision_type=2 2 2 2 2 2 2
left_child=3 2 -2 4 -1 -5 -3
right_child=1 6 -4 5 -6 -7 -8
leaf_value=0.024775715379563603 -0.010588033818442262 -0.04210321819993653 0.004529950469689399 0.027906788527319232 -0.12480800240382187 0.0030916517872184336 -0.066833579667774867
leaf_weight=116.3821733891964 6130.3219130039215 179.23055574297905 7670.0175522863865 1766.4898616373539 55.260837852954865 724.36949253082275 142.26714444160461
leaf_count=475 25602 747 31859 7646 247 3050 599
internal_value=7.22794e-06 -0.0033515 -0.00218597 0.0178164 -0.0238271 0.0206944 -0.05322
internal_weight=16784.3 14121.8 13800.3 2662.5 171.643 2490.86 321.498
internal_count=70225 58807 57461 11418 722 10696 1346
is_linear=0
shrinkage=0.1


Tree=24
num_leaves=8
num_cat=0
split_feature=15 23 10 5 6 17 5
split_gain=90.3307 83.8628 82.5629 29.3228 60.6485 28.2226 17.5552
threshold=1.0000000180025095e-35 1.0000000180025095e-35 1.0000000180025095e-35 1.0000000180025095e-35 1.0000000180025095e-35 1.0000000180025095e-35 1.0000000180025095e-35
decision_type=2 2 2 2 2 2 2
left_child=3 2 -2 4 -1 -5 -3
right_child=1 6 -4 5 -6 -7 -8
leaf_value=0.030848895361562781 -0.011602191257518553 -0.079323417640429827 0.0045136119021667274 0.058837457773665884 -0.12552394738857323 0.019750932733152121 -0.030361167084592494
leaf_weight=63.091261893510818 4758.3934740871191 82.765305250883102 9572.0351918190718 211.81896947324276 39.557658389210701 1422.2902941256762 617.67102485895157
leaf_count=258 19764 354 39776 1081 180 6213 2599
internal_value=4.81094e-06 -0.00249061 -0.000838048 0.0215906 -0.0300419 0.0248504 -0.0362515
internal_weight=16767.6 15030.9 14330.4 1736.76 102.649 1634.11 700.436
internal_count=70225 62493 59540 7732 438 7294 2953
is_linear=0
shrinkage=0.1


end of trees

feature_importances:
discharge_disposition_id_lt=_10.5=33
change_lt=_0.5=15
number_inpatient_lt=_0.5=13
number_outpatient_lt=_0.5=10
number_diagnoses_lt=_5.5=10
number_inpatient_lt=_1.5=9
age_lt=_6.5=8
discharge_disposition_id_lt=_14.5=8
number_emergency_lt=_0.5=8
num_lab_procedures_lt=_30.5=7
gender_lt=_0.5=5
num_procedures_lt=_0.5=5
number_inpatient_lt=_3.5=5
diag_1_lt=_98.5=5
metformin_lt=_1.5=5
discharge_disposition_id_lt=_1.5=5
number_emergency_lt=_2.5=3
number_inpatient_lt=_2.5=3
race_lt=_0.5=2
age_lt=_5.5=2
admission_source_id_lt=_4.5=2
num_procedures_lt=_1.5=2
num_medications_lt=_6.5=2
number_emergency_lt=_1.5=2
number_diagnoses_lt=_6.5=2
age_lt=_7.5=1
num_medications_lt=_11.5=1
number_inpatient_lt=_4.5=1
diag_1_lt=_103.5=1

parameters:
[boosting: gbdt]
[objective: binary]
[metric: binary_logloss]
[tree_learner: serial]
[device_type: cpu]
[data_sample_strategy: bagging]
[data: ]
[valid: ]
[num_iterations: 25]
[learning_rate: 0.1]
[num_leaves: 31]
[num_threads: 8]
[seed: 42]
[deterministic: 0]
[force_col_wise: 0]
[force_row_wise: 0]
[histogram_pool_size: -1]
[max_depth: 3]
[min_data_in_leaf: 20]
[min_sum_hessian_in_leaf: 0.001]
[bagging_fraction: 1]
[pos_bagging_fraction: 1]
[neg_bagging_fraction: 1]
[bagging_freq: 0]
[bagging_seed: 400]
[bagging_by_query: 0]
[feature_fraction: 1]
[feature_fraction_bynode: 1]
[feature_fraction_seed: 30056]
[extra_trees: 0]
[extra_seed: 12879]
[early_stopping_round: 0]
[early_stopping_min_delta: 0]
[first_metric_only: 0]
[max_delta_step: 0]
[lambda_l1: 0]
[lambda_l2: 1]
[linear_lambda: 0]
[min_gain_to_split: 0]
[drop_rate: 0.1]
[max_drop: 50]
[skip_drop: 0.5]
[xgboost_dart_mode: 0]
[uniform_drop: 0]
[drop_seed: 17869]
[top_rate: 0.2]
[other_rate: 0.1]
[min_data_per_group: 100]
[max_cat_threshold: 32]
[cat_l2: 10]
[cat_smooth: 10]
[max_cat_to_onehot: 4]
[top_k: 20]
[monotone_constraints: ]
[monotone_constraints_method: basic]
[monotone_penalty: 0]
[feature_contri: ]
[forcedsplits_filename: ]
[refit_decay_rate: 0.9]
[cegb_tradeoff: 1]
[cegb_penalty_split: 0]
[cegb_penalty_feature_lazy: ]
[cegb_penalty_feature_coupled: ]
[path_smooth: 0]
[interaction_constraints: ]
[verbosity: -1]
[saved_feature_importance_type: 0]
[use_quantized_grad: 0]
[num_grad_quant_bins: 4]
[quant_train_renew_leaf: 0]
[stochastic_rounding: 1]
[linear_tree: 0]
[max_bin: 255]
[max_bin_by_feature: ]
[min_data_in_bin: 3]
[bin_construct_sample_cnt: 200000]
[data_random_seed: 175]
[is_enable_sparse: 1]
[enable_bundle: 1]
[use_missing: 1]
[zero_as_missing: 0]
[feature_pre_filter: 1]
[pre_partition: 0]
[two_round: 0]
[header: 0]
[label_column: ]
[weight_column: ]
[group_column: ]
[ignore_column: ]
[categorical_feature: ]
[forcedbins_filename: ]
[precise_float_parser: 0]
[parser_config_file: ]
[objective_seed: 16083]
[num_class: 1]
[is_unbalance: 0]
[scale_pos_weight: 1]
[sigmoid: 1]
[boost_from_average: 1]
[reg_sqrt: 0]
[alpha: 0.9]
[fair_c: 1]
[poisson_max_delta_step: 0.7]
[tweedie_variance_power: 1.5]
[lambdarank_truncation_level: 30]
[lambdarank_norm: 1]
[label_gain: ]
[lambdarank_position_bias_regularization: 0]
[eval_at: ]
[multi_error_top_k: 1]
[auc_mu_weights: ]
[num_machines: 1]
[local_listen_port: 12400]
[time_out: 120]
[machine_list_filename: ]
[machines: ]
[gpu_platform_id: -1]
[gpu_device_id: -1]
[gpu_use_dp: 0]
[num_gpu: 1]

end of parameters

pandas_categorical:[]
