tree
version=v4
num_class=1
num_tree_per_iteration=1
label_index=0
max_feature_idx=21
objective=binary sigmoid:1
feature_names=V4_lt=_0.38157644867897034 V4_lt=_0.7563397884368896 V4_lt=_0.7563583552837372 V4_lt=_1.5782626867294312 V4_lt=_1.6225031018257141 V4_lt=_1.6730803847312927 V10_lt=_-1.7765860557556152 V10_lt=_-1.7227753400802612 V10_lt=_-1.408359408378601 V12_lt=_-0.24669199436903 V14_lt=_-2.7358014583587646 V14_lt=_-2.7159359455108643 V14_lt=_-1.8273465633392334 V14_lt=_-1.812438189983368 V14_lt=_-1.7687879800796509 V14_lt=_-1.5627466440200806 V14_lt=_-1.4205476641654968 V14_lt=_-1.349036455154419 V14_lt=_-0.7452503144741058 V14_lt=_-0.7145193219184875 V14_lt=_-0.641162782907486 V4_lt=_-0.03328448161482811
feature_infos=[0:1] [0:1] [0:1] [0:1] [0:1] [0:1] [0:1] [0:1] [0:1] [0:1] [0:1] [0:1] [0:1] [0:1] [0:1] [0:1] [0:1] [0:1] [0:1] [0:1] [0:1] [0:1]
tree_sizes=935 1028 1031 1028 1030 1026 1031 1034 1034 1031 1033 1034 1039 1040 1034 1037 1033 1034 1035 1033 1039 1037 1041 1038 1038

Tree=0
num_leaves=8
num_cat=0
split_feature=13 2 9 21 7 8 21
split_gain=263206 9858.31 8275.81 5790.12 1910.03 999.988 824.598
threshold=1.0000000180025095e-35 1.0000000180025095e-35 1.0000000180025095e-35 1.0000000180025095e-35 1.0000000180025095e-35 1.0000000180025095e-35 1.0000000180025095e-35
decision_type=2 2 2 2 2 2 2
left_child=1 2 -1 4 -2 -5 -3
right_child=3 6 -4 5 -6 -7 -8
leaf_value=-0.14657876674824635 0.12267630074102544 -0.16302616603800124 0.0054418898879752715 -0.15216301149906242 0.1995039023721252 0.076018462701600745 -0.19514352982570593
leaf_weight=9080.5 3555.25 12525.75 5912.25 546.75 36722.25 295 22342.5
leaf_count=36322 14221 50103 23649 2187 146889 1180 89370
internal_value=5.49691e-06 -0.154453 -0.0866345 0.187301 0.192726 -0.0721991 -0.183611
internal_weight=90980.2 49861 14992.8 41119.2 40277.5 841.75 34868.2
internal_count=363921 199444 59971 164477 161110 3367 139473
is_linear=0
shrinkage=1


Tree=1
num_leaves=8
num_cat=0
split_feature=14 2 9 21 7 8 21
split_gain=215124 8006.9 6601.58 5190.78 1666.22 859.868 678.771
threshold=1.0000000180025095e-35 1.0000000180025095e-35 1.0000000180025095e-35 1.0000000180025095e-35 1.0000000180025095e-35 1.0000000180025095e-35 1.0000000180025095e-35
decision_type=2 2 2 2 2 2 2
left_child=1 2 -1 4 -2 -5 -3
right_child=3 6 -4 5 -6 -7 -8
leaf_value=-0.13286529440223416 0.11024695276652779 -0.14819489609027509 0.0034745280193503323 -0.14032202030730309 0.18139722428267166 0.066323817663346996 -0.17748088090969727
leaf_weight=9015.4882078170776 3625.13186404109 12413.586772829294 5859.2066944241524 583.46658457815647 36374.748269885778 306.46069687604904 22079.380864813924
leaf_count=36256 14555 49985 23437 2348 146951 1228 89161
internal_value=4.07097e-06 -0.140499 -0.0791638 0.169637 0.174952 -0.0691657 -0.166946
internal_weight=90257.5 49367.7 14874.7 40889.8 39999.9 889.927 34493
internal_count=363921 198839 59693 165082 161506 3576 139146
is_linear=0
shrinkage=0.1


Tree=2
num_leaves=8
num_cat=0
split_feature=13 3 21 20 9 7 8
split_gain=178464 7222.83 3966.46 3025.77 2408.99 1428.71 671.482
threshold=1.0000000180025095e-35 1.0000000180025095e-35 1.0000000180025095e-35 1.0000000180025095e-35 1.0000000180025095e-35 1.0000000180025095e-35 1.0000000180025095e-35
decision_type=2 2 2 2 2 2 2
left_child=1 4 5 -3 -1 -2 -4
right_child=2 3 6 -5 -6 -7 -8
leaf_value=-0.095507093254083908 0.10084542883552633 -0.15591950977903082 -0.12582753108292069 -0.086619246595012467 0.028683322166508426 0.16780599341971594 0.062164034046664998
leaf_weight=2890.878795593977 3507.4616724699736 34637.935880616307 535.22143730521202 7706.4948136806488 3395.5045140534639 35421.841186121106 293.51075887680054
leaf_count=11790 14221 142441 2187 31630 13583 146889 1180
internal_value=1.74085e-05 -0.128461 0.157167 -0.14331 -0.0284334 0.161776 -0.0592522
internal_weight=88388.8 48630.8 39758 42344.4 6286.38 38929.3 828.732
internal_count=363921 199444 164477 174071 25373 161110 3367
is_linear=0
shrinkage=0.1


Tree=3
num_leaves=8
num_cat=0
split_feature=14 2 20 21 7 21 8
split_gain=149652 6497.52 6113.71 3700 1371.26 661.838 594.263
threshold=1.0000000180025095e-35 1.0000000180025095e-35 1.0000000180025095e-35 1.0000000180025095e-35 1.0000000180025095e-35 1.0000000180025095e-35 1.0000000180025095e-35
decision_type=2 2 2 2 2 2 2
left_child=1 2 -1 4 -2 -3 -5
right_child=3 5 -4 6 -6 -7 -8
leaf_value=-0.098843891517639101 0.091799400062011344 -0.12499170892130212 0.055522654219381268 -0.1187919512276054 0.15722415829152556 -0.15461530135000956 0.0546115506192879
leaf_weight=11217.461946800351 3541.1591831296682 11868.032557815313 3325.6901943236589 562.02155974507332 34106.578192010522 20863.752974510193 303.79877007007599
leaf_count=46169 14555 49985 13524 2348 146951 89161 1228
internal_value=4.37812e-05 -0.119167 -0.0635424 0.146372 0.151073 -0.143878 -0.0579554
internal_weight=85788.5 47274.9 14543.2 38513.6 37647.7 32731.8 865.82
internal_count=363921 198839 59693 165082 161506 139146 3576
is_linear=0
shrinkage=0.1


Tree=4
num_leaves=8
num_cat=0
split_feature=15 2 21 9 6 8 21
split_gain=126585 5340.93 4672.99 4330.7 1540.43 589.192 544.662
threshold=1.0000000180025095e-35 1.0000000180025095e-35 1.0000000180025095e-35 1.0000000180025095e-35 1.0000000180025095e-35 1.0000000180025095e-35 1.0000000180025095e-35
decision_type=2 2 2 2 2 2 2
left_child=1 3 4 -1 -2 -4 -3
right_child=2 6 5 -5 -6 -7 -8
leaf_value=-0.10694881802347643 0.083163005408888352 -0.11859161764790396 -0.11778504109379687 0.0065277262634832857 0.14884478090811398 0.040506825570294919 -0.14615089433378137
leaf_weight=8441.4708455353975 4016.2906666398048 11331.270210146904 750.28356663882732 5589.7818271517754 32499.34808062017 341.67221462726593 19710.913851588964
leaf_count=35809 16784 49270 3242 22474 146847 1402 88093
internal_value=6.94767e-05 -0.112952 0.135527 -0.0617447 0.141623 -0.0682639 -0.136095
internal_weight=82681 45073.4 37607.6 14031.3 36515.6 1091.96 31042.2
internal_count=363921 195646 168275 58283 163631 4644 137363
is_linear=0
shrinkage=0.1


Tree=5
num_leaves=8
num_cat=0
split_feature=13 2 19 7 5 21 21
split_gain=107781 5445.92 5063.7 2642.6 2895.58 635.118 134.829
threshold=1.0000000180025095e-35 1.0000000180025095e-35 1.0000000180025095e-35 1.0000000180025095e-35 1.0000000180025095e-35 1.0000000180025095e-35 1.0000000180025095e-35
decision_type=2 2 2 2 2 2 2
left_child=1 2 -1 4 -2 -3 -5
right_child=3 5 -4 6 -6 -7 -8
leaf_value=-0.083895761074281219 0.13191907301236455 -0.10843311382570663 0.060510065160324637 0.14194756156482716 -0.040701249798432787 -0.13855944646395846 0.057089727900957392
leaf_weight=11112.1075912714 2160.1911298036575 11122.706792116165 3106.438444018364 30755.833685368299 1764.9524767994881 18996.199313238263 190.19919049739838
leaf_count=47292 9212 50103 12679 146889 7598 89370 778
internal_value=9.17566e-05 -0.103358 -0.0523442 0.131624 0.0543092 -0.127438 0.141428
internal_weight=79208.6 44337.5 14218.5 34871.2 3925.14 30118.9 30946
internal_count=363921 199444 59971 164477 16810 139473 147667
is_linear=0
shrinkage=0.1


Tree=6
num_leaves=8
num_cat=0
split_feature=16 0 2 9 7 8 21
split_gain=92399.2 4796.16 4175.26 3466.26 1251.49 900.557 439.028
threshold=1.0000000180025095e-35 1.0000000180025095e-35 1.0000000180025095e-35 1.0000000180025095e-35 1.0000000180025095e-35 1.0000000180025095e-35 1.0000000180025095e-35
decision_type=2 2 2 2 2 2 2
left_child=2 4 3 -1 -2 -3 -4
right_child=1 5 6 -5 -6 -7 -8
leaf_value=-0.097273276376511522 0.076479901300528452 -0.093298619329955923 -0.10693107703717741 0.0067479575181414791 0.13651577806200452 0.05645169910808704 -0.13298569778068442
leaf_weight=7909.4507499039173 3952.5246183127165 1134.8508559167385 10330.784196361899 5383.4100880473852 28836.171716466546 620.38999703526497 17450.45277005434
leaf_count=35261 17054 5192 48472 21767 146336 2779 87060
internal_value=0.000125302 0.12066 -0.101247 -0.0551489 0.129281 -0.0403674 -0.123301
internal_weight=75618 34543.9 41074.1 13292.9 32788.7 1755.24 27781.2
internal_count=363921 171361 192560 57028 163390 7971 135532
is_linear=0
shrinkage=0.1


Tree=7
num_leaves=8
num_cat=0
split_feature=16 21 2 20 6 21 8
split_gain=79297.8 4275.89 3908.81 2971.85 1611.6 451.909 433.248
threshold=1.0000000180025095e-35 1.0000000180025095e-35 1.0000000180025095e-35 1.0000000180025095e-35 1.0000000180025095e-35 1.0000000180025095e-35 1.0000000180025095e-35
decision_type=2 2 2 2 2 2 2
left_child=2 4 3 -1 -2 -4 -3
right_child=1 6 5 -5 -6 -7 -8
leaf_value=-0.07470411802517217 0.06538493583518025 -0.10654692817163217 -0.10074636527829275 0.044165315714946432 0.13162432994246775 -0.12785268880554215 0.023674945820264446
leaf_weight=10406.459450140595 4252.1089121550322 859.92514063417912 9891.5932501405478 2635.2034496068954 27114.660705626011 16390.668895334005 362.84931167960167
leaf_count=46169 18679 4145 48472 10859 147005 87060 1532
internal_value=0.000147982 0.115495 -0.0954462 -0.0506838 0.122647 -0.117655 -0.0679168
internal_weight=71913.5 32589.5 39323.9 13041.7 31366.8 26282.3 1222.77
internal_count=363921 171361 192560 57028 165684 135532 5677
is_linear=0
shrinkage=0.1


Tree=8
num_leaves=8
num_cat=0
split_feature=12 4 20 6 5 9 10
split_gain=68394.5 4695.97 2388.81 2222.7 2280.18 1264.39 102.243
threshold=1.0000000180025095e-35 1.0000000180025095e-35 1.0000000180025095e-35 1.0000000180025095e-35 1.0000000180025095e-35 1.0000000180025095e-35 1.0000000180025095e-35
decision_type=2 2 2 2 2 2 2
left_child=1 5 -3 4 -2 -1 -5
right_child=3 2 -4 6 -6 -7 -8
leaf_value=-0.056586857569019579 0.1156149586238564 -0.11343739178620736 -0.046081656317849419 0.070663186005190018 -0.042183190147101451 0.038352478041083049 0.12777310796380204
leaf_weight=2451.7014849334955 2016.3532052189112 26943.8725374192 6546.6707885712385 321.53293837606907 1676.1757338196039 3276.0055894255638 25028.048201695085
leaf_count=11304 9399 143096 31995 1733 7515 13288 145591
internal_value=0.000174698 -0.0859627 -0.100273 0.116493 0.0439925 -0.00228837 0.127052
internal_weight=68260.4 39218.3 33490.5 29042.1 3692.53 5727.71 25349.6
internal_count=363921 199683 175091 164238 16914 24592 147324
is_linear=0
shrinkage=0.1


Tree=9
num_leaves=8
num_cat=0
split_feature=16 5 2 9 6 21 10
split_gain=59071.5 3647.14 3646.7 2710.84 2392 523.591 55.4828
threshold=1.0000000180025095e-35 1.0000000180025095e-35 1.0000000180025095e-35 1.0000000180025095e-35 1.0000000180025095e-35 1.0000000180025095e-35 1.0000000180025095e-35
decision_type=2 2 2 2 2 2 2
left_child=2 6 3 -1 -3 -4 -2
right_child=1 4 5 -5 -6 -7 -8
leaf_value=-0.081509177615719339 0.10193769885349024 -0.032152603630589589 -0.089438918931479816 0.012611939806912715 0.1091851690425551 -0.12020447838219622 0.12434442297714664
leaf_weight=7214.9050324708223 1194.2244284152985 2794.106648594141 8985.4073906987906 5312.8422944396734 2093.9576076716185 14472.786933511496 22660.863548204303
leaf_count=35261 5745 12656 48472 21767 12620 87060 140340
internal_value=0.000214582 0.107103 -0.0851613 -0.0415959 0.0284039 -0.108424 0.123227
internal_weight=64729.1 28743.2 35985.9 12527.7 4888.06 23458.2 23855.1
internal_count=363921 171361 192560 57028 25276 135532 146085
is_linear=0
shrinkage=0.1


Tree=10
num_leaves=8
num_cat=0
split_feature=12 0 20 6 5 21 21
split_gain=51112.1 4056.7 3976.74 2109.33 1661.53 289.879 130.698
threshold=1.0000000180025095e-35 1.0000000180025095e-35 1.0000000180025095e-35 1.0000000180025095e-35 1.0000000180025095e-35 1.0000000180025095e-35 1.0000000180025095e-35
decision_type=2 2 2 2 2 2 2
left_child=1 2 -1 4 -2 -3 -5
right_child=3 5 -4 6 -6 -7 -8
leaf_value=-0.068984323795721808 0.10309935194212268 -0.087462972192402871 0.042563845633953795 0.12123137043663315 -0.034517381093783238 -0.11601542071511597 0.032751531947279193
leaf_weight=12923.991150602698 1826.7089934498072 4799.6895111054182 4245.0739113986492 21659.332988470793 1686.5045696496964 13928.520956784487 169.12956699728966
leaf_count=64672 9399 27035 18497 146574 7515 89479 750
internal_value=0.000242601 -0.0765166 -0.041403 0.108973 0.0370459 -0.108703 0.120547
internal_weight=61239 35897.3 17169.1 25341.7 3513.21 18728.2 21828.5
internal_count=363921 199683 83169 164238 16914 116514 147324
is_linear=0
shrinkage=0.1


Tree=11
num_leaves=8
num_cat=0
split_feature=13 0 9 6 5 21 21
split_gain=44311.2 3850.91 3679.52 2082.09 1416.11 308.801 134.482
threshold=1.0000000180025095e-35 1.0000000180025095e-35 1.0000000180025095e-35 1.0000000180025095e-35 1.0000000180025095e-35 1.0000000180025095e-35 1.0000000180025095e-35
decision_type=2 2 2 2 2 2 2
left_child=1 2 -1 4 -2 -3 -5
right_child=3 5 -4 6 -6 -7 -8
leaf_value=-0.076060328728178861 0.097552074935598365 -0.082783441647638428 0.019582888979421387 0.11865783495443481 -0.030081435698026904 -0.11307530474122246 0.028638726665729641
leaf_weight=10143.906293705106 1747.3311661630869 4571.0810909569263 6664.4241189211607 20003.413900092244 1728.2541674226522 12923.99963837862 168.0893426835537
leaf_count=53989 9452 27023 29062 146587 7685 89370 753
internal_value=0.00027558 -0.0723256 -0.0381393 0.105592 0.0340952 -0.105166 0.117909
internal_weight=57950.5 34303.4 16808.3 23647.1 3475.59 17495.1 20171.5
internal_count=363921 199444 83051 164477 17137 116393 147340
is_linear=0
shrinkage=0.1


Tree=12
num_leaves=8
num_cat=0
split_feature=16 2 5 9 8 21 6
split_gain=38727.4 3148.6 2939.55 1951.44 1553.54 532.548 91.6765
threshold=1.0000000180025095e-35 1.0000000180025095e-35 1.0000000180025095e-35 1.0000000180025095e-35 1.0000000180025095e-35 1.0000000180025095e-35 1.0000000180025095e-35
decision_type=2 2 2 2 2 2 2
left_child=1 3 6 -1 -4 -3 -2
right_child=2 5 4 -5 -6 -7 -8
leaf_value=-0.068147307675218871 0.094187623686412258 -0.077042322195955443 -0.03318248165432746 0.013549370794586933 0.085092619743369347 -0.11070714388285574 0.11703863285581038
leaf_weight=6548.1580832600594 1988.0992506295443 7918.4928037375212 2284.2770167142153 5281.2897595465183 2159.5604683309793 11604.722133100033 17009.80492554605
leaf_count=35261 10843 48472 10711 21767 14565 87060 135242
internal_value=0.000302548 -0.0723905 0.0975264 -0.0316755 0.0243016 -0.0970575 0.114652
internal_weight=54794.4 31352.7 23441.7 11829.4 4443.84 19523.2 18997.9
internal_count=363921 192560 171361 57028 25276 135532 146085
is_linear=0
shrinkage=0.1


Tree=13
num_leaves=8
num_cat=0
split_feature=16 2 6 20 5 21 21
split_gain=33565.4 2947.96 2865.22 1955.08 1341.16 551.587 242.283
threshold=1.0000000180025095e-35 1.0000000180025095e-35 1.0000000180025095e-35 1.0000000180025095e-35 1.0000000180025095e-35 1.0000000180025095e-35 1.0000000180025095e-35
decision_type=2 2 2 2 2 2 2
left_child=1 3 4 -1 -2 -3 -4
right_child=2 5 6 -5 -6 -7 -8
leaf_value=-0.050875934325251726 0.089066445465199762 -0.072795582573494555 0.11443974325110361 0.048165211011360551 -0.020428878668737129 -0.10807659261613467 -0.00091473525780843266
leaf_weight=9062.0178022831678 1897.0294758379459 7561.3685955703259 17067.974739842117 2554.1453941762447 2723.459787145257 10742.892876043916 184.02355973422527
leaf_count=46169 10843 48472 147005 10859 12656 87060 857
internal_value=0.000326335 -0.0685024 0.0944794 -0.0290966 0.024536 -0.093507 0.113209
internal_weight=51792.9 29920.4 21872.5 11616.2 4620.49 18304.3 17252
internal_count=363921 192560 171361 57028 23499 135532 147862
is_linear=0
shrinkage=0.1


Tree=14
num_leaves=8
num_cat=0
split_feature=7 19 21 3 21 10 9
split_gain=29280.8 4873.82 2508.78 1691.69 1169.25 160.805 137.393
threshold=1.0000000180025095e-35 1.0000000180025095e-35 1.0000000180025095e-35 1.0000000180025095e-35 1.0000000180025095e-35 1.0000000180025095e-35 1.0000000180025095e-35
decision_type=2 2 2 2 2 2 2
left_child=1 3 -3 -1 6 -6 -2
right_child=4 2 -4 -5 5 -7 -8
leaf_value=-0.019372304378920641 0.040972970208786985 0.037968286081856303 -0.08474255996863278 -0.091082310303934058 -0.068119542853987011 0.08110923815485975 0.11422776259525391
leaf_weight=3959.2378991395235 261.69899797439575 6757.7789264321327 2210.1546272784472 19471.798195078969 413.3983727991581 86.564210325479507 15835.657275944948
leaf_count=18851 2085 33360 15649 143458 3175 407 146936
internal_value=0.000357511 -0.0549725 0.00772002 -0.0789665 0.108362 -0.0421715 0.113039
internal_weight=48996.3 32399 8967.93 23431 16597.3 499.963 16097.4
internal_count=363921 211318 49009 162309 152603 3582 149021
is_linear=0
shrinkage=0.1


Tree=15
num_leaves=8
num_cat=0
split_feature=7 20 21 3 21 9 10
split_gain=25629.7 4285.71 2380.92 1564.05 1061.92 142.206 135.41
threshold=1.0000000180025095e-35 1.0000000180025095e-35 1.0000000180025095e-35 1.0000000180025095e-35 1.0000000180025095e-35 1.0000000180025095e-35 1.0000000180025095e-35
decision_type=2 2 2 2 2 2 2
left_child=1 3 -3 -1 5 -2 -6
right_child=4 2 -4 -5 6 -7 -8
leaf_value=-0.0181499314978282 0.037452867980492681 0.032908023272132068 -0.083525751513753077 -0.088713716738324039 -0.063572683346204736 0.1125380939276673 0.075618653766061278
leaf_weight=3814.1600396037102 257.96485837548971 7158.7594734430313 2326.0737976133823 17816.472535505891 399.48841243982315 14532.827672027051 83.784952774643898
leaf_count=18321 2085 35548 17627 139822 3175 146936 407
internal_value=0.000379458 -0.0516979 0.00434785 -0.0762725 0.106465 0.111231 -0.0393348
internal_weight=46389.5 31115.5 9484.83 21630.6 15274.1 14790.8 483.273
internal_count=363921 211318 53175 158143 152603 149021 3582
is_linear=0
shrinkage=0.1


Tree=16
num_leaves=8
num_cat=0
split_feature=7 20 21 3 0 10 9
split_gain=22452.2 3747.17 2012.05 1458.14 992.986 251.752 60.5461
threshold=1.0000000180025095e-35 1.0000000180025095e-35 1.0000000180025095e-35 1.0000000180025095e-35 1.0000000180025095e-35 1.0000000180025095e-35 1.0000000180025095e-35
decision_type=2 2 2 2 2 2 2
left_child=1 3 -3 -1 6 -6 -2
right_child=4 2 -4 -5 5 -7 -8
leaf_value=-0.016434197246757903 0.058295265160887989 0.029665057902590216 -0.079634218773879772 -0.08509984956493967 -0.060570812168270594 0.083943992427211192 0.1111993616604357
leaf_weight=3792.4261240512133 223.42004124075174 7147.90889339149 2202.3333104550838 16770.578640237451 437.31711693108082 165.31186809390783 13218.613864660263
leaf_count=18321 1881 35548 17627 139822 3508 1264 145950
internal_value=0.000398514 -0.0485718 0.00391521 -0.0724373 0.104695 -0.0208544 0.110324
internal_weight=43957.9 29913.2 9350.24 20563 14044.7 602.629 13442
internal_count=363921 211318 53175 158143 152603 4772 147831
is_linear=0
shrinkage=0.1


Tree=17
num_leaves=8
num_cat=0
split_feature=8 21 9 0 14 6 13
split_gain=19689.7 3360.32 2885.34 1349.99 177.629 171.76 85.4337
threshold=1.0000000180025095e-35 1.0000000180025095e-35 1.0000000180025095e-35 1.0000000180025095e-35 1.0000000180025095e-35 1.0000000180025095e-35 1.0000000180025095e-35
decision_type=2 2 2 2 2 2 2
left_child=1 2 -1 5 -5 -2 -3
right_child=3 6 -4 4 -6 -7 -8
leaf_value=-0.056590456838123193 0.051314605249837497 -0.10393304504926706 0.02196091756624945 -0.042691797127209732 0.0404911579530461 0.10910250668616948 -0.053887610300401061
leaf_weight=11852.273731663823 539.54171291738749 7871.7742948830128 7722.1629111543298 652.45071862637997 421.85710614919662 12275.025058709085 360.08257980644703
leaf_count=79177 3021 83508 39855 6259 2436 147478 2187
internal_value=0.000418122 -0.0481483 -0.0256022 0.0976472 -0.0100204 0.106674 -0.101751
internal_weight=41695.2 27806.3 19574.4 13888.9 1074.31 12814.6 8231.86
internal_count=363921 204727 119032 159194 8695 150499 85695
is_linear=0
shrinkage=0.1


Tree=18
num_leaves=8
num_cat=0
split_feature=10 0 20 9 5 20 6
split_gain=17259.3 2856.54 1849.15 687.987 1025.06 449.727 180.903
threshold=1.0000000180025095e-35 1.0000000180025095e-35 1.0000000180025095e-35 1.0000000180025095e-35 1.0000000180025095e-35 1.0000000180025095e-35 1.0000000180025095e-35
decision_type=2 2 2 2 2 2 2
left_child=1 2 -1 4 -2 -3 -5
right_child=3 5 -4 6 -6 -7 -8
leaf_value=-0.040180318340427644 0.084995763365241908 -0.091589402469585593 0.03235932332561503 0.062893396989847292 -0.23136032767405001 -0.046202725164862291 0.10790529794066644
leaf_weight=10295.614002242684 305.81813719123602 8960.4418788254261 5334.0169023051858 979.09267699718475 152.75716771185398 2890.8784253373742 10752.823641575873
leaf_count=64672 2632 96934 25668 6320 706 22913 144076
internal_value=0.000430308 -0.0435002 -0.0154238 0.099458 -0.0206605 -0.0805231 0.104154
internal_weight=39671.4 27481 15629.6 12190.5 458.575 11851.3 11731.9
internal_count=363921 210187 90340 153734 3338 119847 150396
is_linear=0
shrinkage=0.1


Tree=19
num_leaves=8
num_cat=0
split_feature=8 21 9 1 14 6 13
split_gain=15283.7 3030.37 2366.8 1096.19 242.891 161.295 91.8504
threshold=1.0000000180025095e-35 1.0000000180025095e-35 1.0000000180025095e-35 1.0000000180025095e-35 1.0000000180025095e-35 1.0000000180025095e-35 1.0000000180025095e-35
decision_type=2 2 2 2 2 2 2
left_child=1 2 -1 5 -5 -2 -3
right_child=3 6 -4 4 -6 -7 -8
leaf_value=-0.050699746402069146 0.04378558463790156 -0.1006543996583734 0.021549049020152561 -0.037897887145148884 0.051112851273392206 0.10749362666006892 -0.04715106067215636
leaf_weight=11214.587759152055 415.47555442899466 6773.1455657184124 7610.5039850622416 633.53541629016399 592.1449396982789 10187.541655890644 339.52259132266045
leaf_count=79177 2503 83508 39855 6477 4173 146041 2187
internal_value=0.000455375 -0.0425044 -0.0214918 0.0946524 0.00511117 0.105002 -0.0981074
internal_weight=37766.5 25937.8 18825.1 11828.7 1225.68 10603 7112.67
internal_count=363921 204727 119032 159194 10650 148544 85695
is_linear=0
shrinkage=0.1


Tree=20
num_leaves=8
num_cat=0
split_feature=7 20 21 3 1 10 9
split_gain=13367 2802.45 1259.05 1203.69 779.417 246.093 49.7317
threshold=1.0000000180025095e-35 1.0000000180025095e-35 1.0000000180025095e-35 1.0000000180025095e-35 1.0000000180025095e-35 1.0000000180025095e-35 1.0000000180025095e-35
decision_type=2 2 2 2 2 2 2
left_child=1 3 -3 -1 6 -6 -2
right_child=4 2 -4 -5 5 -7 -8
leaf_value=-0.0095469116044183591 0.052540136785662786 0.027975654664692859 -0.066270985861392712 -0.074258111903974119 -0.053528794698312426 0.075450412705049041 0.10710736092780136
leaf_weight=3642.3185732811689 173.03992506116629 6975.1859102994204 1777.9254296571016 13639.744845867157 414.90772797167301 228.6020455956459 9176.1069716885686
leaf_count=18321 1785 35548 17627 139822 3660 2588 144570
internal_value=0.000463355 -0.037273 0.00882696 -0.0606211 0.0987767 -0.00766392 0.106103
internal_weight=36027.8 26035.2 8753.11 17282.1 9992.66 643.51 9349.15
internal_count=363921 211318 53175 158143 152603 6248 146355
is_linear=0
shrinkage=0.1


Tree=21
num_leaves=8
num_cat=0
split_feature=8 21 9 1 15 6 13
split_gain=11763.4 2735.94 1935.67 921.72 175.221 170.964 102.847
threshold=1.0000000180025095e-35 1.0000000180025095e-35 1.0000000180025095e-35 1.0000000180025095e-35 1.0000000180025095e-35 1.0000000180025095e-35 1.0000000180025095e-35
decision_type=2 2 2 2 2 2 2
left_child=1 2 -1 5 -5 -2 -3
right_child=3 6 -4 4 -6 -7 -8
leaf_value=-0.045089057691473422 0.038363375299691589 -0.097648864268293098 0.021269621699648154 -0.033587701855393011 0.044332351093488265 0.10526615899237024 -0.038918749096801694
leaf_weight=10606.163595914841 401.46733626723289 5862.0224895477295 7505.8875649571419 548.86488855630159 606.40541981905699 8510.2333332113922 316.03632640838623
leaf_count=79177 2503 83508 39855 6265 4385 146041 2187
internal_value=0.000477016 -0.0371928 -0.0175894 0.0913634 0.00731577 0.102257 -0.0946513
internal_weight=34357.1 24290.1 18112.1 10067 1155.27 8911.7 6178.06
internal_count=363921 204727 119032 159194 10650 148544 85695
is_linear=0
shrinkage=0.1


Tree=22
num_leaves=8
num_cat=0
split_feature=7 20 21 21 1 10 9
split_gain=10283.8 2391.65 1022.41 952.073 706.621 196.617 64.8191
threshold=1.0000000180025095e-35 1.0000000180025095e-35 1.0000000180025095e-35 1.0000000180025095e-35 1.0000000180025095e-35 1.0000000180025095e-35 1.0000000180025095e-35
decision_type=2 2 2 2 2 2 2
left_child=1 2 -1 -3 6 -6 -2
right_child=4 3 -4 -5 5 -7 -8
leaf_value=-0.039372321035110264 0.040659813960730859 0.026569910685344891 -0.095780041532074423 -0.059144979727619333 -0.049550151553457808 0.070124969307183468 0.10523235325146413
leaf_weight=11500.330370493233 160.37979400902987 6913.6207495927811 4459.9201427400112 1593.7471471205354 396.5412754714489 208.70701171457767 7647.6879482641816
leaf_count=86615 1785 35548 71528 17627 3660 2588 144570
internal_value=0.000479198 -0.0323149 -0.0551399 0.0105073 0.0958436 -0.00823513 0.103911
internal_weight=32880.9 24467.6 15960.3 8507.37 8413.32 605.248 7808.07
internal_count=363921 211318 158143 53175 152603 6248 146355
is_linear=0
shrinkage=0.1


Tree=23
num_leaves=8
num_cat=0
split_feature=8 21 9 1 6 15 13
split_gain=9063.12 2358.87 1620.5 773.026 180.274 122.403 110.446
threshold=1.0000000180025095e-35 1.0000000180025095e-35 1.0000000180025095e-35 1.0000000180025095e-35 1.0000000180025095e-35 1.0000000180025095e-35 1.0000000180025095e-35
decision_type=2 2 2 2 2 2 2
left_child=1 2 -1 4 -2 -5 -3
right_child=3 6 -4 5 -6 -7 -8
leaf_value=-0.040698319859014821 0.03320117678722654 -0.094409123339089712 0.020714649992849572 -0.026319534899846959 0.10321858072045241 0.040719251226049635 -0.031422902392324981
leaf_weight=10171.98477460444 389.05437010526657 4996.3735473975539 7437.408119507134 508.23697725683451 7100.7860471047461 584.59987413138151 296.15165458619595
leaf_count=79177 2503 83508 39855 6265 146041 4385 2187
internal_value=0.000487666 -0.0323572 -0.0147606 0.0881241 0.0995865 0.00954649 -0.0908912
internal_weight=31484.6 22901.9 17609.4 8582.68 7489.84 1092.84 5292.53
internal_count=363921 204727 119032 159194 148544 10650 85695
is_linear=0
shrinkage=0.1


Tree=24
num_leaves=8
num_cat=0
split_feature=10 21 20 5 6 8 6
split_gain=7932.9 1787.58 1355.67 714.79 1029.2 418.733 22.8889
threshold=1.0000000180025095e-35 1.0000000180025095e-35 1.0000000180025095e-35 1.0000000180025095e-35 1.0000000180025095e-35 1.0000000180025095e-35 1.0000000180025095e-35
decision_type=2 2 2 2 2 2 2
left_child=1 2 -1 6 -5 -3 -2
right_child=3 5 -4 4 -6 -7 -8
leaf_value=-0.033429564717630221 0.085881005030070456 -0.088638963147962727 0.025455172389511605 -0.12799016784300646 0.088441569048141322 -0.0022070105407367376 0.10392397001917014
leaf_weight=11315.574464417994 842.74205173552036 4843.4930976107717 5972.6398769915104 347.78462559729815 592.73867066204548 633.91295121610165 5689.7205023616552
leaf_count=87784 6459 85349 30452 1684 11710 6602 133881
internal_value=0.000485245 -0.0288607 -0.0130861 0.0898763 0.00835898 -0.0786382 0.10161
internal_weight=30238.6 22765.6 17288.2 7472.99 940.523 5477.41 6532.46
internal_count=363921 210187 118236 153734 13394 91951 140340
is_linear=0
shrinkage=0.1


end of trees

feature_importances:
V4_lt=_-0.03328448161482811=35
V12_lt=_-0.24669199436903=19
V10_lt=_-1.7765860557556152=15
V10_lt=_-1.408359408378601=13
V14_lt=_-0.641162782907486=13
V10_lt=_-1.7227753400802612=11
V4_lt=_0.7563583552837372=10
V4_lt=_1.6730803847312927=9
V14_lt=_-2.7358014583587646=9
V14_lt=_-1.812438189983368=8
V4_lt=_0.38157644867897034=6
V4_lt=_0.7563397884368896=5
V4_lt=_1.5782626867294312=5
V14_lt=_-1.4205476641654968=5
V14_lt=_-1.7687879800796509=4
V14_lt=_-1.5627466440200806=3
V14_lt=_-1.8273465633392334=2
V14_lt=_-0.7145193219184875=2
V4_lt=_1.6225031018257141=1

parameters:
[boosting: gbdt]
[objective: binary]
[metric: binary_logloss]
[tree_learner: serial]
[device_type: cpu]
[data_sample_strategy: bagging]
[data: ]
[valid: ]
[num_iterations: 25]
[learning_rate: 0.1]
[num_leaves: 31]
[num_threads: 8]
[seed: 42]
[deterministic: 0]
[force_col_wise: 0]
[force_row_wise: 0]
[histogram_pool_size: -1]
[max_depth: 3]
[min_data_in_leaf: 20]
[min_sum_hessian_in_leaf: 0.001]
[bagging_fraction: 1]
[pos_bagging_fraction: 1]
[neg_bagging_fraction: 1]
[bagging_freq: 0]
[bagging_seed: 400]
[bagging_by_query: 0]
[feature_fraction: 1]
[feature_fraction_bynode: 1]
[feature_fraction_seed: 30056]
[extra_trees: 0]
[extra_seed: 12879]
[early_stopping_round: 0]
[early_stopping_min_delta: 0]
[first_metric_only: 0]
[max_delta_step: 0]
[lambda_l1: 0]
[lambda_l2: 1]
[linear_lambda: 0]
[min_gain_to_split: 0]
[drop_rate: 0.1]
[max_drop: 50]
[skip_drop: 0.5]
[xgboost_dart_mode: 0]
[uniform_drop: 0]
[drop_seed: 17869]
[top_rate: 0.2]
[other_rate: 0.1]
[min_data_per_group: 100]
[max_cat_threshold: 32]
[cat_l2: 10]
[cat_smooth: 10]
[max_cat_to_onehot: 4]
[top_k: 20]
[monotone_constraints: ]
[monotone_constraints_method: basic]
[monotone_penalty: 0]
[feature_contri: ]
[forcedsplits_filename: ]
[refit_decay_rate: 0.9]
[cegb_tradeoff: 1]
[cegb_penalty_split: 0]
[cegb_penalty_feature_lazy: ]
[cegb_penalty_feature_coupled: ]
[path_smooth: 0]
[interaction_constraints: ]
[verbosity: -1]
[saved_feature_importance_type: 0]
[use_quantized_grad: 0]
[num_grad_quant_bins: 4]
[quant_train_renew_leaf: 0]
[stochastic_rounding: 1]
[linear_tree: 0]
[max_bin: 255]
[max_bin_by_feature: ]
[min_data_in_bin: 3]
[bin_construct_sample_cnt: 200000]
[data_random_seed: 175]
[is_enable_sparse: 1]
[enable_bundle: 1]
[use_missing: 1]
[zero_as_missing: 0]
[feature_pre_filter: 1]
[pre_partition: 0]
[two_round: 0]
[header: 0]
[label_column: ]
[weight_column: ]
[group_column: ]
[ignore_column: ]
[categorical_feature: ]
[forcedbins_filename: ]
[precise_float_parser: 0]
[parser_config_file: ]
[objective_seed: 16083]
[num_class: 1]
[is_unbalance: 0]
[scale_pos_weight: 1]
[sigmoid: 1]
[boost_from_average: 1]
[reg_sqrt: 0]
[alpha: 0.9]
[fair_c: 1]
[poisson_max_delta_step: 0.7]
[tweedie_variance_power: 1.5]
[lambdarank_truncation_level: 30]
[lambdarank_norm: 1]
[label_gain: ]
[lambdarank_position_bias_regularization: 0]
[eval_at: ]
[multi_error_top_k: 1]
[auc_mu_weights: ]
[num_machines: 1]
[local_listen_port: 12400]
[time_out: 120]
[machine_list_filename: ]
[machines: ]
[gpu_platform_id: -1]
[gpu_device_id: -1]
[gpu_use_dp: 0]
[num_gpu: 1]

end of parameters

pandas_categorical:[]
