tree
version=v4
num_class=1
num_tree_per_iteration=1
label_index=0
max_feature_idx=24
objective=binary sigmoid:1
feature_names=season_lt=_1.5 season_lt=_2.5 yr_lt=_0.5 hr_lt=_5.5 hr_lt=_6.5 hr_lt=_7.5 hr_lt=_19.5 hr_lt=_20.5 hr_lt=_21.5 hr_lt=_22.5 workingday_lt=_0.5 weathersit_lt=_2.5 temp_lt=_0.3100000023841858 temp_lt=_0.3700000047683716 temp_lt=_0.39000000059604645 temp_lt=_0.45000000298023224 temp_lt=_0.4699999988079071 temp_lt=_0.5099999904632568 atemp_lt=_0.31059999763965607 atemp_lt=_0.3409000039100647 atemp_lt=_0.5985000133514404 hum_lt=_0.7450000047683716 hum_lt=_0.8050000071525574 hum_lt=_0.8149999976158142 atemp_lt=_0.5227500200271606
feature_infos=[0:1] [0:1] [0:1] [0:1] [0:1] [0:1] [0:1] [0:1] [0:1] [0:1] [0:1] [0:1] [0:1] [0:1] [0:1] [0:1] [0:1] [0:1] [0:1] [0:1] [0:1] [0:1] [0:1] [0:1] [0:1]
tree_sizes=894 901 901 905 897 904 907 909 906 1019 1013 1019 1012 1020 1020 1025 1021 1017 1015 1020 1021 915 1018 1019 911

Tree=0
num_leaves=7
num_cat=0
split_feature=4 13 9 2 3 2
split_gain=4990.34 1452.91 515.783 265.684 29.252 40.8909
threshold=1.0000000180025095e-35 1.0000000180025095e-35 1.0000000180025095e-35 1.0000000180025095e-35 1.0000000180025095e-35 1.0000000180025095e-35
decision_type=2 2 2 2 2 2
left_child=1 2 -1 -3 5 -2
right_child=4 3 -4 -5 -6 -7
leaf_value=-0.10720773748454829 -0.094061561585856407 0.017288904963985791 0.1336016562898662 -0.1051940292676538 -0.19955032351452004 -0.2011031766378146
leaf_weight=93.249594256281853 73.74967910349369 329.24856738746166 1668.7427390366793 381.49834004044533 854.99627977609634 74.249676927924156
leaf_count=373 295 1317 6675 1526 3420 297
internal_value=-0.00417176 0.0721425 0.120806 -0.0485042 -0.192202 -0.148724
internal_weight=3475.73 2472.74 1761.99 710.747 1003 147.999
internal_count=13903 9891 7048 2843 4012 592
is_linear=0
shrinkage=1


Tree=1
num_leaves=7
num_cat=0
split_feature=4 15 7 9 3 2
split_gain=4077.47 1210.41 372.227 356.469 24.4072 34.1902
threshold=1.0000000180025095e-35 1.0000000180025095e-35 1.0000000180025095e-35 1.0000000180025095e-35 1.0000000180025095e-35 1.0000000180025095e-35
decision_type=2 2 2 2 2 2
left_child=1 3 -3 -1 5 -2
right_child=4 2 -4 -5 -6 -7
leaf_value=-0.081376071797302468 -0.081204475046348118 -0.14123920081519384 0.013765072253086217 0.13845006899385709 -0.17768367280609054 -0.17934290771899247
leaf_weight=77.277739495038986 73.587112054228783 190.5906798094511 808.81145843863487 1387.30013859272 846.54459357261658 73.504318669438362
leaf_count=310 295 764 3243 5574 3420 297
internal_value=-2.49091e-05 0.0689366 -0.0159066 0.126803 -0.17093 -0.131126
internal_weight=3457.62 2463.98 999.402 1464.58 993.636 147.091
internal_count=13903 9891 4007 5884 4012 592
is_linear=0
shrinkage=0.1


Tree=2
num_leaves=7
num_cat=0
split_feature=4 19 8 2 3 2
split_gain=3376.54 1027.44 436.079 196.552 21.6239 29.9192
threshold=1.0000000180025095e-35 1.0000000180025095e-35 1.0000000180025095e-35 1.0000000180025095e-35 1.0000000180025095e-35 1.0000000180025095e-35
decision_type=2 2 2 2 2 2
left_child=1 2 -1 -3 5 -2
right_child=4 3 -4 -5 -6 -7
leaf_value=-0.038351358503289891 -0.073607870636330772 0.012535454779331524 0.11754106981309656 -0.10054397311332275 -0.16425675712759077 -0.16603754109824279
leaf_weight=201.2382745295763 73.186518922448158 283.18782709538937 1623.8159206211567 334.68433614075184 825.28937458992004 71.626787513494492
leaf_count=815 295 1134 6597 1345 3420 297
internal_value=-6.01115e-05 0.0626197 0.10034 -0.04878 -0.157803 -0.12015
internal_weight=3413.03 2442.93 1825.05 617.872 970.103 144.813
internal_count=13903 9891 7412 2479 4012 592
is_linear=0
shrinkage=0.1


Tree=3
num_leaves=7
num_cat=0
split_feature=4 16 2 9 3 2
split_gain=2824.58 896.816 322.907 228.623 19.996 27.0402
threshold=1.0000000180025095e-35 1.0000000180025095e-35 1.0000000180025095e-35 1.0000000180025095e-35 1.0000000180025095e-35 1.0000000180025095e-35
decision_type=2 2 2 2 2 2
left_child=1 3 -3 -1 5 -2
right_child=4 2 -4 -5 -6 -7
leaf_value=-0.063654876120594672 -0.066883869763558534 0.045622099895786049 -0.06468590492240188 0.12076940025427177 -0.15371942308383846 -0.15564159835773117
leaf_weight=70.341745883226395 72.619701400399208 510.01511600613594 551.12949754297733 1280.9027007818222 795.26614844799042 68.971104070544243
leaf_count=285 295 2056 2237 5313 3420 297
internal_value=-0.000102679 0.0571279 -0.0116758 0.111129 -0.147374 -0.110907
internal_weight=3349.25 2412.39 1061.14 1351.24 936.857 141.591
internal_count=13903 9891 4293 5598 4012 592
is_linear=0
shrinkage=0.1


Tree=4
num_leaves=7
num_cat=0
split_feature=4 12 22 6 3 2
split_gain=2381.73 781.647 385.68 96.2768 19.0649 25
threshold=1.0000000180025095e-35 1.0000000180025095e-35 1.0000000180025095e-35 1.0000000180025095e-35 1.0000000180025095e-35 1.0000000180025095e-35
decision_type=2 2 2 2 2 2
left_child=1 2 -1 -3 5 -2
right_child=4 3 -4 -5 -6 -7
leaf_value=-0.019610211213876627 -0.060876488708894394 -0.1497431613147549 0.099116150156220162 -0.04173755296504493 -0.14522896752875236 -0.14731434607518878
leaf_weight=328.77400924265385 71.941849291324615 111.5631350427866 1620.9659720808268 314.3912493288517 759.4768300652504 65.801598832011223
leaf_count=1368 295 456 6797 1270 3420 297
internal_value=-0.00013674 0.0522898 0.0790962 -0.0703101 -0.138857 -0.102933
internal_weight=3272.91 2375.69 1949.74 425.954 897.22 137.743
internal_count=13903 9891 8165 1726 4012 592
is_linear=0
shrinkage=0.1


Tree=5
num_leaves=7
num_cat=0
split_feature=4 0 8 2 3 2
split_gain=2018.39 706.156 365.597 216.704 18.5766 23.4817
threshold=1.0000000180025095e-35 1.0000000180025095e-35 1.0000000180025095e-35 1.0000000180025095e-35 1.0000000180025095e-35 1.0000000180025095e-35
decision_type=2 2 2 2 2 2
left_child=1 2 -1 -3 5 -2
right_child=4 3 -4 -5 -6 -7
leaf_value=-0.044566867672369524 -0.055470431041288959 0.013803263287650306 0.096952888301611861 -0.10594042084671113 -0.13823900978739831 -0.14051066799378928
leaf_weight=206.62919721007347 71.195193454623222 305.44019484519958 1532.1645567268133 297.76745772361755 720.16593754291534 62.316531836986542
leaf_count=849 295 1248 6567 1227 3420 297
internal_value=-0.000195496 0.047789 0.0801195 -0.0453845 -0.131739 -0.0959124
internal_weight=3195.68 2342 1738.79 603.208 853.678 133.512
internal_count=13903 9891 7416 2475 4012 592
is_linear=0
shrinkage=0.1


Tree=6
num_leaves=7
num_cat=0
split_feature=4 16 7 23 3 15
split_gain=1720.06 625.736 268.506 196.752 18.3796 22.869
threshold=1.0000000180025095e-35 1.0000000180025095e-35 1.0000000180025095e-35 1.0000000180025095e-35 1.0000000180025095e-35 1.0000000180025095e-35
decision_type=2 2 2 2 2 2
left_child=1 3 -3 -1 5 -2
right_child=4 2 -4 -5 -6 -7
leaf_value=-0.0042370438845973002 -0.04435874871398976 -0.11781206885522542 0.011187107207049008 0.10762766938277686 -0.13237850415608524 -0.12944003291619485
leaf_weight=184.06803280115128 61.390033394098282 198.39649537205696 845.02544152736664 1074.3333654403687 679.01006877422333 67.686178103089333
leaf_count=792 281 823 3470 4806 3420 311
internal_value=-0.000241812 0.0438265 -0.0134301 0.0912747 -0.125669 -0.0896266
internal_weight=3109.91 2301.82 1043.42 1258.4 808.086 129.076
internal_count=13903 9891 4293 5598 4012 592
is_linear=0
shrinkage=0.1


Tree=7
num_leaves=7
num_cat=0
split_feature=4 18 11 6 3 2
split_gain=1470.99 538.81 314.429 86.6752 18.8607 24.1307
threshold=1.0000000180025095e-35 1.0000000180025095e-35 1.0000000180025095e-35 1.0000000180025095e-35 1.0000000180025095e-35 1.0000000180025095e-35
decision_type=2 2 2 2 2 2
left_child=1 2 -1 -3 5 -2
right_child=4 3 -4 -5 -6 -7
leaf_value=-0.071428245570714033 -0.042868102041098227 -0.13204627139237965 0.077875242272536685 -0.031162445636769537 -0.12738579391140517 -0.13168221079040038
leaf_weight=153.52555198967457 68.950427621603012 111.64038582146168 1642.2066309899092 353.27298876643181 637.25396990776062 56.201514601707458
leaf_count=659 295 481 7313 1438 3420 297
internal_value=-0.000271716 0.0402423 0.0650779 -0.0556193 -0.120297 -0.0834792
internal_weight=3023.05 2260.65 1795.73 464.913 762.406 125.152
internal_count=13903 9891 7972 1919 4012 592
is_linear=0
shrinkage=0.1


Tree=8
num_leaves=7
num_cat=0
split_feature=4 20 2 9 3 2
split_gain=1261.94 495.323 316.984 72.3666 18.9688 22.917
threshold=1.0000000180025095e-35 1.0000000180025095e-35 1.0000000180025095e-35 1.0000000180025095e-35 1.0000000180025095e-35 1.0000000180025095e-35
decision_type=2 2 2 2 2 2
left_child=1 3 -3 -1 5 -2
right_child=4 2 -4 -5 -6 -7
leaf_value=-0.043047010467153771 -0.039099968586067846 0.050551866293047837 -0.041848444680046837 0.11031596470836527 -0.12307046510515177 -0.12740325599550034
leaf_weight=31.663867712020874 68.174238875508308 728.72114834189415 754.82472518086433 707.53533539175987 595.81149101257324 52.504049688577652
leaf_count=127 295 3121 3247 3396 3420 297
internal_value=-0.000325081 0.0368816 0.00354228 0.103697 -0.115641 -0.0782498
internal_weight=2939.23 2222.75 1483.55 739.199 716.49 120.678
internal_count=13903 9891 6368 3523 4012 592
is_linear=0
shrinkage=0.1


Tree=9
num_leaves=8
num_cat=0
split_feature=4 0 21 2 3 15 24
split_gain=1086.38 464.675 298.732 146.442 19.1533 22.4179 0.129051
threshold=1.0000000180025095e-35 1.0000000180025095e-35 1.0000000180025095e-35 1.0000000180025095e-35 1.0000000180025095e-35 1.0000000180025095e-35 1.0000000180025095e-35
decision_type=2 2 2 2 2 2 2
left_child=1 2 -1 -3 5 -2 -6
right_child=4 3 -4 -5 6 -7 -8
leaf_value=-0.011165302447993432 -0.027428059232379967 0.0068346150290667018 0.087396781301886425 -0.093001383428043927 -0.11170190059014301 -0.11556207507226729 -0.12284623878629855
leaf_weight=415.13800141215324 56.414458855986595 298.9307637065649 1182.8408765494823 287.6903692483902 187.54977196455002 59.881749242544174 367.79240995645523
leaf_count=1806 281 1248 5610 1227 1155 311 2265
internal_value=-0.000335161 0.0338666 0.0618004 -0.0422018 -0.111466 -0.0734072 -0.11929
internal_weight=2856.24 2184.6 1597.98 586.621 671.638 116.296 555.342
internal_count=13903 9891 7416 2475 4012 592 3420
is_linear=0
shrinkage=0.1


Tree=10
num_leaves=8
num_cat=0
split_feature=4 17 7 9 3 2 24
split_gain=936.589 394.407 243.073 143.112 19.816 23.4263 0.235079
threshold=1.0000000180025095e-35 1.0000000180025095e-35 1.0000000180025095e-35 1.0000000180025095e-35 1.0000000180025095e-35 1.0000000180025095e-35 1.0000000180025095e-35
decision_type=2 2 2 2 2 2 2
left_child=1 3 -3 -1 5 -2 -6
right_child=4 2 -4 -5 6 -7 -8
leaf_value=-0.067913422257607506 -0.029313512146491125 -0.10710377376380065 0.012316223915626975 0.085218102644419813 -0.10803280824897939 -0.12192236108890531 -0.11967605299479421
leaf_weight=64.411882057785988 65.86160147190094 209.02036125957966 903.72031460702419 967.62760388851166 175.2010278403759 46.752816125750542 341.1769100278616
leaf_count=260 295 905 3839 4887 1155 297 2265
internal_value=-0.000366492 0.031108 -0.010192 0.0756043 -0.107569 -0.0684956 -0.115942
internal_weight=2773.77 2144.78 1112.74 1032.04 628.992 112.614 516.378
internal_count=13903 9891 4744 5147 4012 592 3420
is_linear=0
shrinkage=0.1


Tree=11
num_leaves=8
num_cat=0
split_feature=4 0 21 2 3 2 24
split_gain=809.878 358.128 252.838 121.44 20.0416 22.2018 0.352001
threshold=1.0000000180025095e-35 1.0000000180025095e-35 1.0000000180025095e-35 1.0000000180025095e-35 1.0000000180025095e-35 1.0000000180025095e-35 1.0000000180025095e-35
decision_type=2 2 2 2 2 2 2
left_child=1 2 -1 -3 5 -2 -6
right_child=4 3 -4 -5 6 -7 -8
leaf_value=-0.013207514495515283 -0.026693092743748544 0.0063044161890149905 0.078662518892225156 -0.08527699287289521 -0.10463566915312722 -0.11897424361667581 -0.11688746716858485
leaf_weight=409.04707536101341 65.227237522602081 296.79177717864513 1115.6200979948044 281.48327085375786 163.44180665910244 43.321299031376839 315.71715004742146
leaf_count=1806 295 1248 5610 1227 1155 297 2265
internal_value=-0.000393484 0.028617 0.0540226 -0.0383443 -0.104071 -0.064272 -0.112935
internal_weight=2690.65 2102.94 1524.67 578.275 587.707 108.549 479.159
internal_count=13903 9891 7416 2475 4012 592 3420
is_linear=0
shrinkage=0.1


Tree=12
num_leaves=8
num_cat=0
split_feature=4 20 8 2 3 15 24
split_gain=701.149 321.594 242.424 62.4744 20.2571 22.0875 0.4783
threshold=1.0000000180025095e-35 1.0000000180025095e-35 1.0000000180025095e-35 1.0000000180025095e-35 1.0000000180025095e-35 1.0000000180025095e-35 1.0000000180025095e-35
decision_type=2 2 2 2 2 2 2
left_child=1 3 -3 -1 5 -2 -6
right_child=4 2 -4 -5 6 -7 -8
leaf_value=0.1157111685364515 -0.013636529314419174 -0.10294390134999512 0.016463536043038757 0.05251336046275077 -0.1014497260681344 -0.10538014529442959 -0.11441083405332042
leaf_weight=330.02228309214115 52.086541250348091 196.11718232929707 1236.0707048773766 302.2172613888979 152.32449822127819 52.594695210456848 291.55890114605427
leaf_count=1843 281 857 5511 1680 1155 311 2265
internal_value=-0.000420005 0.0262902 5.20144e-05 0.0856326 -0.100804 -0.060292 -0.110201
internal_weight=2612.99 2064.43 1432.19 632.24 548.565 104.681 443.883
internal_count=13903 9891 6368 3523 4012 592 3420
is_linear=0
shrinkage=0.1


Tree=13
num_leaves=8
num_cat=0
split_feature=4 12 2 10 3 2 24
split_gain=607.068 304.988 253.447 50.5242 20.8184 22.3492 0.612889
threshold=1.0000000180025095e-35 1.0000000180025095e-35 1.0000000180025095e-35 1.0000000180025095e-35 1.0000000180025095e-35 1.0000000180025095e-35 1.0000000180025095e-35
decision_type=2 2 2 2 2 2 2
left_child=1 2 -1 -3 5 -2 -6
right_child=4 3 -4 -5 6 -7 -8
leaf_value=0.082458412253423777 -0.018975394134941231 -0.026549489939732069 0.0036466780036082044 -0.10013912471127218 -0.098425851324369859 -0.11533234977864476 -0.11219024910015407
leaf_weight=820.08359712362289 63.133765563368797 250.66785530745983 811.33886003494263 148.62483814358711 141.87609773129225 38.404317274689674 268.78579862415791
leaf_count=4195 295 1088 3970 638 1155 297 2265
internal_value=-0.000428064 0.0241189 0.04329 -0.0541228 -0.0976064 -0.0561894 -0.107686
internal_weight=2542.92 2030.72 1631.42 399.293 512.2 101.538 410.662
internal_count=13903 9891 8165 1726 4012 592 3420
is_linear=0
shrinkage=0.1


Tree=14
num_leaves=8
num_cat=0
split_feature=4 8 11 17 3 2 16
split_gain=526.404 278.691 270.542 54.5856 20.9372 21.0351 0.756216
threshold=1.0000000180025095e-35 1.0000000180025095e-35 1.0000000180025095e-35 1.0000000180025095e-35 1.0000000180025095e-35 1.0000000180025095e-35 1.0000000180025095e-35
decision_type=2 2 2 2 2 2 2
left_child=1 3 -3 -1 5 -2 -6
right_child=4 2 -4 -5 6 -7 -8
leaf_value=-0.026621208277242847 -0.017234804142311651 -0.083058715471844638 0.049265859696351069 -0.11969752425452321 -0.097705740577611055 -0.11315035766443518 -0.11170027466268595
leaf_weight=120.37620951235294 62.68453261256218 170.38448998332024 1575.9903907924891 132.91230757534504 179.84370466321707 35.403660111129284 199.69562843441963
leaf_count=532 295 752 8002 605 1592 297 1828
internal_value=-0.000446777 0.022091 0.0363155 -0.0757413 -0.0946538 -0.0526468 -0.105343
internal_weight=2477.29 1999.66 1746.37 253.289 477.628 98.0882 379.539
internal_count=13903 9891 8754 1137 4012 592 3420
is_linear=0
shrinkage=0.1


Tree=15
num_leaves=8
num_cat=0
split_feature=4 0 11 2 3 15 24
split_gain=456.368 262.894 195.801 94.4596 20.9995 21.5108 0.923136
threshold=1.0000000180025095e-35 1.0000000180025095e-35 1.0000000180025095e-35 1.0000000180025095e-35 1.0000000180025095e-35 1.0000000180025095e-35 1.0000000180025095e-35
decision_type=2 2 2 2 2 2 2
left_child=1 2 -1 -3 5 -2 -6
right_child=4 3 -4 -5 6 -7 -8
leaf_value=-0.067036572303537531 -0.0024690706732756287 0.0023017471750425059 0.055745644287124987 -0.079597067254551748 -0.092646562833839652 -0.097271711790789986 -0.10836212680672513
leaf_weight=143.85100840032101 48.545456975698471 288.96377196907997 1267.3639883995056 273.6099721044302 122.80085776001215 46.31217173486948 227.71641256660223
leaf_count=635 281 1248 6781 1227 1155 311 2265
internal_value=-0.000484951 0.0201564 0.0431913 -0.0376006 -0.0918026 -0.0492863 -0.103136
internal_weight=2419.16 1973.79 1411.21 562.574 445.375 94.8576 350.517
internal_count=13903 9891 7416 2475 4012 592 3420
is_linear=0
shrinkage=0.1


Tree=16
num_leaves=8
num_cat=0
split_feature=4 2 12 20 3 2 16
split_gain=395.768 243.344 141.635 132.209 21.3044 20.8038 1.08062
threshold=1.0000000180025095e-35 1.0000000180025095e-35 1.0000000180025095e-35 1.0000000180025095e-35 1.0000000180025095e-35 1.0000000180025095e-35 1.0000000180025095e-35
decision_type=2 2 2 2 2 2 2
left_child=1 2 -1 -3 5 -2 -6
right_child=4 3 -4 -5 6 -7 -8
leaf_value=0.073588593901702762 -0.011181035107145439 0.04196957826321137 -0.023409605490628961 -0.039138663793551638 -0.092357065763698232 -0.11058403100172194 -0.10842715356982256
leaf_weight=765.00938357412815 60.899520307779312 279.14797884225845 186.8464439958334 710.57788482308388 155.08986846357584 31.392702162265778 168.45408657193184
leaf_count=4195 295 1680 769 3247 1592 297 1828
internal_value=-0.000502038 0.0184701 0.0545436 -0.0162432 -0.0889166 -0.0458154 -0.101032
internal_weight=2357.42 1941.58 951.856 989.726 415.836 92.2922 323.544
internal_count=13903 9891 4964 4927 4012 592 3420
is_linear=0
shrinkage=0.1


Tree=17
num_leaves=8
num_cat=0
split_feature=4 8 18 17 3 1 24
split_gain=343.875 241.673 208.721 40.5855 21.198 20.4351 1.25662
threshold=1.0000000180025095e-35 1.0000000180025095e-35 1.0000000180025095e-35 1.0000000180025095e-35 1.0000000180025095e-35 1.0000000180025095e-35 1.0000000180025095e-35
decision_type=2 2 2 2 2 2 2
left_child=1 3 -3 -1 5 -2 -6
right_child=4 2 -4 -5 6 -7 -8
leaf_value=-0.032819584223657369 0.0034532968941981684 0.050044382044895863 -0.033837748731351217 -0.11434109944906932 -0.087111413218015313 -0.091559316276856428 -0.10510160424170828
leaf_weight=118.47720025479794 46.37759443372488 1279.6978420913219 385.28370669484138 127.53864124417305 106.36112250387669 43.091038674116135 192.20417316257954
leaf_count=532 296 7093 1661 605 1155 296 2265
internal_value=-0.000491065 0.0169468 0.030625 -0.0753735 -0.0861924 -0.0428141 -0.099005
internal_weight=2299.03 1911 1664.98 246.016 388.034 89.4686 298.565
internal_count=13903 9891 8754 1137 4012 592 3420
is_linear=0
shrinkage=0.1


Tree=18
num_leaves=8
num_cat=0
split_feature=5 8 2 10 3 4 17
split_gain=301.796 217.172 200.289 94.9716 203.528 108.94 35.9307
threshold=1.0000000180025095e-35 1.0000000180025095e-35 1.0000000180025095e-35 1.0000000180025095e-35 1.0000000180025095e-35 1.0000000180025095e-35 1.0000000180025095e-35
decision_type=2 2 2 2 2 2 2
left_child=1 6 -3 4 -2 -5 -1
right_child=3 2 -4 5 -6 -7 -8
leaf_value=-0.029396233220319173 0.050028341030136453 0.070932183424388437 -0.0018278342071148873 -0.2832819201106348 -0.10810613906763403 -0.086379756287992632 -0.1065703155991564
leaf_weight=119.12682813405991 142.02943834662437 720.62794007360935 795.16771386563778 36.86965237557888 188.20552408695221 115.34158045053482 123.44286373257637
leaf_count=532 802 4090 4083 177 2333 1281 605
internal_value=-0.000507584 0.0187216 0.0327871 -0.0704858 -0.040149 -0.135612 -0.0689461
internal_weight=2240.81 1758.37 1515.8 482.446 330.235 152.211 242.57
internal_count=13903 9310 8173 4593 3135 1458 1137
is_linear=0
shrinkage=0.1


Tree=19
num_leaves=8
num_cat=0
split_feature=4 20 11 9 3 2 16
split_gain=262.915 199.813 159.685 54.608 19.0377 20.1192 1.72664
threshold=1.0000000180025095e-35 1.0000000180025095e-35 1.0000000180025095e-35 1.0000000180025095e-35 1.0000000180025095e-35 1.0000000180025095e-35 1.0000000180025095e-35
decision_type=2 2 2 2 2 2 2
left_child=1 3 -3 -1 5 -2 -6
right_child=4 2 -4 -5 6 -7 -8
leaf_value=-0.05914084569227053 -0.0068824476565883773 -0.096806103146439823 0.0070778269188233687 0.075370223422928498 -0.084194612124750698 -0.10850938080251582 -0.10448503223857925
leaf_weight=31.460355430841446 59.60642021894455 168.42646299302578 1167.4776190295815 485.42591229081154 123.12314835935831 28.045628905296326 130.15300466120243
leaf_count=127 295 739 5629 3396 1592 297 1828
internal_value=-0.000506583 0.0143549 -0.00608214 0.0670848 -0.081078 -0.0402568 -0.0949913
internal_weight=2193.72 1852.79 1335.9 516.886 340.928 87.652 253.276
internal_count=13903 9891 6368 3523 4012 592 3420
is_linear=0
shrinkage=0.1


Tree=20
num_leaves=8
num_cat=0
split_feature=4 2 11 0 3 15 16
split_gain=228.224 181.941 113.305 98.126 18.8117 19.8001 1.90303
threshold=1.0000000180025095e-35 1.0000000180025095e-35 1.0000000180025095e-35 1.0000000180025095e-35 1.0000000180025095e-35 1.0000000180025095e-35 1.0000000180025095e-35
decision_type=2 2 2 2 2 2 2
left_child=1 2 -1 -3 5 -2 -6
right_child=4 3 -4 -5 6 -7 -8
leaf_value=-0.062535588810333526 0.0076898667939551725 0.0026314952722123145 0.057885717607699887 -0.069231967207947206 -0.081641300865508803 -0.088165456493124114 -0.10330415759474645
leaf_weight=85.881284758448601 45.417948879301548 692.02536951005459 789.75347057729959 260.88500334322453 114.74375788867474 39.754565387964249 119.05610164254904
leaf_count=388 281 3700 4576 1227 1592 311 1828
internal_value=-0.000491001 0.0131361 0.0460171 -0.017095 -0.0784067 -0.0375549 -0.0930655
internal_weight=2147.52 1828.55 875.635 952.91 318.972 85.1725 233.8
internal_count=13903 9891 4964 4927 4012 592 3420
is_linear=0
shrinkage=0.1


Tree=21
num_leaves=7
num_cat=0
split_feature=3 15 1 9 10 16
split_gain=198.698 177.962 120.775 111.345 8.7907 13.237
threshold=1.0000000180025095e-35 1.0000000180025095e-35 1.0000000180025095e-35 1.0000000180025095e-35 1.0000000180025095e-35 1.0000000180025095e-35
decision_type=2 2 2 2 2 2
left_child=1 3 -3 -1 -2 -6
right_child=4 2 -4 -5 5 -7
leaf_value=-0.077330625159977365 -0.10519740102870359 0.029872563927423268 -0.047454217410668374 0.049210920951950225 -0.011196233107603322 -0.099028979803674685
leaf_weight=74.439302235841751 146.75854653120041 301.00479425489902 609.61009172350168 903.65901029855013 31.117181673645973 38.045607123523951
leaf_count=310 2333 1431 2887 5855 456 631
internal_value=-0.000493478 0.00991207 -0.021889 0.0395112 -0.0911393 -0.0602348
internal_weight=2104.63 1888.71 910.615 978.098 215.921 69.1628
internal_count=13903 10483 4318 6165 3420 1087
is_linear=0
shrinkage=0.1


Tree=22
num_leaves=8
num_cat=0
split_feature=5 8 11 10 3 4 17
split_gain=181.727 170.142 155.062 92.1914 156.708 83.3365 31.1092
threshold=1.0000000180025095e-35 1.0000000180025095e-35 1.0000000180025095e-35 1.0000000180025095e-35 1.0000000180025095e-35 1.0000000180025095e-35 1.0000000180025095e-35
decision_type=2 2 2 2 2 2 2
left_child=1 6 -3 4 -2 -5 -1
right_child=3 2 -4 5 -6 -7 -8
leaf_value=-0.027693402077522262 0.047177172164370174 -0.067142342381501477 0.038571551778502827 -0.25399616256782986 -0.10427862935144377 -0.077113156446910344 -0.10077527296800658
leaf_weight=116.30411390960217 137.53110364824533 154.80410923808813 1272.2864026129246 37.547117725014687 133.91157878190279 91.102541994303465 117.81763090193272
leaf_count=532 802 693 7480 177 2333 1281 605
internal_value=-0.00048338 0.0140952 0.0270652 -0.0608988 -0.0276494 -0.130298 -0.0647428
internal_weight=2061.3 1661.21 1427.09 400.092 271.443 128.65 234.122
internal_count=13903 9310 8173 4593 3135 1458 1137
is_linear=0
shrinkage=0.1


Tree=23
num_leaves=8
num_cat=0
split_feature=20 2 3 2 7 9 5
split_gain=166.963 100.758 72.5605 63.4949 44.4027 34.6746 26.5472
threshold=1.0000000180025095e-35 1.0000000180025095e-35 1.0000000180025095e-35 1.0000000180025095e-35 1.0000000180025095e-35 1.0000000180025095e-35 1.0000000180025095e-35
decision_type=2 2 2 2 2 2 2
left_child=3 2 -2 6 -3 -5 -1
right_child=1 4 -4 5 -6 -7 -8
leaf_value=0.098365803722705647 0.019663330819916582 -0.099389220817020965 -0.08348759440896604 -0.12212823521690114 -0.032273468571704635 0.024371823749333072 0.0010529831078467543
leaf_weight=212.33726862072945 667.11456866562366 115.49721471965313 74.956983596086502 16.282964661717415 656.93378672748804 249.25439544767141 32.299711935222149
leaf_count=1795 3382 627 1426 66 4252 1965 390
internal_value=-0.000497565 -0.0171669 0.00914568 0.0489238 -0.0424244 0.0149638 0.0855741
internal_weight=2024.68 1514.5 742.072 510.174 772.431 265.537 244.637
internal_count=13903 9687 4808 4216 4879 2031 2185
is_linear=0
shrinkage=0.1


Tree=24
num_leaves=7
num_cat=0
split_feature=4 0 23 6 2 16
split_gain=148.797 135.529 133.122 66.5871 20.7673 22.595
threshold=1.0000000180025095e-35 1.0000000180025095e-35 1.0000000180025095e-35 1.0000000180025095e-35 1.0000000180025095e-35 1.0000000180025095e-35
decision_type=2 2 2 2 2 2
left_child=1 2 -1 -3 5 -2
right_child=4 3 -4 -5 -6 -7
leaf_value=-0.035069926825793192 -0.0070945998848924554 -0.10332337866299689 0.045659189151222912 -0.014434181118446391 -0.10276381999799644 -0.085399500832455233
leaf_weight=258.92410004884005 75.62174579501152 104.92223124951124 955.58086770027876 414.56011112779379 113.80179306492209 71.241602424532175
leaf_count=1218 955 582 6198 1893 1983 1074
internal_value=-0.000446868 0.0101549 0.0284336 -0.0325516 -0.0707411 -0.0454
internal_weight=1994.65 1733.99 1214.5 519.482 260.665 146.863
internal_count=13903 9891 7416 2475 4012 2029
is_linear=0
shrinkage=0.1


end of trees

feature_importances:
yr_lt=_0.5=30
hr_lt=_5.5=24
hr_lt=_6.5=23
hr_lt=_22.5=8
temp_lt=_0.4699999988079071=8
hr_lt=_21.5=7
temp_lt=_0.45000000298023224=7
atemp_lt=_0.5227500200271606=7
season_lt=_1.5=6
weathersit_lt=_2.5=6
temp_lt=_0.5099999904632568=5
atemp_lt=_0.5985000133514404=5
hr_lt=_20.5=4
workingday_lt=_0.5=4
hr_lt=_7.5=3
hr_lt=_19.5=3
temp_lt=_0.3100000023841858=3
season_lt=_2.5=2
atemp_lt=_0.31059999763965607=2
hum_lt=_0.7450000047683716=2
hum_lt=_0.8149999976158142=2
temp_lt=_0.3700000047683716=1
atemp_lt=_0.3409000039100647=1
hum_lt=_0.8050000071525574=1

parameters:
[boosting: gbdt]
[objective: binary]
[metric: binary_logloss]
[tree_learner: serial]
[device_type: cpu]
[data_sample_strategy: bagging]
[data: ]
[valid: ]
[num_iterations: 25]
[learning_rate: 0.1]
[num_leaves: 31]
[num_threads: 8]
[seed: 42]
[deterministic: 0]
[force_col_wise: 0]
[force_row_wise: 0]
[histogram_pool_size: -1]
[max_depth: 3]
[min_data_in_leaf: 20]
[min_sum_hessian_in_leaf: 0.001]
[bagging_fraction: 1]
[pos_bagging_fraction: 1]
[neg_bagging_fraction: 1]
[bagging_freq: 0]
[bagging_seed: 400]
[bagging_by_query: 0]
[feature_fraction: 1]
[feature_fraction_bynode: 1]
[feature_fraction_seed: 30056]
[extra_trees: 0]
[extra_seed: 12879]
[early_stopping_round: 0]
[early_stopping_min_delta: 0]
[first_metric_only: 0]
[max_delta_step: 0]
[lambda_l1: 0]
[lambda_l2: 1]
[linear_lambda: 0]
[min_gain_to_split: 0]
[drop_rate: 0.1]
[max_drop: 50]
[skip_drop: 0.5]
[xgboost_dart_mode: 0]
[uniform_drop: 0]
[drop_seed: 17869]
[top_rate: 0.2]
[other_rate: 0.1]
[min_data_per_group: 100]
[max_cat_threshold: 32]
[cat_l2: 10]
[cat_smooth: 10]
[max_cat_to_onehot: 4]
[top_k: 20]
[monotone_constraints: ]
[monotone_constraints_method: basic]
[monotone_penalty: 0]
[feature_contri: ]
[forcedsplits_filename: ]
[refit_decay_rate: 0.9]
[cegb_tradeoff: 1]
[cegb_penalty_split: 0]
[cegb_penalty_feature_lazy: ]
[cegb_penalty_feature_coupled: ]
[path_smooth: 0]
[interaction_constraints: ]
[verbosity: -1]
[saved_feature_importance_type: 0]
[use_quantized_grad: 0]
[num_grad_quant_bins: 4]
[quant_train_renew_leaf: 0]
[stochastic_rounding: 1]
[linear_tree: 0]
[max_bin: 255]
[max_bin_by_feature: ]
[min_data_in_bin: 3]
[bin_construct_sample_cnt: 200000]
[data_random_seed: 175]
[is_enable_sparse: 1]
[enable_bundle: 1]
[use_missing: 1]
[zero_as_missing: 0]
[feature_pre_filter: 1]
[pre_partition: 0]
[two_round: 0]
[header: 0]
[label_column: ]
[weight_column: ]
[group_column: ]
[ignore_column: ]
[categorical_feature: ]
[forcedbins_filename: ]
[precise_float_parser: 0]
[parser_config_file: ]
[objective_seed: 16083]
[num_class: 1]
[is_unbalance: 0]
[scale_pos_weight: 1]
[sigmoid: 1]
[boost_from_average: 1]
[reg_sqrt: 0]
[alpha: 0.9]
[fair_c: 1]
[poisson_max_delta_step: 0.7]
[tweedie_variance_power: 1.5]
[lambdarank_truncation_level: 30]
[lambdarank_norm: 1]
[label_gain: ]
[lambdarank_position_bias_regularization: 0]
[eval_at: ]
[multi_error_top_k: 1]
[auc_mu_weights: ]
[num_machines: 1]
[local_listen_port: 12400]
[time_out: 120]
[machine_list_filename: ]
[machines: ]
[gpu_platform_id: -1]
[gpu_device_id: -1]
[gpu_use_dp: 0]
[num_gpu: 1]

end of parameters

pandas_categorical:[]
