tree
version=v4
num_class=1
num_tree_per_iteration=1
label_index=0
max_feature_idx=6
objective=binary sigmoid:1
feature_names=sex_female age juv_fel_count juv_misd_count juvenile_crimes priors_count current_charge_degree_felony
feature_infos=[0:1] [18:96] [0:20] [0:13] [0:20] [0:38] [0:1]
tree_sizes=975 980 981 984 983 980 984 987 981 984 993 989 995 987 988 991 987 992 993 877 994 886 881 984 997

Tree=0
num_leaves=8
num_cat=0
split_feature=5 1 1 5 1 5 1
split_gain=430.197 176.286 78.6477 49.968 48.2401 23.0175 20.356
threshold=2.5000000000000004 22.500000000000004 33.500000000000007 9.5000000000000018 34.500000000000007 8.5000000000000018 20.500000000000004
decision_type=2 2 2 2 2 2 2
left_child=1 6 5 -4 -3 -2 -1
right_child=2 4 3 -5 -6 -7 -8
leaf_value=-0.032680512316298344 -0.060881986475499236 -0.189800613120716 -0.15013004169787822 -0.056651482177228721 -0.24287554587940308 0.0053399350557609693 -0.11699894657545376
leaf_weight=39.281416684389114 207.09759555757046 365.46634510159492 174.5288260281086 84.032397717237473 325.93631185591221 73.839118704199791 103.42448949813843
leaf_count=158 833 1470 702 338 1311 297 416
internal_value=-0.149054 -0.194043 -0.0795414 -0.119511 -0.21492 -0.0429909 -0.093141
internal_weight=1373.61 834.109 539.498 258.561 691.403 280.937 142.706
internal_count=5525 3355 2170 1040 2781 1130 574
is_linear=0
shrinkage=1


Tree=1
num_leaves=8
num_cat=0
split_feature=5 1 1 5 1 5 0
split_gain=348.806 143.899 63.3649 43.1467 41.2202 18.7752 17.2338
threshold=2.5000000000000004 22.500000000000004 36.500000000000007 7.5000000000000009 38.500000000000007 7.5000000000000009 1.0000000180025095e-35
decision_type=2 2 2 2 2 2 2
left_child=1 6 5 -4 -3 -2 -1
right_child=2 4 3 -5 -6 -7 -8
leaf_value=0.066578887706021772 0.071938860118062095 -0.040646864408009679 -0.02316149364319094 0.06762397831016953 -0.091430054602827826 0.1231134367356662 -0.022382882559055801
leaf_weight=116.94959317147732 220.90447716414928 430.97066569328308 111.86846047639847 96.78628134727478 256.20312213897705 111.69443035125732 26.184764727950096
leaf_count=469 885 1741 450 388 1040 447 105
internal_value=4.64806e-06 -0.0406947 0.0623993 0.0190718 -0.059686 0.089442 0.050262
internal_weight=1371.56 830.308 541.254 208.655 687.174 332.599 143.134
internal_count=5525 3355 2170 838 2781 1332 574
is_linear=0
shrinkage=0.1


Tree=2
num_leaves=8
num_cat=0
split_feature=5 1 1 5 5 1 5
split_gain=283.682 117.525 53.5364 36.796 34.245 16.6391 16.1673
threshold=2.5000000000000004 22.500000000000004 33.500000000000007 1.0000000180025095e-35 9.5000000000000018 20.500000000000004 8.5000000000000018
decision_type=2 2 2 2 2 2 2
left_child=1 5 6 -3 -4 -1 -2
right_child=2 3 4 -5 -6 -7 -8
leaf_value=0.099667667038313618 0.071370952457729495 -0.077398772518514486 -0.0021365333661518614 -0.030824687789669361 0.07510393317731491 0.023731945012943876 0.12672758908977025
leaf_weight=39.485008627176285 208.22770355641842 340.73809589445591 174.56492239236832 341.2009551525116 84.480551093816757 103.85612347722054 73.944555267691612
leaf_count=158 833 1390 702 1391 338 416 297
internal_value=2.10558e-07 -0.036882 0.0562046 -0.0541752 0.0232453 0.0451949 0.0862737
internal_weight=1366.5 825.28 541.218 681.939 259.045 143.341 282.172
internal_count=5525 3355 2170 2781 1040 574 1130
is_linear=0
shrinkage=0.1


Tree=3
num_leaves=8
num_cat=0
split_feature=5 1 1 5 5 1 0
split_gain=233.376 87.6194 68.9639 53.6507 19.4477 17.3675 10.5551
threshold=1.5000000000000002 22.500000000000004 33.500000000000007 5.5000000000000009 7.5000000000000009 52.500000000000007 1.0000000180025095e-35
decision_type=2 2 2 2 2 2 2
left_child=1 6 4 -4 -2 -3 -1
right_child=2 5 3 -5 -6 -7 -8
leaf_value=0.046936542288928962 0.056564569342408999 -0.052146558915647505 -0.032487780940008266 0.049445215543241591 0.11034141472457276 -0.10433058427514195 -0.027163005502506461
leaf_weight=101.86338342726231 283.376573741436 468.14772099256516 167.23338755965233 151.26821880042553 89.978621944785118 74.553859457373619 22.943848252296448
leaf_count=408 1140 1924 679 607 365 310 92
internal_value=1.35264e-05 -0.0421376 0.0406834 0.0064582 0.0697849 -0.0594941 0.0332069
internal_weight=1359.37 667.509 691.857 318.502 373.355 542.702 124.807
internal_count=5525 2734 2791 1286 1505 2234 500
is_linear=0
shrinkage=0.1


Tree=4
num_leaves=8
num_cat=0
split_feature=5 1 1 5 5 1 5
split_gain=192.735 87.9612 37.2101 26.3879 22.5356 20.6415 10.7315
threshold=2.5000000000000004 24.500000000000004 36.500000000000007 9.5000000000000018 1.0000000180025095e-35 38.500000000000007 7.5000000000000009
decision_type=2 2 2 2 2 2 2
left_child=1 4 6 -4 -1 -3 -2
right_child=2 5 3 -5 -6 -7 -8
leaf_value=-0.0084445175794317356 0.054159843552933934 -0.035074605247886255 -0.011708783859667948 0.06365223829551199 0.053672962210580877 -0.073374625978275085 0.093182447527424356
leaf_weight=121.88140581548214 220.25238454341888 334.15460956096649 139.72377161681652 68.435295671224594 110.72895570099354 246.95512793958187 108.93042312562466
leaf_count=494 885 1374 563 275 447 1040 447
internal_value=6.44024e-06 -0.030673 0.0464363 0.0132531 0.0212283 -0.0514491 0.067316
internal_weight=1351.06 813.72 537.342 208.159 232.61 581.11 329.183
internal_count=5525 3355 2170 838 941 2414 1332
is_linear=0
shrinkage=0.1


Tree=5
num_leaves=8
num_cat=0
split_feature=5 1 1 5 1 5 1
split_gain=161.319 63.2035 48.9088 39.6335 13.5114 12.466 10.2318
threshold=1.5000000000000002 22.500000000000004 32.500000000000007 5.5000000000000009 52.500000000000007 8.5000000000000018 20.500000000000004
decision_type=2 2 2 2 2 2 2
left_child=1 6 5 -4 -3 -2 -1
right_child=2 4 3 -5 -6 -7 -8
leaf_value=0.07381591148424306 0.050879731689429546 -0.043952476945601483 -0.025265082957923624 0.042947423965345247 -0.090831379092321307 0.099922316286937499 0.010401923762107955
leaf_weight=34.725816905498505 280.97972242534161 460.11102668941021 179.62932442128658 160.22972151637077 71.481516882777214 64.78212533891201 89.878914177417755
leaf_count=140 1136 1924 735 647 310 273 360
internal_value=9.54907e-06 -0.0354051 0.0339065 0.00692599 -0.0504148 0.06033 0.0285216
internal_weight=1341.82 656.197 685.621 339.859 531.593 345.762 124.605
internal_count=5525 2734 2791 1382 2234 1409 500
is_linear=0
shrinkage=0.1


Tree=6
num_leaves=8
num_cat=0
split_feature=5 1 1 5 5 1 1
split_gain=131.964 52.0398 40.6988 31.8169 12.8433 11.7605 8.44734
threshold=1.5000000000000002 22.500000000000004 33.500000000000007 4.5000000000000009 8.5000000000000018 52.500000000000007 20.500000000000004
decision_type=2 2 2 2 2 2 2
left_child=1 6 4 -4 -2 -3 -1
right_child=2 5 3 -5 -6 -7 -8
leaf_value=0.067137933632085811 0.044051105297125248 -0.039962106075236897 -0.031948144275791429 0.031960189396798046 0.092207284054285299 -0.084217999013535882 0.0093737568643293117
leaf_weight=34.47434501349926 297.91002383828163 455.78374625742435 136.25041995942593 179.17640368640423 68.828378140926361 69.565220922231674 89.873603135347366
leaf_count=140 1208 1924 562 724 297 310 360
internal_value=1.21369e-05 -0.0322168 0.0307094 0.0043409 0.0533151 -0.0459712 0.0257962
internal_weight=1331.86 649.697 682.165 315.427 366.738 525.349 124.348
internal_count=5525 2734 2791 1286 1505 2234 500
is_linear=0
shrinkage=0.1


Tree=7
num_leaves=8
num_cat=0
split_feature=5 1 1 1 5 5 5
split_gain=109.731 55.3174 23.0243 20.3888 17.6036 8.06404 7.7135
threshold=2.5000000000000004 28.500000000000004 36.500000000000007 20.500000000000004 9.5000000000000018 15.500000000000002 1.0000000180025095e-35
decision_type=2 2 2 2 2 2 2
left_child=1 3 5 -1 -4 -2 -3
right_child=2 6 4 -5 -6 -7 -8
leaf_value=0.073445331639877473 0.047669729395729804 -0.060340062815739351 -0.011084321806541026 -0.0026725172858167797 0.050783568997374566 0.11270722007072308 -0.033435304595083835
leaf_weight=38.547401666641235 300.47443507611752 223.17547377943993 139.27170592546463 318.83695808053017 67.474856972694397 20.081624895334244 213.6014072149992
leaf_count=158 1245 976 563 1310 275 87 911
internal_value=1.33188e-05 -0.0234572 0.0353393 0.00571956 0.00925445 0.0520819 -0.047289
internal_weight=1321.46 794.161 527.303 357.384 206.747 320.556 436.777
internal_count=5525 3355 2170 1468 838 1332 1887
is_linear=0
shrinkage=0.1


Tree=8
num_leaves=8
num_cat=0
split_feature=5 1 1 5 1 0 1
split_gain=91.4294 36.597 32.2856 38.7626 9.82637 8.61971 6.56324
threshold=1.5000000000000002 22.500000000000004 27.500000000000004 5.5000000000000009 52.500000000000007 1.0000000180025095e-35 20.500000000000004
decision_type=2 2 2 2 2 2 2
left_child=1 5 6 -4 -3 -1 -2
right_child=2 4 3 -5 -6 -7 -8
leaf_value=0.034149954538524381 0.14138659379195431 -0.033377668511280677 -0.014815707915270045 0.041890324413529058 -0.07465179262745722 -0.032840606201199399 0.055581124884921722
leaf_weight=100.78629542887211 8.9123849272727949 447.49271202087402 255.88860359787941 226.28187319636345 66.361852362751961 22.831811100244522 182.86505270004272
leaf_count=408 37 1924 1054 943 310 92 757
internal_value=2.35076e-05 -0.0271037 0.0256847 0.011828 -0.0388427 0.0216128 0.0602815
internal_weight=1311.42 637.473 673.948 482.17 513.855 123.618 191.777
internal_count=5525 2734 2791 1997 2234 500 794
is_linear=0
shrinkage=0.1


Tree=9
num_leaves=8
num_cat=0
split_feature=5 1 5 1 1 5 5
split_gain=75.784 47.4207 19.9332 14.3497 13.814 10.3995 5.16459
threshold=3.5000000000000004 24.500000000000004 1.0000000180025095e-35 33.500000000000007 39.500000000000007 13.500000000000002 8.5000000000000018
decision_type=2 2 2 2 2 2 2
left_child=1 2 -1 6 -3 -5 -2
right_child=3 4 -4 5 -6 -7 -8
leaf_value=-0.0093768713754396257 0.042806961177578401 -0.019329279755428488 0.046681289750191646 0.0046459502130640562 -0.049732471963783553 0.057108717131937353 0.07778334917226111
leaf_weight=120.04052832722664 138.38610598444939 392.88802520930767 132.83872148394585 161.95440477132797 242.51521247625351 48.365315213799477 64.612353831529617
leaf_count=494 575 1664 544 657 1093 201 297
internal_value=2.69534e-05 -0.0164306 0.0201386 0.0353509 -0.0309932 0.0169235 0.0542663
internal_weight=1301.6 888.282 252.879 413.318 635.403 210.32 202.998
internal_count=5525 3795 1038 1730 2757 858 872
is_linear=0
shrinkage=0.1


Tree=10
num_leaves=8
num_cat=0
split_feature=5 1 1 5 5 0 1
split_gain=64.7571 26.4626 24.335 22.6096 9.50205 6.83346 6.70289
threshold=1.5000000000000002 22.500000000000004 29.500000000000004 7.5000000000000009 1.0000000180025095e-35 1.0000000180025095e-35 24.500000000000004
decision_type=2 2 2 2 2 2 2
left_child=1 5 6 -4 -3 -1 -2
right_child=2 4 3 -5 -6 -7 -8
leaf_value=0.029632418712698273 0.068296343874002088 -0.043992795654272734 -0.010279719618719952 0.038229264683746912 -0.015643824994068061 -0.030050455486364255 0.033719554580572034
leaf_weight=100.32938981056213 90.000877186655998 310.26634791493416 269.47762571275234 148.07111270725727 193.23080269992352 22.808347031474113 157.92256623506546
leaf_count=408 376 1390 1114 630 844 92 671
internal_value=3.67053e-05 -0.0230147 0.0217447 0.00697277 -0.0331657 0.0184246 0.0464955
internal_weight=1292.11 626.635 665.472 417.549 503.497 123.138 247.923
internal_count=5525 2734 2791 1744 2234 500 1047
is_linear=0
shrinkage=0.1


Tree=11
num_leaves=8
num_cat=0
split_feature=5 1 1 1 5 5 1
split_gain=54.1346 30.2294 16.6157 14.3991 8.88191 6.72883 5.64714
threshold=2.5000000000000004 29.500000000000004 48.500000000000007 20.500000000000004 9.5000000000000018 8.5000000000000018 52.500000000000007
decision_type=2 2 2 2 2 2 2
left_child=1 3 4 -1 -2 -4 -3
right_child=2 6 5 -5 -6 -7 -8
leaf_value=0.061361544254548921 0.025321909283849281 -0.030280784749308315 -0.035865944612436029 -0.0032079248539808739 0.059719169483141946 0.019949222439086079 -0.061069368339855934
leaf_weight=37.377845793962479 326.36191226541996 313.43245199322701 54.033573508262634 344.33108063042164 97.99328887462616 34.722481310367584 74.625042006373405
leaf_count=158 1362 1397 220 1435 443 145 365
internal_value=3.70152e-05 -0.0167269 0.0251697 0.00325868 0.0333867 -0.0140514 -0.0363433
internal_weight=1282.88 769.766 513.111 381.709 424.355 88.7561 388.057
internal_count=5525 3355 2170 1593 1805 365 1762
is_linear=0
shrinkage=0.1


Tree=12
num_leaves=8
num_cat=0
split_feature=5 1 5 1 5 1 4
split_gain=46.4097 23.0933 15.7922 12.3331 10.6534 5.73088 2.92566
threshold=1.0000000180025095e-35 33.500000000000007 4.5000000000000009 23.500000000000004 7.5000000000000009 55.500000000000007 1.0000000180025095e-35
decision_type=2 2 2 2 2 2 2
left_child=3 4 -3 6 -2 -5 -1
right_child=1 2 -4 5 -6 -7 -8
leaf_value=-0.0051989684451385597 0.020572035752917592 -0.022960132354100975 0.017033810291065488 -0.034948096295857017 0.061214170004154481 -0.084450038086550883 0.045362832332126388
leaf_weight=85.256866440176964 418.48546825349331 223.73744973540306 175.14847855269909 257.72492863237858 75.826347902417183 25.48740316927433 12.195795506238936
leaf_count=351 1748 982 724 1172 365 133 50
internal_value=3.47923e-05 0.012495 -0.00540034 -0.0291582 0.0269175 -0.0396844 0.00152512
internal_weight=1273.86 893.198 398.886 380.665 494.312 283.212 97.4527
internal_count=5525 3819 1706 1706 2113 1305 401
is_linear=0
shrinkage=0.1


Tree=13
num_leaves=8
num_cat=0
split_feature=5 1 5 1 0 1 4
split_gain=38.3261 18.2386 18.0164 16.8474 8.8756 3.87858 3.25956
threshold=1.5000000000000002 24.500000000000004 5.5000000000000009 21.500000000000004 1.0000000180025095e-35 20.500000000000004 1.0000000180025095e-35
decision_type=2 2 2 2 2 2 2
left_child=3 5 -3 6 -5 -2 -1
right_child=1 2 -4 4 -6 -7 -8
leaf_value=0.012639827366040843 0.1225721898117776 -0.0058417873550673889 0.029982123911517916 -0.017114905297223003 -0.04747564858529707 0.051010810179642124 0.059077648851578651
leaf_weight=61.018814325332642 8.1847573667764646 312.75640453398228 253.32736073434353 404.69612947106361 126.36518651247025 79.644993096590042 19.468341037631035
leaf_count=250 37 1305 1110 1829 573 339 82
internal_value=2.75345e-05 0.0168449 0.0102143 -0.017953 -0.0244148 0.0589843 0.0244594
internal_weight=1265.46 653.914 566.084 611.548 531.061 87.8298 80.4872
internal_count=5525 2791 2415 2734 2402 376 332
is_linear=0
shrinkage=0.1


Tree=14
num_leaves=8
num_cat=0
split_feature=5 1 5 1 1 1 4
split_gain=33.1886 18.9414 13.3364 10.0322 9.18163 5.3127 2.10899
threshold=1.0000000180025095e-35 38.500000000000007 7.5000000000000009 20.500000000000004 23.500000000000004 55.500000000000007 1.0000000180025095e-35
decision_type=2 2 2 2 2 2 2
left_child=4 3 -3 -2 6 -6 -1
right_child=1 2 -4 -5 5 -7 -8
leaf_value=-0.0041637545555110421 0.089258422726303577 -0.0246612885564143 0.023510459218740457 0.018090137336957232 -0.029650050662463026 -0.07836564097253966 0.038946478825746346
leaf_weight=85.04757384955883 19.589056611061096 199.84884847700596 79.608712255954742 585.18430039286613 252.31026314198971 24.147480860352516 12.073390603065489
leaf_count=351 89 880 335 2515 1172 133 50
internal_value=4.2404e-05 0.0106005 -0.0109038 0.0205389 -0.0249093 -0.0341723 0.00153771
internal_weight=1257.81 884.231 279.458 604.773 373.579 276.458 97.121
internal_count=5525 3819 1215 2604 1706 1305 401
is_linear=0
shrinkage=0.1


Tree=15
num_leaves=8
num_cat=0
split_feature=5 1 0 1 5 1 6
split_gain=28.7698 19.3737 12.6708 8.91902 6.85511 6.84123 3.29627
threshold=3.5000000000000004 29.500000000000004 1.0000000180025095e-35 30.500000000000004 15.500000000000002 55.500000000000007 1.0000000180025095e-35
decision_type=2 2 2 2 2 2 2
left_child=1 2 -1 6 -5 -3 -2
right_child=3 5 -4 4 -6 -7 -8
leaf_value=0.013788388024303469 0.01546749872396554 -0.020340534892839903 -0.029035991330882784 0.0034709814797287408 0.047571648244367631 -0.058680034501910609 0.050771984049867158
leaf_weight=334.6815617531538 36.442506358027458 380.76307578384876 86.018359482288361 211.22158199548721 41.353931307792664 52.559357136487961 107.75146077573299
leaf_count=1416 164 1740 365 886 185 274 495
internal_value=3.66243e-05 -0.0102995 0.00498422 0.0222544 0.0108507 -0.0251153 0.0420174
internal_weight=1250.79 854.022 420.7 396.769 252.576 433.322 144.194
internal_count=5525 3795 1781 1730 1071 2014 659
is_linear=0
shrinkage=0.1


Tree=16
num_leaves=8
num_cat=0
split_feature=5 1 5 1 1 5 1
split_gain=24.8355 14.8822 11.8732 7.02604 4.80305 3.08736 0.811742
threshold=1.0000000180025095e-35 50.500000000000007 15.500000000000002 21.500000000000004 57.500000000000007 7.5000000000000009 20.500000000000004
decision_type=2 2 2 2 2 2 2
left_child=3 2 -2 6 -5 -3 -1
right_child=1 5 -4 4 -6 -7 -8
leaf_value=0.02711152443979345 0.011427535134799353 -0.035254038314837699 0.069974180611468817 -0.024275627061769715 -0.079081917760061154 0.00013997797130550465 0.001804946167466023
leaf_weight=20.708672493696213 726.52535864710808 78.693488419055939 35.435563981533051 299.91640166938305 16.164196491241455 35.666862174868584 30.832615092396736
leaf_count=88 3138 361 169 1398 96 151 124
internal_value=3.42867e-05 0.0091859 0.0142384 -0.0217467 -0.027319 -0.0243098 0.0122953
internal_weight=1243.94 876.321 761.961 367.622 316.081 114.36 51.5413
internal_count=5525 3819 3307 1706 1494 512 212
is_linear=0
shrinkage=0.1


Tree=17
num_leaves=8
num_cat=0
split_feature=4 5 1 1 0 5 3
split_gain=21.5754 15.847 7.62149 7.47285 2.89647 3.9238 3.05117
threshold=1.0000000180025095e-35 2.5000000000000004 29.500000000000004 55.500000000000007 1.0000000180025095e-35 4.5000000000000009 2.5000000000000004
decision_type=2 2 2 2 2 2 2
left_child=1 2 -1 -3 6 -6 -2
right_child=4 3 -4 -5 5 -7 -8
leaf_value=-0.0030982060528919695 0.041167607587124219 0.015382394614761465 -0.024287865699876104 -0.030739785181512186 -0.042911655663735337 0.049303325002796029 -0.026257951752206306
leaf_weight=319.73194769024849 141.27021585404873 354.20636899769306 361.64615109562874 38.052443504333496 10.192961826920511 6.8592682480812064 6.3937464058399192
leaf_count=1354 633 1529 1743 160 43 31 32
internal_value=2.56791e-05 -0.00515349 -0.0143639 0.0108414 0.0336114 -0.00514177 0.0380911
internal_weight=1238.35 1073.64 681.378 392.259 164.716 17.0522 147.664
internal_count=5525 4786 3097 1689 739 74 665
is_linear=0
shrinkage=0.1


Tree=18
num_leaves=8
num_cat=0
split_feature=5 1 5 1 0 1 1
split_gain=17.9962 12.3355 12.9591 5.33983 5.04809 4.27942 0.649317
threshold=1.0000000180025095e-35 24.500000000000004 5.5000000000000009 21.500000000000004 1.0000000180025095e-35 58.500000000000007 20.500000000000004
decision_type=2 2 2 2 2 2 2
left_child=3 4 -3 6 -2 -5 -1
right_child=1 2 -4 5 -6 -7 -8
leaf_value=0.024337100181753762 0.040869449295535452 -0.0074825381207387328 0.020825605193676391 -0.020898182442670579 -0.0088725017442484091 -0.07609785253446387 0.0016484375060555928
leaf_weight=20.541599616408348 131.60578170418739 469.6067995429039 245.39393472671509 296.79726308584213 23.735266715288162 13.94086007773876 30.816431805491447
leaf_count=88 571 2038 1110 1406 100 88 124
internal_value=2.13628e-05 0.00781557 0.00224856 -0.0186829 0.033261 -0.0236108 0.0110147
internal_weight=1232.44 870.342 715.001 362.096 155.341 310.738 51.358
internal_count=5525 3819 3148 1706 671 1494 212
is_linear=0
shrinkage=0.1


Tree=19
num_leaves=7
num_cat=0
split_feature=4 5 1 1 5 3
split_gain=15.6646 11.0334 6.1808 6.16989 3.01859 3.32624
threshold=1.0000000180025095e-35 2.5000000000000004 55.500000000000007 20.500000000000004 20.500000000000004 2.5000000000000004
decision_type=2 2 2 2 2 2
left_child=1 3 -3 -1 5 -2
right_child=4 2 -4 -5 -6 -7
leaf_value=0.0381950342864101 0.02866442540128171 0.013116823169497581 -0.02887137908219119 -0.013942561990523419 0.092906246318137861 -0.044320876153046238
leaf_weight=22.573475867509842 150.27871915698051 352.17881387472153 37.977862566709518 651.50550223886967 6.1932312101125708 5.647856429219245
leaf_count=98 680 1529 160 2999 31 28
internal_value=1.62997e-05 -0.00440275 0.00896633 -0.0121426 0.0288743 0.0257552
internal_weight=1226.36 1064.24 390.157 674.079 162.12 155.927
internal_count=5525 4786 1689 3097 739 708
is_linear=0
shrinkage=0.1


Tree=20
num_leaves=8
num_cat=0
split_feature=5 1 5 1 1 1 1
split_gain=13.1657 10.3533 8.45839 6.00467 4.72271 3.72567 0.761487
threshold=1.0000000180025095e-35 27.500000000000004 6.5000000000000009 20.500000000000004 52.500000000000007 50.500000000000007 58.500000000000007
decision_type=2 2 2 2 2 2 2
left_child=4 3 -3 -2 5 -1 -6
right_child=1 2 -4 -5 6 -7 -8
leaf_value=-0.014371110727287513 0.076718645334427599 -0.0088937845617777286 0.017081857553394066 0.018460885962150574 -0.035876303374741125 0.045823399194670572 -0.071544733893192519
leaf_weight=316.47124058008194 18.144796222448349 404.69175343215466 180.41912239789963 260.96211495995522 17.91931372880936 9.6720352321863157 13.184872552752493
leaf_count=1461 89 1770 823 1137 107 50 88
internal_value=2.34467e-05 0.00669849 -0.000868708 0.0225086 -0.0160978 -0.0124514 -0.0527535
internal_weight=1221.47 864.218 585.111 279.107 357.247 326.143 31.1042
internal_count=5525 3819 2593 1226 1706 1511 195
is_linear=0
shrinkage=0.1


Tree=21
num_leaves=7
num_cat=0
split_feature=4 5 1 0 5 1
split_gain=11.3966 8.10296 8.10667 6.01533 2.76304 2.89206
threshold=1.0000000180025095e-35 1.5000000000000002 24.500000000000004 1.0000000180025095e-35 20.500000000000004 36.500000000000007
decision_type=2 2 2 2 2 2
left_child=1 3 -3 -1 5 -2
right_child=4 2 -4 -5 -6 -7
leaf_value=-0.0063791538145457644 0.026225646974986794 0.045201707568459905 0.0013203785651576914 -0.031137001516696586 0.087307184062328888 -0.020296575857679175
leaf_weight=417.43906934559345 139.9332058429718 45.285428836941719 466.35560458898544 127.62081156671047 5.8915835171937934 14.0308441221714
leaf_count=1957 647 200 2020 609 31 61
internal_value=2.28225e-05 -0.00374859 0.00528492 -0.0122224 0.0248215 0.0218824
internal_weight=1216.56 1056.7 511.641 545.06 159.856 153.964
internal_count=5525 4786 2220 2566 739 708
is_linear=0
shrinkage=0.1


Tree=22
num_leaves=7
num_cat=0
split_feature=5 1 1 1 5 5
split_gain=10.1651 10.0448 6.86299 5.99097 3.91854 3.00967
threshold=3.5000000000000004 19.500000000000004 39.500000000000007 30.500000000000004 15.500000000000002 11.500000000000002
decision_type=2 2 2 2 2 2
left_child=1 -1 -3 5 -5 -2
right_child=3 2 -4 4 -6 -7
leaf_value=0.11170857490724161 0.024321448047055955 -0.0018253455961957149 -0.022676536403208811 -0.0013417563769156154 0.032919892294320609 0.069642264038514451
leaf_weight=6.1657925695180884 120.56280653178692 610.0293927192688 212.05456060171127 208.77789233624935 38.719293028116226 16.23220157623291
leaf_count=30 566 2672 1093 886 185 93
internal_value=3.01252e-05 -0.00620585 -0.00722488 0.0134515 0.00412916 0.0301656
internal_weight=1212.54 828.25 822.084 384.292 247.497 136.795
internal_count=5525 3795 3765 1730 1071 659
is_linear=0
shrinkage=0.1


Tree=23
num_leaves=8
num_cat=0
split_feature=1 5 1 4 5 0 1
split_gain=8.88139 8.6844 8.46658 2.09036 1.45925 1.27641 0.343812
threshold=55.500000000000007 11.500000000000002 19.500000000000004 3.5000000000000004 1.0000000180025095e-35 1.0000000180025095e-35 60.500000000000007
decision_type=2 2 2 2 2 2 2
left_child=1 2 -1 -3 6 -6 -2
right_child=4 3 -4 -5 5 -7 -8
leaf_value=0.1076528818444801 -0.036006327353860883 0.029515998975031807 -0.00072370658573656674 0.087822760862436122 -0.029346292097496202 0.013099912609658149 -0.070802561546120343
leaf_weight=6.2581027895212165 9.6793360263109225 65.708738937973976 1051.0329063385725 6.2243713289499274 51.7877536714077 7.5977777987718573 9.5206947177648527
leaf_count=32 65 330 4720 34 238 38 68
internal_value=4.75851e-05 0.00232116 1.88913e-05 0.0356963 -0.0322409 -0.0237887 -0.0559116
internal_weight=1207.81 1129.22 1057.29 71.9331 78.5856 59.3855 19.2
internal_count=5525 5116 4752 364 409 276 133
is_linear=0
shrinkage=0.1


Tree=24
num_leaves=8
num_cat=0
split_feature=5 1 5 1 1 5 4
split_gain=8.06515 7.23444 6.33552 3.61525 2.57692 1.44977 0.93183
threshold=1.0000000180025095e-35 50.500000000000007 15.500000000000002 23.500000000000004 58.500000000000007 7.5000000000000009 1.0000000180025095e-35
decision_type=2 2 2 2 2 2 2
left_child=3 2 -2 6 -5 -3 -1
right_child=1 5 -4 4 -6 -7 -8
leaf_value=3.8223268841223077e-05 0.0068755644755367122 -0.026132847685444244 0.051935640398916898 -0.016485890849506444 -0.062826815805447953 -0.0016267497752639915 0.029011803072840632
leaf_weight=84.022216200828552 711.16232182085514 75.617651790380478 31.675207629799843 243.96844206750393 11.80036126077175 35.449349105358124 11.790385738015173
leaf_count=351 3138 361 169 1217 88 151 50
internal_value=5.27047e-05 0.00530117 0.0088642 -0.0126734 -0.0188603 -0.0183955 0.00386646
internal_weight=1205.49 853.905 742.838 351.581 255.769 111.067 95.8126
internal_count=5525 3819 3307 1706 1305 512 401
is_linear=0
shrinkage=0.1


end of trees

feature_importances:
age=82
priors_count=69
sex_female=10
juvenile_crimes=8
juv_misd_count=2
current_charge_degree_felony=1

parameters:
[boosting: gbdt]
[objective: binary]
[metric: binary_logloss]
[tree_learner: serial]
[device_type: cpu]
[data_sample_strategy: bagging]
[data: ]
[valid: ]
[num_iterations: 25]
[learning_rate: 0.1]
[num_leaves: 31]
[num_threads: 8]
[seed: 42]
[deterministic: 0]
[force_col_wise: 0]
[force_row_wise: 0]
[histogram_pool_size: -1]
[max_depth: 3]
[min_data_in_leaf: 20]
[min_sum_hessian_in_leaf: 0.001]
[bagging_fraction: 1]
[pos_bagging_fraction: 1]
[neg_bagging_fraction: 1]
[bagging_freq: 0]
[bagging_seed: 400]
[bagging_by_query: 0]
[feature_fraction: 1]
[feature_fraction_bynode: 1]
[feature_fraction_seed: 30056]
[extra_trees: 0]
[extra_seed: 12879]
[early_stopping_round: 0]
[early_stopping_min_delta: 0]
[first_metric_only: 0]
[max_delta_step: 0]
[lambda_l1: 0]
[lambda_l2: 1]
[linear_lambda: 0]
[min_gain_to_split: 0]
[drop_rate: 0.1]
[max_drop: 50]
[skip_drop: 0.5]
[xgboost_dart_mode: 0]
[uniform_drop: 0]
[drop_seed: 17869]
[top_rate: 0.2]
[other_rate: 0.1]
[min_data_per_group: 100]
[max_cat_threshold: 32]
[cat_l2: 10]
[cat_smooth: 10]
[max_cat_to_onehot: 4]
[top_k: 20]
[monotone_constraints: ]
[monotone_constraints_method: basic]
[monotone_penalty: 0]
[feature_contri: ]
[forcedsplits_filename: ]
[refit_decay_rate: 0.9]
[cegb_tradeoff: 1]
[cegb_penalty_split: 0]
[cegb_penalty_feature_lazy: ]
[cegb_penalty_feature_coupled: ]
[path_smooth: 0]
[interaction_constraints: ]
[verbosity: -1]
[saved_feature_importance_type: 0]
[use_quantized_grad: 0]
[num_grad_quant_bins: 4]
[quant_train_renew_leaf: 0]
[stochastic_rounding: 1]
[linear_tree: 0]
[max_bin: 255]
[max_bin_by_feature: ]
[min_data_in_bin: 3]
[bin_construct_sample_cnt: 200000]
[data_random_seed: 175]
[is_enable_sparse: 1]
[enable_bundle: 1]
[use_missing: 1]
[zero_as_missing: 0]
[feature_pre_filter: 1]
[pre_partition: 0]
[two_round: 0]
[header: 0]
[label_column: ]
[weight_column: ]
[group_column: ]
[ignore_column: ]
[categorical_feature: ]
[forcedbins_filename: ]
[precise_float_parser: 0]
[parser_config_file: ]
[objective_seed: 16083]
[num_class: 1]
[is_unbalance: 0]
[scale_pos_weight: 1]
[sigmoid: 1]
[boost_from_average: 1]
[reg_sqrt: 0]
[alpha: 0.9]
[fair_c: 1]
[poisson_max_delta_step: 0.7]
[tweedie_variance_power: 1.5]
[lambdarank_truncation_level: 30]
[lambdarank_norm: 1]
[label_gain: ]
[lambdarank_position_bias_regularization: 0]
[eval_at: ]
[multi_error_top_k: 1]
[auc_mu_weights: ]
[num_machines: 1]
[local_listen_port: 12400]
[time_out: 120]
[machine_list_filename: ]
[machines: ]
[gpu_platform_id: -1]
[gpu_device_id: -1]
[gpu_use_dp: 0]
[num_gpu: 1]

end of parameters

pandas_categorical:[]
