tree
version=v4
num_class=1
num_tree_per_iteration=1
label_index=0
max_feature_idx=50
objective=binary sigmoid:1
feature_names=ExternalRiskEstimate_lt=_63.5 ExternalRiskEstimate_lt=_65.5 ExternalRiskEstimate_lt=_67.5 ExternalRiskEstimate_lt=_70.5 ExternalRiskEstimate_lt=_73.5 ExternalRiskEstimate_lt=_74.5 ExternalRiskEstimate_lt=_75.5 ExternalRiskEstimate_lt=_78.5 ExternalRiskEstimate_lt=_80.5 ExternalRiskEstimate_lt=_81.5 ExternalRiskEstimate_lt=_84.5 MSinceOldestTradeOpen_lt=_134.5 MSinceOldestTradeOpen_lt=_288.5 AverageMInFile_lt=_48.5 AverageMInFile_lt=_49.5 AverageMInFile_lt=_56.5 AverageMInFile_lt=_59.5 AverageMInFile_lt=_63.5 AverageMInFile_lt=_74.5 AverageMInFile_lt=_75.5 AverageMInFile_lt=_97.5 NumSatisfactoryTrades_lt=_6.5 NumSatisfactoryTrades_lt=_9.5 NumSatisfactoryTrades_lt=_14.5 NumSatisfactoryTrades_lt=_18.5 NumSatisfactoryTrades_lt=_20.5 NumSatisfactoryTrades_lt=_26.5 PercentTradesNeverDelq_lt=_76.5 PercentTradesNeverDelq_lt=_78.5 PercentTradesNeverDelq_lt=_83.5 PercentTradesNeverDelq_lt=_91.5 PercentTradesNeverDelq_lt=_92.5 PercentTradesNeverDelq_lt=_95.5 MaxDelq2PublicRecLast12M_lt=_5.5 PercentInstallTrades_lt=_45.5 PercentInstallTrades_lt=_47.5 MSinceMostRecentInqexcl7days_lt=_-7.5 MSinceMostRecentInqexcl7days_lt=_0.5 MSinceMostRecentInqexcl7days_lt=_1.5 NetFractionRevolvingBurden_lt=_35.5 NetFractionRevolvingBurden_lt=_37.5 NetFractionRevolvingBurden_lt=_47.5 NetFractionRevolvingBurden_lt=_57.5 NetFractionRevolvingBurden_lt=_71.5 PercentTradesWBalance_lt=_43.5 PercentTradesWBalance_lt=_47.5 PercentTradesWBalance_lt=_66.5 PercentTradesWBalance_lt=_73.5 PercentTradesWBalance_lt=_80.5 PercentTradesWBalance_lt=_86.5 NumRevolvingTradesWBalance_lt=_1.5
feature_infos=[0:1] [0:1] [0:1] [0:1] [0:1] [0:1] [0:1] [0:1] [0:1] [0:1] [0:1] [0:1] [0:1] [0:1] [0:1] [0:1] [0:1] [0:1] [0:1] [0:1] [0:1] [0:1] [0:1] [0:1] [0:1] [0:1] [0:1] [0:1] [0:1] [0:1] [0:1] [0:1] [0:1] [0:1] [0:1] [0:1] [0:1] [0:1] [0:1] [0:1] [0:1] [0:1] [0:1] [0:1] [0:1] [0:1] [0:1] [0:1] [0:1] [0:1] [0:1]
tree_sizes=1013 1018 1013 1017 1021 1011 1016 1016 1019 1014 1023 1021 1011 1022 1019 1020 1024 1016 1023 1023 1023 1021 1023 1013 1019

Tree=0
num_leaves=8
num_cat=0
split_feature=5 2 45 9 37 23 11
split_gain=1324.43 138.635 106.371 86.442 70.4804 53.6725 19.6288
threshold=1.0000000180025095e-35 1.0000000180025095e-35 1.0000000180025095e-35 1.0000000180025095e-35 1.0000000180025095e-35 1.0000000180025095e-35 1.0000000180025095e-35
decision_type=2 2 2 2 2 2 2
left_child=3 4 -3 6 -2 -5 -1
right_child=1 2 -4 5 -6 -7 -8
leaf_value=0.053881432267219365 -0.046806475511535738 -0.19338017742234548 -0.10412911302370191 0.00071857582331144587 -0.13167318015720481 -0.085850061613389594 -0.015680757054797281
leaf_weight=360.5549843609333 136.98594215512276 651.24464303255081 168.42533871531487 289.94110161066055 336.10212036967278 95.066746741533279 49.404766023159027
leaf_count=1445 549 2610 675 1162 1347 381 198
internal_value=-0.0877819 -0.150226 -0.175083 0.0137139 -0.107065 -0.0205967 0.0456942
internal_weight=2087.73 1292.76 819.67 794.968 473.088 385.008 409.96
internal_count=8367 5181 3285 3186 1896 1543 1643
is_linear=0
shrinkage=1


Tree=1
num_leaves=8
num_cat=0
split_feature=4 7 47 0 37 3 14
split_gain=1075.43 98.0798 97.2529 46.2107 44.5024 34.9852 33.3145
threshold=1.0000000180025095e-35 1.0000000180025095e-35 1.0000000180025095e-35 1.0000000180025095e-35 1.0000000180025095e-35 1.0000000180025095e-35 1.0000000180025095e-35
decision_type=2 2 2 2 2 2 2
left_child=1 6 3 -2 -3 -4 -1
right_child=2 4 5 -5 -6 -7 -8
leaf_value=0.11517983440934979 -0.063078504073155336 0.095191566676924855 0.013912408491801118 -0.11935153117247772 0.0096401529919605215 -0.044379595921486013 0.0054158163872563385
leaf_weight=546.93203993141651 325.00818286836147 88.71616430580616 128.84425356984138 271.45426785945892 189.49625542759895 503.58148224651814 29.227383136749268
leaf_count=2189 1308 355 517 1096 759 2026 117
internal_value=-8.42297e-06 0.0861041 -0.0598986 -0.0888457 0.0371639 -0.0325005 0.109631
internal_weight=2083.26 854.372 1228.89 596.462 278.212 632.426 576.159
internal_count=8367 3420 4947 2404 1114 2543 2306
is_linear=0
shrinkage=0.1


Tree=2
num_leaves=8
num_cat=0
split_feature=5 2 45 8 26 21 22
split_gain=878.274 98.6304 81.4453 60.7532 57.8421 35.193 19.7291
threshold=1.0000000180025095e-35 1.0000000180025095e-35 1.0000000180025095e-35 1.0000000180025095e-35 1.0000000180025095e-35 1.0000000180025095e-35 1.0000000180025095e-35
decision_type=2 2 2 2 2 2 2
left_child=3 4 -3 6 -2 -5 -1
right_child=1 2 -4 5 -6 -7 -8
leaf_value=0.11417985575247458 0.036925390584344145 -0.088674316476962584 -0.010357072560176877 0.057608945299476771 -0.03844371555124481 -0.085753515012144954 0.050364631166798429
leaf_weight=400.50659923255444 147.33327513933182 640.26565144956112 167.82296821475029 317.78187988698483 324.16249388456345 17.230695903301239 57.700532302260399
leaf_count=1612 592 2610 675 1273 1304 69 232
internal_value=-1.62781e-05 -0.0512543 -0.0724424 0.082599 -0.014864 0.0500021 0.106271
internal_weight=2072.8 1279.58 808.089 793.22 471.496 335.013 458.207
internal_count=8367 5181 3285 3186 1896 1342 1844
is_linear=0
shrinkage=0.1


Tree=3
num_leaves=8
num_cat=0
split_feature=4 42 7 34 37 14 37
split_gain=719.316 77.8972 68.5932 44.5331 35.8683 25.692 25.6025
threshold=1.0000000180025095e-35 1.0000000180025095e-35 1.0000000180025095e-35 1.0000000180025095e-35 1.0000000180025095e-35 1.0000000180025095e-35 1.0000000180025095e-35
decision_type=2 2 2 2 2 2 2
left_child=2 6 5 -3 -4 -1 -2
right_child=1 3 4 -5 -6 -7 -8
leaf_value=0.095540224644388466 -0.038256226580387 -0.07325040495465715 0.082045022663298481 -0.017756711580959952 0.0051571729805823408 -0.00074625042131031265 -0.09797036280707834
leaf_weight=538.86432638764381 94.76676282286644 189.29007411003113 88.380988717079163 606.8407429754734 189.36394010484219 29.195112928748131 320.68563997745514
leaf_count=2189 389 774 355 2463 759 117 1321
internal_value=-1.95205e-05 -0.0494081 0.0707026 -0.0310264 0.0298302 0.090599 -0.0844738
internal_weight=2057.39 1211.58 845.804 796.131 277.745 568.059 415.452
internal_count=8367 4947 3420 3237 1114 2306 1710
is_linear=0
shrinkage=0.1


Tree=4
num_leaves=8
num_cat=0
split_feature=5 2 45 37 16 41 37
split_gain=589.791 77.8079 62.1758 51.3929 49.7206 44.1353 21.1514
threshold=1.0000000180025095e-35 1.0000000180025095e-35 1.0000000180025095e-35 1.0000000180025095e-35 1.0000000180025095e-35 1.0000000180025095e-35 1.0000000180025095e-35
decision_type=2 2 2 2 2 2 2
left_child=4 3 -3 -2 5 -1 -6
right_child=1 2 -4 -5 6 -7 -8
leaf_value=-0.015017858410528493 0.041433803313203232 -0.075923621538560082 -0.0072492818288862398 -0.031210758637867365 0.070405129640419034 0.085855349997506422 -0.02109403466846245
leaf_weight=46.349186941981316 136.62970633804798 623.75429731607437 167.3814650028944 332.2729090154171 35.803375050425529 617.85345514118671 79.648931786417961
leaf_count=187 549 2610 675 1347 145 2533 321
internal_value=-2.09243e-05 -0.0423091 -0.0614216 -0.0100003 0.0682898 0.0788043 0.00764206
internal_weight=2039.69 1260.04 791.136 468.903 779.655 664.203 115.452
internal_count=8367 5181 3285 1896 3186 2720 466
is_linear=0
shrinkage=0.1


Tree=5
num_leaves=8
num_cat=0
split_feature=3 7 36 37 37 38 0
split_gain=490.395 94.7608 53.0776 58.7117 43.3068 25.485 17.3513
threshold=1.0000000180025095e-35 1.0000000180025095e-35 1.0000000180025095e-35 1.0000000180025095e-35 1.0000000180025095e-35 1.0000000180025095e-35 1.0000000180025095e-35
decision_type=2 2 2 2 2 2 2
left_child=1 5 3 -2 -3 -1 -4
right_child=2 4 6 -5 -6 -7 -8
leaf_value=0.10815491695928266 -0.013617338358216803 0.060198513374893362 0.13579449720792314 -0.074342077640373455 -0.0046731483806110828 0.061510612041940207 -0.0013763282847697998
leaf_weight=174.0175314694643 211.91182720661163 148.51284354925156 8.9774244129657728 645.63840581476688 329.72355511784554 378.822479814291 121.49727067351341
leaf_count=727 881 601 37 2720 1331 1579 491
internal_value=-1.90098e-05 0.0482009 -0.0503379 -0.0593695 0.0155559 0.0763616 0.0090229
internal_weight=2019.1 1031.08 988.025 857.55 478.236 552.84 130.475
internal_count=8367 4238 4129 3601 1932 2306 528
is_linear=0
shrinkage=0.1


Tree=6
num_leaves=8
num_cat=0
split_feature=3 17 36 24 40 37 0
split_gain=402.327 83.5094 44.1858 49.7401 43.0532 23.3074 14.0986
threshold=1.0000000180025095e-35 1.0000000180025095e-35 1.0000000180025095e-35 1.0000000180025095e-35 1.0000000180025095e-35 1.0000000180025095e-35 1.0000000180025095e-35
decision_type=2 2 2 2 2 2 2
left_child=1 4 3 -2 -1 -3 -4
right_child=2 5 6 -5 -6 -7 -8
leaf_value=0.011003927032015361 -0.030737302803980272 0.040318351494005186 0.12149640206029791 -0.079351825178665208 0.071024816981579114 -0.027702467756596905 -0.0012399996323162374
leaf_weight=147.75855550169945 438.4147571772337 70.463152915239334 9.1384760141372663 407.5301566272974 633.25635574758053 169.84950482845306 121.48103924095631
leaf_count=601 1856 289 37 1745 2658 690 491
internal_value=-5.46933e-06 0.043854 -0.0458733 -0.0542232 0.0596982 -0.00767335 0.0082048
internal_weight=1997.89 1021.33 976.564 845.945 781.015 240.313 130.62
internal_count=8367 4238 4129 3601 3259 979 528
is_linear=0
shrinkage=0.1


Tree=7
num_leaves=8
num_cat=0
split_feature=6 48 37 38 36 13 41
split_gain=339.813 69.7382 41.4107 33.4058 39.4652 29.0514 11.4361
threshold=1.0000000180025095e-35 1.0000000180025095e-35 1.0000000180025095e-35 1.0000000180025095e-35 1.0000000180025095e-35 1.0000000180025095e-35 1.0000000180025095e-35
decision_type=2 2 2 2 2 2 2
left_child=3 5 -3 6 -5 -2 -1
right_child=1 2 -4 4 -6 -7 -8
leaf_value=-0.011878665464490401 -0.045728219978747806 0.024414117788302103 -0.026391043116489016 0.030590397033559098 0.11418952329019581 -0.10256562007454356 0.095507328465530283
leaf_weight=10.219449773430823 296.75166840851307 212.03347398340702 650.00202934443951 415.68582534790039 64.659622043371201 130.3959528952837 197.46015936136246
leaf_count=42 1282 875 2714 1752 277 570 855
internal_value=-3.33947e-06 -0.030284 -0.0138808 0.0566966 0.0420576 -0.0632781 0.0901915
internal_weight=1977.21 1289.18 862.036 688.025 480.345 427.148 207.68
internal_count=8367 5441 3589 2926 2029 1852 897
is_linear=0
shrinkage=0.1


Tree=8
num_leaves=8
num_cat=0
split_feature=3 17 42 10 34 26 19
split_gain=283.136 64.2838 39.2909 33.9272 26.7802 19.9179 15.1984
threshold=1.0000000180025095e-35 1.0000000180025095e-35 1.0000000180025095e-35 1.0000000180025095e-35 1.0000000180025095e-35 1.0000000180025095e-35 1.0000000180025095e-35
decision_type=2 2 2 2 2 2 2
left_child=1 3 6 -1 -4 -3 -2
right_child=2 5 4 -5 -6 -7 -8
leaf_value=0.084794553322410149 -0.03902674858724603 0.051420331035731237 -0.061552206102572296 0.037914028193599382 -0.011823637721353275 -0.022037756817861565 -0.082215681985917027
leaf_weight=216.29932615160942 136.43362128734589 44.557591050863266 140.40042147040367 546.58624581992626 465.58913911879063 193.84016951918602 213.58056782186031
leaf_count=964 602 183 616 2295 1953 796 958
internal_value=5.09724e-06 0.0371509 -0.0388982 0.0512996 -0.0234276 -0.00815068 -0.06554
internal_weight=1957.29 1001.28 956.004 762.886 605.99 238.398 350.014
internal_count=8367 4238 4129 3259 2569 979 1560
is_linear=0
shrinkage=0.1


Tree=9
num_leaves=8
num_cat=0
split_feature=5 37 36 21 0 38 9
split_gain=237.538 48.6878 52.004 34.8394 32.0687 29.1532 6.54262
threshold=1.0000000180025095e-35 1.0000000180025095e-35 1.0000000180025095e-35 1.0000000180025095e-35 1.0000000180025095e-35 1.0000000180025095e-35 1.0000000180025095e-35
decision_type=2 2 2 2 2 2 2
left_child=3 4 -3 5 -2 -1 -5
right_child=1 2 -4 6 -6 -7 -8
leaf_value=0.081236792198342678 0.030713177779086789 -0.048442008636122864 0.018172522825309914 -0.0038566246667315167 -0.042191942368122626 0.036423418283594848 -0.086671603987291734
leaf_weight=208.18347288668156 199.47496555745602 782.1814047396183 137.27557772397995 18.022686183452606 85.339923486113548 486.87235963344574 19.502911761403084
leaf_count=934 823 3428 557 79 373 2094 79
internal_value=6.70657e-07 -0.0273064 -0.0384875 0.0448662 0.00879721 0.0499434 -0.04803
internal_weight=1936.85 1204.27 919.457 732.581 284.815 695.056 37.5256
internal_count=8367 5181 3985 3186 1196 3028 158
is_linear=0
shrinkage=0.1


Tree=10
num_leaves=8
num_cat=0
split_feature=3 13 32 43 37 19 23
split_gain=199.068 52.1326 47.2124 33.1196 20.5535 10.4666 8.72858
threshold=1.0000000180025095e-35 1.0000000180025095e-35 1.0000000180025095e-35 1.0000000180025095e-35 1.0000000180025095e-35 1.0000000180025095e-35 1.0000000180025095e-35
decision_type=2 2 2 2 2 2 2
left_child=1 2 -1 5 -5 -2 -3
right_child=3 6 -4 4 -6 -7 -8
leaf_value=0.052272337709835852 -0.038300697758835468 0.00050676111653360427 -0.001426381385172685 0.0088335937117976129 -0.031757673162410828 -0.085418318885442365 -0.060942240325171232
leaf_weight=666.82372023165226 77.710377186536789 37.13063956797123 216.84040488302708 159.30301886796951 567.85972753167152 130.39668676257133 60.172865554690361
leaf_count=2930 353 152 909 674 2487 615 247
internal_value=6.98488e-07 0.0314565 0.0391086 -0.0329904 -0.0228652 -0.0680912 -0.0377269
internal_weight=1916.24 980.968 883.664 935.27 727.163 208.107 97.3035
internal_count=8367 4238 3839 4129 3161 968 399
is_linear=0
shrinkage=0.1


Tree=11
num_leaves=8
num_cat=0
split_feature=7 0 26 44 22 10 50
split_gain=167.733 56.9681 54.2339 39.485 22.5332 13.8859 6.94187
threshold=1.0000000180025095e-35 1.0000000180025095e-35 1.0000000180025095e-35 1.0000000180025095e-35 1.0000000180025095e-35 1.0000000180025095e-35 1.0000000180025095e-35
decision_type=2 2 2 2 2 2 2
left_child=4 2 -2 -3 5 -1 -6
right_child=1 3 -4 -5 6 -7 -8
leaf_value=0.078674274786029882 0.033112952775627667 -0.062998158642002186 -0.019529835010903884 0.00055173057880582299 0.03194940617826296 0.042245570277753351 -0.034129995362851939
leaf_weight=181.99718488752842 284.00846798717976 352.08748349547386 623.57935775816441 135.1843060106039 26.560001194477081 257.35400390625 36.620872646570206
leaf_count=867 1193 1652 2665 551 118 1161 160
internal_value=-1.11545e-05 -0.0178594 -0.00303819 -0.0454024 0.0494666 0.0574802 -0.00628652
internal_weight=1897.39 1394.86 907.588 487.272 502.532 439.351 63.1809
internal_count=8367 6061 3858 2203 2306 2028 278
is_linear=0
shrinkage=0.1


Tree=12
num_leaves=8
num_cat=0
split_feature=6 26 36 1 38 36 42
split_gain=140.404 43.032 34.7581 33.1618 25.9455 33.6844 10.6393
threshold=1.0000000180025095e-35 1.0000000180025095e-35 1.0000000180025095e-35 1.0000000180025095e-35 1.0000000180025095e-35 1.0000000180025095e-35 1.0000000180025095e-35
decision_type=2 2 2 2 2 2 2
left_child=4 3 -3 -2 6 -6 -1
right_child=1 2 -4 -5 5 -7 -8
leaf_value=-0.074574619322085436 0.036863725531398002 -0.03928206178649106 0.015926083855427344 -0.026782560292898629 0.014296300851596189 0.095012572817926577 0.072858216176711676
leaf_weight=4.2593180686235419 198.65539140999317 766.71710905432701 133.36996115744114 137.84093908965588 395.41712243855 58.582005649805069 183.32876922190189
leaf_count=18 823 3447 542 629 1752 277 879
internal_value=-5.32477e-06 -0.0196964 -0.031093 0.0107898 0.0379186 0.0248975 0.069133
internal_weight=1878.17 1236.58 900.087 336.496 641.587 453.999 187.588
internal_count=8367 5441 3989 1452 2926 2029 897
is_linear=0
shrinkage=0.1


Tree=13
num_leaves=8
num_cat=0
split_feature=3 17 43 38 34 35 19
split_gain=118.232 38.4298 26.0569 24.8441 18.4733 13.9065 9.25291
threshold=1.0000000180025095e-35 1.0000000180025095e-35 1.0000000180025095e-35 1.0000000180025095e-35 1.0000000180025095e-35 1.0000000180025095e-35 1.0000000180025095e-35
decision_type=2 2 2 2 2 2 2
left_child=1 3 6 -1 -4 -3 -2
right_child=2 5 4 -5 -6 -7 -8
leaf_value=0.065530517057502541 -0.029690717584712728 -0.05180523790857338 -0.046389050192826839 0.024263487067939432 -0.0080498758403251408 0.0037666893309738084 -0.074921136795371782
leaf_weight=203.83879308402538 74.788717299699783 59.741377726197243 162.24443529546261 515.22511364519596 548.79667423665524 173.64320047199726 121.78128264844418
leaf_count=974 353 250 761 2285 2400 729 615
internal_value=6.46653e-06 0.0246051 -0.0258061 0.0360365 -0.0168509 -0.0106189 -0.0579498
internal_weight=1860.06 952.448 907.611 719.064 711.041 233.385 196.57
internal_count=8367 4238 4129 3259 3161 979 968
is_linear=0
shrinkage=0.1


Tree=14
num_leaves=8
num_cat=0
split_feature=7 37 36 28 22 10 50
split_gain=102.949 44.6674 40.2885 24.5732 18.7779 12.1835 5.56358
threshold=1.0000000180025095e-35 1.0000000180025095e-35 1.0000000180025095e-35 1.0000000180025095e-35 1.0000000180025095e-35 1.0000000180025095e-35 1.0000000180025095e-35
decision_type=2 2 2 2 2 2 2
left_child=4 3 -3 -2 5 -1 -6
right_child=1 2 -4 -5 6 -7 -8
leaf_value=0.068083553655603632 0.026944577554721062 -0.032545112152010135 0.024146472194112423 -0.056304887373764927 0.023674616655847743 0.033064278272038061 -0.03618671204359248
leaf_weight=169.78186194598675 302.49169461429119 877.04597452282906 145.48613448441029 39.202100172638893 25.718976736068726 247.25850234925747 36.265821307897568
leaf_count=867 1306 3987 592 176 118 1161 160
internal_value=-2.78829e-06 -0.0140087 -0.0244633 0.017257 0.0398312 0.0474498 -0.0113673
internal_weight=1843.25 1364.23 1022.53 341.694 479.025 417.04 61.9848
internal_count=8367 6061 4579 1482 2306 2028 278
is_linear=0
shrinkage=0.1


Tree=15
num_leaves=8
num_cat=0
split_feature=2 17 36 37 45 19 38
split_gain=86.6906 46.0854 26.147 22.0853 19.8657 16.8448 6.48366
threshold=1.0000000180025095e-35 1.0000000180025095e-35 1.0000000180025095e-35 1.0000000180025095e-35 1.0000000180025095e-35 1.0000000180025095e-35 1.0000000180025095e-35
decision_type=2 2 2 2 2 2 2
left_child=1 2 -1 -3 5 -2 -6
right_child=4 3 -4 -5 6 -7 -8
leaf_value=0.024248634968552257 -0.014113360968169409 0.026490301797567235 0.090450653693525826 -0.032482565341296614 0.082604100546552109 -0.050867925876525139 -0.0022256094805926737
leaf_weight=756.00802837312222 200.98098215460777 87.952914386987686 63.997412845492363 221.83261512219906 8.5591391921043378 331.89042195677757 156.13517135381699
leaf_count=3447 957 375 313 947 35 1653 640
internal_value=5.20202e-06 0.0171152 0.0295193 -0.0157079 -0.0276913 -0.0370578 0.0026549
internal_weight=1827.36 1129.79 820.005 309.786 697.566 532.871 164.694
internal_count=8367 5082 3760 1322 3285 2610 675
is_linear=0
shrinkage=0.1


Tree=16
num_leaves=8
num_cat=0
split_feature=7 48 30 13 22 10 36
split_gain=74.9503 38.2145 25.0218 18.9594 15.7595 10.2566 4.62467
threshold=1.0000000180025095e-35 1.0000000180025095e-35 1.0000000180025095e-35 1.0000000180025095e-35 1.0000000180025095e-35 1.0000000180025095e-35 1.0000000180025095e-35
decision_type=2 2 2 2 2 2 2
left_child=4 3 -3 -2 5 -1 -6
right_child=1 2 -4 -5 6 -7 -8
leaf_value=0.061232536714878084 -0.023964776873890443 0.013783673357876293 -0.018918953347165299 -0.072197549891924603 -0.024164730511128815 0.028517430665481465 0.04898884001336487
leaf_weight=161.68933606147766 289.98197546601295 519.31736797094345 424.13479439914227 113.37853400409222 52.128499135375023 242.04361505806446 9.3611850142478925
leaf_count=867 1373 2245 1860 583 233 1161 45
internal_value=7.84211e-06 -0.0119471 -0.000922461 -0.0376673 0.0345685 0.0417383 -0.0124221
internal_weight=1812.04 1346.81 943.452 403.361 465.223 403.733 61.4897
internal_count=8367 6061 4105 1956 2306 2028 278
is_linear=0
shrinkage=0.1


Tree=17
num_leaves=8
num_cat=0
split_feature=40 32 13 38 36 36 21
split_gain=66.4036 54.3489 47.1026 24.8548 23.0455 11.0234 9.90992
threshold=1.0000000180025095e-35 1.0000000180025095e-35 1.0000000180025095e-35 1.0000000180025095e-35 1.0000000180025095e-35 1.0000000180025095e-35 1.0000000180025095e-35
decision_type=2 2 2 2 2 2 2
left_child=3 2 -2 6 -5 -3 -1
right_child=1 5 -4 4 -6 -7 -8
leaf_value=0.019058126935828285 0.046364433607307298 -0.018267128740946669 -0.030766824403608811 -0.038143995419455103 0.078140657175843828 0.015391443669813615 -0.10025718423316941
leaf_weight=132.76333729922771 525.40927952528 371.07478947937489 92.472121328115463 521.85564145445824 16.710425287485123 130.90497019886971 6.3562191426753989
leaf_count=590 2559 1666 401 2513 72 536 30
internal_value=8.98698e-06 0.0149566 0.0347899 -0.0246773 -0.0343978 -0.00947658 0.0129301
internal_weight=1797.55 1119.86 617.881 677.686 538.566 501.98 139.12
internal_count=8367 5162 2960 3205 2585 2202 620
is_linear=0
shrinkage=0.1


Tree=18
num_leaves=8
num_cat=0
split_feature=0 38 36 44 12 25 24
split_gain=61.1646 40.8955 53.5047 18.6482 19.8492 16.8591 0.987847
threshold=1.0000000180025095e-35 1.0000000180025095e-35 1.0000000180025095e-35 1.0000000180025095e-35 1.0000000180025095e-35 1.0000000180025095e-35 1.0000000180025095e-35
decision_type=2 2 2 2 2 2 2
left_child=1 5 -3 4 -2 -1 -5
right_child=3 2 -4 6 -6 -7 -8
leaf_value=0.061724837958980809 0.020474579697052034 -0.0056703822632799637 0.085278553195211215 -0.032965307459587888 -0.054435960080604466 0.016492873391231205 0.0016307808766334157
leaf_weight=180.33383639156818 40.000406354665756 928.10718055069447 68.52422271668911 7.8212087005376807 276.99435840547085 152.82681488990784 127.30545669794083
leaf_count=868 197 4219 350 33 1455 727 518
internal_value=8.63789e-06 0.0108134 0.0006621 -0.0317243 -0.0449486 0.0410876 -0.000599117
internal_weight=1781.91 1329.79 996.631 452.121 316.995 333.161 135.127
internal_count=8367 6164 4569 2203 1652 1595 551
is_linear=0
shrinkage=0.1


Tree=19
num_leaves=8
num_cat=0
split_feature=19 29 46 41 0 38 36
split_gain=55.4976 41.2653 31.3471 21.0302 15.267 13.6861 6.15588
threshold=1.0000000180025095e-35 1.0000000180025095e-35 1.0000000180025095e-35 1.0000000180025095e-35 1.0000000180025095e-35 1.0000000180025095e-35 1.0000000180025095e-35
decision_type=2 2 2 2 2 2 2
left_child=1 3 4 -1 -2 -4 -3
right_child=2 6 5 -5 -6 -7 -8
leaf_value=-0.0017174009315323849 -0.022219887124556553 -0.034497188277568834 0.040144518888554727 0.039224317833858963 -0.060610534618304651 -0.0056065625451960184 0.053599924023240854
leaf_weight=165.72252683341503 335.66296009719372 136.3215446472168 77.870145201683044 514.38029797375202 150.28033426403999 381.48831951618195 7.5438014417886725
leaf_count=747 1543 650 366 2528 851 1650 32
internal_value=1.23233e-05 0.0189702 -0.0165149 0.0292601 -0.0341925 0.00221949 -0.0295396
internal_weight=1769.27 823.968 945.302 680.103 485.943 459.358 143.865
internal_count=8367 3957 4410 3275 2394 2016 682
is_linear=0
shrinkage=0.1


Tree=20
num_leaves=8
num_cat=0
split_feature=19 31 49 40 38 36 26
split_gain=45.4323 35.2388 26.9559 18.8866 17.0148 11.0036 7.53232
threshold=1.0000000180025095e-35 1.0000000180025095e-35 1.0000000180025095e-35 1.0000000180025095e-35 1.0000000180025095e-35 1.0000000180025095e-35 1.0000000180025095e-35
decision_type=2 2 2 2 2 2 2
left_child=1 3 6 -1 -4 -3 -2
right_child=2 5 4 -5 -6 -7 -8
leaf_value=0.0036842729368121887 0.003419113175631604 -0.016174624797448647 0.024644575989218584 0.044478502750871118 -0.013816388597670596 0.073587141329788219 -0.057203366589047094
leaf_weight=162.76620249450207 23.390069648623466 265.09365011751652 140.42911519110203 375.33927005529404 615.9240728020668 13.414240300655363 158.60858391225338
leaf_count=719 118 1242 653 1937 2787 59 852
internal_value=8.05617e-06 0.0172442 -0.0149943 0.0321688 -0.00665238 -0.0116035 -0.0494362
internal_weight=1754.97 816.613 938.352 538.105 756.353 278.508 181.999
internal_count=8367 3957 4410 2656 3440 1301 970
is_linear=0
shrinkage=0.1


Tree=21
num_leaves=8
num_cat=0
split_feature=42 32 13 36 25 38 0
split_gain=39.0669 33.6601 37.1351 12.4392 12.077 4.83164 2.58906
threshold=1.0000000180025095e-35 1.0000000180025095e-35 1.0000000180025095e-35 1.0000000180025095e-35 1.0000000180025095e-35 1.0000000180025095e-35 1.0000000180025095e-35
decision_type=2 2 2 2 2 2 2
left_child=4 2 -2 -3 5 -1 -6
right_child=1 3 -4 -5 6 -7 -8
leaf_value=0.026295836394738894 0.032092270192825942 -0.016516831190547157 -0.027263314160901553 0.017576644839635138 -0.034707964008753742 -0.017039529148107312 -0.0580973890537263
leaf_weight=31.553154215216637 620.44670037925243 500.45057882368565 126.13435132801533 135.1706221550703 116.21583159267902 122.50068958103657 89.367583110928535
leaf_count=141 3079 2310 566 556 558 619 538
internal_value=1.24825e-05 0.00765512 0.0220411 -0.00925032 -0.0293004 -0.00805128 -0.0451074
internal_weight=1741.84 1382.2 746.581 635.621 359.637 154.054 205.583
internal_count=8367 6511 3645 2866 1856 760 1096
is_linear=0
shrinkage=0.1


Tree=22
num_leaves=8
num_cat=0
split_feature=38 20 39 27 50 25 40
split_gain=35.8843 28.2402 21.7257 19.6843 18.0118 12.3147 2.69761
threshold=1.0000000180025095e-35 1.0000000180025095e-35 1.0000000180025095e-35 1.0000000180025095e-35 1.0000000180025095e-35 1.0000000180025095e-35 1.0000000180025095e-35
decision_type=2 2 2 2 2 2 2
left_child=3 4 -3 5 -2 -1 -5
right_child=1 2 -4 6 -6 -7 -8
leaf_value=0.050217893909895173 0.032590956528587449 -0.032121671414876311 -0.0031511067252689138 -0.016679726356004464 -0.03174284585379105 0.012319242340925379 -0.079648623864680676
leaf_weight=196.54168398678303 229.34120872616768 438.03475610911846 631.35158233344555 12.937614277005196 52.810106247663498 152.97100776433945 15.081239640712738
leaf_count=981 1122 2234 2873 66 266 756 69
internal_value=4.29243e-06 -0.00761249 -0.0150368 0.0272199 0.0204801 0.0337133 -0.0521497
internal_weight=1729.07 1351.54 1069.39 377.532 282.151 349.513 28.0189
internal_count=8367 6495 5107 1872 1388 1737 135
is_linear=0
shrinkage=0.1


Tree=23
num_leaves=8
num_cat=0
split_feature=0 36 23 12 44 27 32
split_gain=32.4177 30.1664 34.2478 11.446 15.4664 5.41561 2.48714
threshold=1.0000000180025095e-35 1.0000000180025095e-35 1.0000000180025095e-35 1.0000000180025095e-35 1.0000000180025095e-35 1.0000000180025095e-35 1.0000000180025095e-35
decision_type=2 2 2 2 2 2 2
left_child=1 2 -1 5 -5 -2 -3
right_child=3 6 -4 4 -6 -7 -8
leaf_value=0.014943531449801829 0.050309299828716486 0.060252218539877757 -0.022042019933647929 -0.04342422961732207 -0.0013977890917739625 -0.025033882730291418 0.10859709077528437
leaf_weight=877.96525314450264 27.927937015891075 46.811558172106743 349.10454788804054 255.5782665759325 133.04198859632015 13.490508392453192 16.818478107452393
leaf_count=4150 136 274 1664 1455 543 69 76
internal_value=-1.66379e-06 0.0079226 0.00441167 -0.0237484 -0.0290772 0.0257574 0.0745131
internal_weight=1720.74 1290.7 1227.07 430.039 388.62 41.4184 63.63
internal_count=8367 6164 5814 2203 1998 205 350
is_linear=0
shrinkage=0.1


Tree=24
num_leaves=8
num_cat=0
split_feature=37 35 39 36 28 43 2
split_gain=29.5795 25.2122 22.1485 14.3848 14.1146 14.83 3.60591
threshold=1.0000000180025095e-35 1.0000000180025095e-35 1.0000000180025095e-35 1.0000000180025095e-35 1.0000000180025095e-35 1.0000000180025095e-35 1.0000000180025095e-35
decision_type=2 2 2 2 2 2 2
left_child=4 3 -3 -2 5 -1 -6
right_child=1 2 -4 -5 6 -7 -8
leaf_value=-0.028492496883755311 -0.041859647434211784 -0.020303085912566948 0.010577415255221715 0.070456813959349038 -0.097966105418503119 0.03232389480538065 -0.020998523786236161
leaf_weight=43.854508206248283 236.92117388546467 370.06289814412594 619.91140213608742 11.093496695160864 7.0294321328401557 394.04544344544411 28.868524760007858
leaf_count=208 1237 1861 2872 56 29 1956 148
internal_value=2.49414e-06 -0.00813027 -0.000974883 -0.0365731 0.021225 0.0261823 -0.0383167
internal_weight=1711.79 1237.99 989.974 248.015 473.798 437.9 35.898
internal_count=8367 6026 4733 1293 2341 2164 177
is_linear=0
shrinkage=0.1


end of trees

feature_importances:
MSinceMostRecentInqexcl7days_lt=_-7.5=17
MSinceMostRecentInqexcl7days_lt=_0.5=15
MSinceMostRecentInqexcl7days_lt=_1.5=12
ExternalRiskEstimate_lt=_63.5=9
ExternalRiskEstimate_lt=_70.5=6
ExternalRiskEstimate_lt=_78.5=6
AverageMInFile_lt=_75.5=6
ExternalRiskEstimate_lt=_67.5=5
AverageMInFile_lt=_48.5=5
NumSatisfactoryTrades_lt=_26.5=5
ExternalRiskEstimate_lt=_74.5=4
ExternalRiskEstimate_lt=_84.5=4
AverageMInFile_lt=_63.5=4
NumSatisfactoryTrades_lt=_9.5=4
PercentTradesNeverDelq_lt=_95.5=4
NetFractionRevolvingBurden_lt=_37.5=4
NetFractionRevolvingBurden_lt=_57.5=4
PercentTradesWBalance_lt=_47.5=4
NumSatisfactoryTrades_lt=_6.5=3
NumSatisfactoryTrades_lt=_14.5=3
NumSatisfactoryTrades_lt=_20.5=3
PercentInstallTrades_lt=_45.5=3
NetFractionRevolvingBurden_lt=_47.5=3
NetFractionRevolvingBurden_lt=_71.5=3
PercentTradesWBalance_lt=_43.5=3
NumRevolvingTradesWBalance_lt=_1.5=3
ExternalRiskEstimate_lt=_73.5=2
ExternalRiskEstimate_lt=_75.5=2
ExternalRiskEstimate_lt=_81.5=2
MSinceOldestTradeOpen_lt=_288.5=2
AverageMInFile_lt=_49.5=2
NumSatisfactoryTrades_lt=_18.5=2
PercentTradesNeverDelq_lt=_76.5=2
PercentTradesNeverDelq_lt=_78.5=2
PercentInstallTrades_lt=_47.5=2
NetFractionRevolvingBurden_lt=_35.5=2
PercentTradesWBalance_lt=_80.5=2
ExternalRiskEstimate_lt=_65.5=1
ExternalRiskEstimate_lt=_80.5=1
MSinceOldestTradeOpen_lt=_134.5=1
AverageMInFile_lt=_59.5=1
AverageMInFile_lt=_97.5=1
PercentTradesNeverDelq_lt=_83.5=1
PercentTradesNeverDelq_lt=_91.5=1
PercentTradesNeverDelq_lt=_92.5=1
PercentTradesWBalance_lt=_66.5=1
PercentTradesWBalance_lt=_73.5=1
PercentTradesWBalance_lt=_86.5=1

parameters:
[boosting: gbdt]
[objective: binary]
[metric: binary_logloss]
[tree_learner: serial]
[device_type: cpu]
[data_sample_strategy: bagging]
[data: ]
[valid: ]
[num_iterations: 25]
[learning_rate: 0.1]
[num_leaves: 31]
[num_threads: 8]
[seed: 42]
[deterministic: 0]
[force_col_wise: 0]
[force_row_wise: 0]
[histogram_pool_size: -1]
[max_depth: 3]
[min_data_in_leaf: 20]
[min_sum_hessian_in_leaf: 0.001]
[bagging_fraction: 1]
[pos_bagging_fraction: 1]
[neg_bagging_fraction: 1]
[bagging_freq: 0]
[bagging_seed: 400]
[bagging_by_query: 0]
[feature_fraction: 1]
[feature_fraction_bynode: 1]
[feature_fraction_seed: 30056]
[extra_trees: 0]
[extra_seed: 12879]
[early_stopping_round: 0]
[early_stopping_min_delta: 0]
[first_metric_only: 0]
[max_delta_step: 0]
[lambda_l1: 0]
[lambda_l2: 1]
[linear_lambda: 0]
[min_gain_to_split: 0]
[drop_rate: 0.1]
[max_drop: 50]
[skip_drop: 0.5]
[xgboost_dart_mode: 0]
[uniform_drop: 0]
[drop_seed: 17869]
[top_rate: 0.2]
[other_rate: 0.1]
[min_data_per_group: 100]
[max_cat_threshold: 32]
[cat_l2: 10]
[cat_smooth: 10]
[max_cat_to_onehot: 4]
[top_k: 20]
[monotone_constraints: ]
[monotone_constraints_method: basic]
[monotone_penalty: 0]
[feature_contri: ]
[forcedsplits_filename: ]
[refit_decay_rate: 0.9]
[cegb_tradeoff: 1]
[cegb_penalty_split: 0]
[cegb_penalty_feature_lazy: ]
[cegb_penalty_feature_coupled: ]
[path_smooth: 0]
[interaction_constraints: ]
[verbosity: -1]
[saved_feature_importance_type: 0]
[use_quantized_grad: 0]
[num_grad_quant_bins: 4]
[quant_train_renew_leaf: 0]
[stochastic_rounding: 1]
[linear_tree: 0]
[max_bin: 255]
[max_bin_by_feature: ]
[min_data_in_bin: 3]
[bin_construct_sample_cnt: 200000]
[data_random_seed: 175]
[is_enable_sparse: 1]
[enable_bundle: 1]
[use_missing: 1]
[zero_as_missing: 0]
[feature_pre_filter: 1]
[pre_partition: 0]
[two_round: 0]
[header: 0]
[label_column: ]
[weight_column: ]
[group_column: ]
[ignore_column: ]
[categorical_feature: ]
[forcedbins_filename: ]
[precise_float_parser: 0]
[parser_config_file: ]
[objective_seed: 16083]
[num_class: 1]
[is_unbalance: 0]
[scale_pos_weight: 1]
[sigmoid: 1]
[boost_from_average: 1]
[reg_sqrt: 0]
[alpha: 0.9]
[fair_c: 1]
[poisson_max_delta_step: 0.7]
[tweedie_variance_power: 1.5]
[lambdarank_truncation_level: 30]
[lambdarank_norm: 1]
[label_gain: ]
[lambdarank_position_bias_regularization: 0]
[eval_at: ]
[multi_error_top_k: 1]
[auc_mu_weights: ]
[num_machines: 1]
[local_listen_port: 12400]
[time_out: 120]
[machine_list_filename: ]
[machines: ]
[gpu_platform_id: -1]
[gpu_device_id: -1]
[gpu_use_dp: 0]
[num_gpu: 1]

end of parameters

pandas_categorical:[]
