tree
version=v4
num_class=1
num_tree_per_iteration=1
label_index=0
max_feature_idx=31
objective=binary sigmoid:1
feature_names=season_lt=_1.5 season_lt=_3.5 yr_lt=_0.5 mnth_lt=_3.5 mnth_lt=_4.5 hr_lt=_5.5 hr_lt=_6.5 hr_lt=_7.5 hr_lt=_8.5 hr_lt=_11.5 hr_lt=_15.5 hr_lt=_19.5 hr_lt=_20.5 hr_lt=_21.5 hr_lt=_22.5 weekday_lt=_3.5 weekday_lt=_4.5 weathersit_lt=_2.5 temp_lt=_0.3100000023841858 temp_lt=_0.32999999821186066 temp_lt=_0.3700000047683716 temp_lt=_0.39000000059604645 temp_lt=_0.45000000298023224 temp_lt=_0.4699999988079071 temp_lt=_0.48999999463558197 temp_lt=_0.5099999904632568 atemp_lt=_0.31059999763965607 atemp_lt=_0.3257499933242798 atemp_lt=_0.5985000133514404 hum_lt=_0.625 hum_lt=_0.7950000166893005 workingday_lt=_0.5
feature_infos=[0:1] [0:1] [0:1] [0:1] [0:1] [0:1] [0:1] [0:1] [0:1] [0:1] [0:1] [0:1] [0:1] [0:1] [0:1] [0:1] [0:1] [0:1] [0:1] [0:1] [0:1] [0:1] [0:1] [0:1] [0:1] [0:1] [0:1] [0:1] [0:1] [0:1] [0:1] [0:1]
tree_sizes=895 903 905 905 898 903 907 908 906 1019 1012 1020 1018 1019 1019 1018 1023 1013 1019 1022 1023 1021 1021 1025 1020

Tree=0
num_leaves=7
num_cat=0
split_feature=6 20 14 2 5 2
split_gain=4990.34 1452.91 515.783 265.684 29.252 40.8909
threshold=1.0000000180025095e-35 1.0000000180025095e-35 1.0000000180025095e-35 1.0000000180025095e-35 1.0000000180025095e-35 1.0000000180025095e-35
decision_type=2 2 2 2 2 2
left_child=1 2 -1 -3 5 -2
right_child=4 3 -4 -5 -6 -7
leaf_value=-0.10720773748454829 -0.094061561585856407 0.017288904963985791 0.1336016562898662 -0.1051940292676538 -0.19955032351452004 -0.2011031766378146
leaf_weight=93.249594256281853 73.74967910349369 329.24856738746166 1668.7427390366793 381.49834004044533 854.99627977609634 74.249676927924156
leaf_count=373 295 1317 6675 1526 3420 297
internal_value=-0.00417176 0.0721425 0.120806 -0.0485042 -0.192202 -0.148724
internal_weight=3475.73 2472.74 1761.99 710.747 1003 147.999
internal_count=13903 9891 7048 2843 4012 592
is_linear=0
shrinkage=1


Tree=1
num_leaves=7
num_cat=0
split_feature=6 22 12 14 5 2
split_gain=4077.47 1210.41 372.227 356.469 24.4072 34.1902
threshold=1.0000000180025095e-35 1.0000000180025095e-35 1.0000000180025095e-35 1.0000000180025095e-35 1.0000000180025095e-35 1.0000000180025095e-35
decision_type=2 2 2 2 2 2
left_child=1 3 -3 -1 5 -2
right_child=4 2 -4 -5 -6 -7
leaf_value=-0.081376071797302468 -0.081204475046348118 -0.14123920081519384 0.013765072253086217 0.13845006899385709 -0.17768367280609054 -0.17934290771899247
leaf_weight=77.277739495038986 73.587112054228783 190.5906798094511 808.81145843863487 1387.30013859272 846.54459357261658 73.504318669438362
leaf_count=310 295 764 3243 5574 3420 297
internal_value=-2.49091e-05 0.0689366 -0.0159066 0.126803 -0.17093 -0.131126
internal_weight=3457.62 2463.98 999.402 1464.58 993.636 147.091
internal_count=13903 9891 4007 5884 4012 592
is_linear=0
shrinkage=0.1


Tree=2
num_leaves=7
num_cat=0
split_feature=6 27 13 2 5 2
split_gain=3376.54 1024.6 462.135 142.823 21.6239 29.9192
threshold=1.0000000180025095e-35 1.0000000180025095e-35 1.0000000180025095e-35 1.0000000180025095e-35 1.0000000180025095e-35 1.0000000180025095e-35
decision_type=2 2 2 2 2 2
left_child=1 2 -1 -3 5 -2
right_child=4 3 -4 -5 -6 -7
leaf_value=-0.042631797902728842 -0.073607870636330772 -0.0021789139901656879 0.11413759463789196 -0.10626157246667228 -0.16425675712759077 -0.16603754109824279
leaf_weight=210.90332618355751 73.186518922448158 237.72751484811306 1699.1940977424383 295.10141961276531 825.28937458992004 71.626787513494492
leaf_count=854 295 952 6899 1186 3420 297
internal_value=-6.01115e-05 0.0626197 0.0968147 -0.059915 -0.157803 -0.12015
internal_weight=3413.03 2442.93 1910.1 532.829 970.103 144.813
internal_count=13903 9891 7753 2138 4012 592
is_linear=0
shrinkage=0.1


Tree=3
num_leaves=7
num_cat=0
split_feature=6 23 2 14 5 2
split_gain=2824.13 908.044 329.146 228.208 19.996 27.0402
threshold=1.0000000180025095e-35 1.0000000180025095e-35 1.0000000180025095e-35 1.0000000180025095e-35 1.0000000180025095e-35 1.0000000180025095e-35
decision_type=2 2 2 2 2 2
left_child=1 3 -3 -1 5 -2
right_child=4 2 -4 -5 -6 -7
leaf_value=-0.063259936422167248 -0.066883869763558534 0.045731109551356404 -0.065630326927754487 0.12103908666098438 -0.15371942308383846 -0.15564159835773117
leaf_weight=70.307205632328987 72.619701400399208 509.9086546599865 551.40041851997375 1281.7303601056337 795.26614844799042 68.971104070544243
leaf_count=285 295 2056 2237 5313 3420 297
internal_value=-0.000106271 0.0571003 -0.0121338 0.111416 -0.147374 -0.110907
internal_weight=3350.2 2413.35 1061.31 1352.04 936.857 141.591
internal_count=13903 9891 4293 5598 4012 592
is_linear=0
shrinkage=0.1


Tree=4
num_leaves=7
num_cat=0
split_feature=6 0 30 2 5 2
split_gain=2381.27 774.399 411.372 223.72 19.0649 25
threshold=1.0000000180025095e-35 1.0000000180025095e-35 1.0000000180025095e-35 1.0000000180025095e-35 1.0000000180025095e-35 1.0000000180025095e-35
decision_type=2 2 2 2 2 2
left_child=1 2 -1 -3 5 -2
right_child=4 3 -4 -5 -6 -7
leaf_value=-0.01842189869129816 -0.060876488708894394 0.014924285617629854 0.10801956064251061 -0.1062555349709416 -0.14522896752875236 -0.14731434607518878
leaf_weight=312.13955514132977 71.941849291324615 307.51957951486111 1456.7699308246374 300.51532305777073 759.4768300652504 65.801598832011223
leaf_count=1299 295 1248 6117 1227 3420 297
internal_value=-0.000140066 0.0522577 0.0857101 -0.0450438 -0.138857 -0.102933
internal_weight=3274.16 2376.94 1768.91 608.035 897.22 137.743
internal_count=13903 9891 7416 2475 4012 592
is_linear=0
shrinkage=0.1


Tree=5
num_leaves=7
num_cat=0
split_feature=6 18 13 11 5 2
split_gain=2018.4 694.745 380.696 97.4264 18.5766 23.4817
threshold=1.0000000180025095e-35 1.0000000180025095e-35 1.0000000180025095e-35 1.0000000180025095e-35 1.0000000180025095e-35 1.0000000180025095e-35
decision_type=2 2 2 2 2 2
left_child=1 2 -1 -3 5 -2
right_child=4 3 -4 -5 -6 -7
leaf_value=-0.05125396676037889 -0.055470431041288959 -0.14835068764882928 0.0892302484472106 -0.039303754492856266 -0.13823900978739831 -0.14051066799378928
leaf_weight=216.86884571611881 71.195193454623222 110.65170668065548 1702.8399356603622 312.3595764786005 720.16593754291534 62.316531836986542
leaf_count=889 295 456 7276 1270 3420 297
internal_value=-0.000189845 0.047782 0.0733414 -0.068111 -0.131739 -0.0959124
internal_weight=3196.4 2342.72 1919.71 423.011 853.678 133.512
internal_count=13903 9891 8165 1726 4012 592
is_linear=0
shrinkage=0.1


Tree=6
num_leaves=7
num_cat=0
split_feature=6 24 12 30 5 22
split_gain=1719.8 634.836 277.948 176.982 18.3796 22.869
threshold=1.0000000180025095e-35 1.0000000180025095e-35 1.0000000180025095e-35 1.0000000180025095e-35 1.0000000180025095e-35 1.0000000180025095e-35
decision_type=2 2 2 2 2 2
left_child=1 3 -3 -1 5 -2
right_child=4 2 -4 -5 -6 -7
leaf_value=0.00081215331609033178 -0.04435874871398976 -0.11626491630128442 0.012618965731410426 0.10885671107028071 -0.13237850415608524 -0.12944003291619485
leaf_weight=177.35430206358433 61.390033394098282 205.81867763400078 875.53974698483944 1043.9801057130098 679.01006877422333 67.686178103089333
leaf_count=762 281 854 3607 4668 3420 311
internal_value=-0.000245449 0.043805 -0.0119967 0.0931807 -0.125669 -0.0896266
internal_weight=3110.78 2302.69 1081.36 1221.33 808.086 129.076
internal_count=13903 9891 4461 5430 4012 592
is_linear=0
shrinkage=0.1


Tree=7
num_leaves=7
num_cat=0
split_feature=6 21 17 1 5 2
split_gain=1470.72 542.419 274.783 198.143 18.8607 24.1307
threshold=1.0000000180025095e-35 1.0000000180025095e-35 1.0000000180025095e-35 1.0000000180025095e-35 1.0000000180025095e-35 1.0000000180025095e-35
decision_type=2 2 2 2 2 2
left_child=1 2 -1 -3 5 -2
right_child=4 3 -4 -5 -6 -7
leaf_value=-0.066706382360628133 -0.042868102041098227 0.050599133646167527 0.087291390925569798 -0.062730917854795815 -0.12738579391140517 -0.13168221079040038
leaf_weight=125.66014578938484 68.950427621603012 217.01711916923523 1391.6957489103079 527.43815100193024 637.25396990776062 56.201514601707458
leaf_count=545 295 888 6284 2174 3420 297
internal_value=-0.00027508 0.040217 0.0745025 -0.0296704 -0.120297 -0.0834792
internal_weight=3024.22 2261.81 1517.36 744.455 762.406 125.152
internal_count=13903 9891 6829 3062 4012 592
is_linear=0
shrinkage=0.1


Tree=8
num_leaves=7
num_cat=0
split_feature=6 28 2 14 5 2
split_gain=1262.49 485.319 320.671 72.733 18.9688 22.917
threshold=1.0000000180025095e-35 1.0000000180025095e-35 1.0000000180025095e-35 1.0000000180025095e-35 1.0000000180025095e-35 1.0000000180025095e-35
decision_type=2 2 2 2 2 2
left_child=1 3 -3 -1 5 -2
right_child=4 2 -4 -5 -6 -7
leaf_value=-0.043856890337581111 -0.039099968586067846 0.051237422620304965 -0.041658798581697493 0.10987071566915355 -0.12307046510515177 -0.12740325599550034
leaf_weight=31.672085925936699 68.174238875508308 729.43737822771072 755.38353933393955 705.15584369003773 595.81149101257324 52.504049688577652
leaf_count=127 295 3121 3247 3396 3420 297
internal_value=-0.000307069 0.0369238 0.00398143 0.103212 -0.115641 -0.0782498
internal_weight=2938.14 2221.65 1484.82 736.828 716.49 120.678
internal_count=13903 9891 6368 3523 4012 592
is_linear=0
shrinkage=0.1


Tree=9
num_leaves=8
num_cat=0
split_feature=6 0 13 2 5 22 24
split_gain=1086.83 435.501 289.389 149.897 19.1533 22.4179 0.173906
threshold=1.0000000180025095e-35 1.0000000180025095e-35 1.0000000180025095e-35 1.0000000180025095e-35 1.0000000180025095e-35 1.0000000180025095e-35 1.0000000180025095e-35
decision_type=2 2 2 2 2 2 2
left_child=1 2 -1 -3 5 -2 -6
right_child=4 3 -4 -5 6 -7 -8
leaf_value=-0.050410853309682403 -0.027428059232379967 0.0097970137307044174 0.077220665441782868 -0.091165061201502917 -0.11316174959783086 -0.11556207507226729 -0.12391290962755241
leaf_weight=202.88550581037998 56.414458855986595 299.73846106231213 1393.5207654386759 287.35615201294422 249.7416011095047 59.881749242544174 305.60058081150055
leaf_count=849 281 1248 6567 1227 1538 311 1882
internal_value=-0.000318754 0.0339053 0.0609787 -0.0396903 -0.111466 -0.0734072 -0.11929
internal_weight=2855.14 2183.5 1596.41 587.095 671.638 116.296 555.342
internal_count=13903 9891 7416 2475 4012 592 3420
is_linear=0
shrinkage=0.1


Tree=10
num_leaves=8
num_cat=0
split_feature=6 28 13 2 5 2 24
split_gain=937.155 397.648 246.364 58.5887 19.8162 23.4263 0.285368
threshold=1.0000000180025095e-35 1.0000000180025095e-35 1.0000000180025095e-35 1.0000000180025095e-35 1.0000000180025095e-35 1.0000000180025095e-35 1.0000000180025095e-35
decision_type=2 2 2 2 2 2 2
left_child=1 3 -3 -1 5 -2 -6
right_child=4 2 -4 -5 6 -7 -8
leaf_value=0.12219047140582694 -0.029313512146491125 -0.10059934700649747 0.018180877133559311 0.063154446869726696 -0.10954446835762695 -0.12192236108890531 -0.12080221211398
leaf_weight=356.53781521320343 65.86160147190094 201.76344142854214 1256.995709374547 325.45255072414875 233.08444225788116 46.752816125750542 283.29501181840897
leaf_count=1843 295 857 5511 1680 1538 297 1882
internal_value=-0.000357293 0.0311793 0.00169452 0.0941516 -0.10757 -0.0684956 -0.115942
internal_weight=2769.74 2140.75 1458.76 681.99 628.994 112.614 516.379
internal_count=13903 9891 6368 3523 4012 592 3420
is_linear=0
shrinkage=0.1


Tree=11
num_leaves=8
num_cat=0
split_feature=6 18 17 11 5 2 24
split_gain=809.994 368.541 278.059 64.1988 20.0419 22.2018 0.409103
threshold=1.0000000180025095e-35 1.0000000180025095e-35 1.0000000180025095e-35 1.0000000180025095e-35 1.0000000180025095e-35 1.0000000180025095e-35 1.0000000180025095e-35
decision_type=2 2 2 2 2 2 2
left_child=1 2 -1 -3 5 -2 -6
right_child=4 3 -4 -5 6 -7 -8
leaf_value=-0.077180385465424425 -0.026693092743748544 -0.12544760356004492 0.062050981936864515 -0.033686941994135029 -0.10621053271766639 -0.11897424361667581 -0.1180864834814303
leaf_weight=157.30905091762543 65.227237522602081 101.08712327480316 1540.1165777742863 306.24154010415077 217.21350783109665 43.321299031376839 261.94846299290657
leaf_count=688 295 456 7477 1270 1538 297 1882
internal_value=-0.000376951 0.0286134 0.0491099 -0.0567107 -0.104072 -0.064272 -0.112935
internal_weight=2692.46 2104.75 1697.43 407.329 587.711 108.549 479.162
internal_count=13903 9891 8165 1726 4012 592 3420
is_linear=0
shrinkage=0.1


Tree=12
num_leaves=8
num_cat=0
split_feature=6 23 11 14 5 4 24
split_gain=700.759 328.433 179.758 138.772 20.2575 22.562 0.543652
threshold=1.0000000180025095e-35 1.0000000180025095e-35 1.0000000180025095e-35 1.0000000180025095e-35 1.0000000180025095e-35 1.0000000180025095e-35 1.0000000180025095e-35
decision_type=2 2 2 2 2 2 2
left_child=1 3 -3 -1 5 -2 -6
right_child=4 2 -4 -5 6 -7 -8
leaf_value=-0.070400808825665115 -0.02834529159461105 -0.089715950969859071 0.009053222566292228 0.074447498539340573 -0.10309751139650905 -0.12819547418850141 -0.11569577151486071
leaf_weight=70.073689490556717 72.152783110737801 241.95388051867485 762.20457568764687 995.47057873010635 202.20213538408279 32.528453350067139 241.68578615784645
leaf_count=285 403 1065 3228 5313 1538 189 1882
internal_value=-0.000422013 0.0262199 -0.014811 0.0648647 -0.100805 -0.060292 -0.110202
internal_weight=2618.27 2069.7 1004.16 1065.54 548.569 104.681 443.888
internal_count=13903 9891 4293 5598 4012 592 3420
is_linear=0
shrinkage=0.1


Tree=13
num_leaves=8
num_cat=0
split_feature=6 2 3 18 5 2 24
split_gain=606.995 318.509 207.403 160.995 20.8593 22.403 0.688025
threshold=1.0000000180025095e-35 1.0000000180025095e-35 1.0000000180025095e-35 1.0000000180025095e-35 1.0000000180025095e-35 1.0000000180025095e-35 1.0000000180025095e-35
decision_type=2 2 2 2 2 2 2
left_child=1 3 -3 -1 5 -2 -6
right_child=4 2 -4 -5 6 -7 -8
leaf_value=0.083100303707329806 -0.018904554315686953 0.012216442971404473 -0.089111531205318173 -0.019323147989073038 -0.10015483700583001 -0.11531213988313214 -0.11357420525304421
leaf_weight=819.82087905704975 63.171145245432854 744.89538948237896 276.06833997368813 188.3474203646183 188.08881567418575 38.473277308046818 222.57915250957012
leaf_count=4195 295 3705 1222 769 1538 297 1882
internal_value=-0.000441299 0.0241235 -0.015243 0.0639652 -0.0975933 -0.0561635 -0.107686
internal_weight=2541.44 2029.13 1020.96 1008.17 512.312 101.644 410.668
internal_count=13903 9891 4927 4964 4012 592 3420
is_linear=0
shrinkage=0.1


Tree=14
num_leaves=8
num_cat=0
split_feature=6 28 17 9 5 22 24
split_gain=526.52 279.352 211.079 55.3949 20.9753 22.137 0.841453
threshold=1.0000000180025095e-35 1.0000000180025095e-35 1.0000000180025095e-35 1.0000000180025095e-35 1.0000000180025095e-35 1.0000000180025095e-35 1.0000000180025095e-35
decision_type=2 2 2 2 2 2 2
left_child=1 3 -3 -1 5 -2 -6
right_child=4 2 -4 -5 6 -7 -8
leaf_value=0.095948248724162424 -0.0053056597530842659 -0.10588466262605301 0.012276654384523682 0.022536386623738785 -0.097341028844854877 -0.099902460340217214 -0.11167638418039248
leaf_weight=460.6470054090023 49.630253545939922 171.36714918911457 1228.9243355542421 133.17377482354641 174.88594733178616 48.558908179402351 204.66105100512505
leaf_count=2711 281 739 5629 812 1538 311 1882
internal_value=-0.000461716 0.0221373 -0.00224913 0.07955 -0.094641 -0.0526235 -0.105344
internal_weight=2471.85 1994.11 1400.29 593.821 477.736 98.1892 379.547
internal_count=13903 9891 6368 3523 4012 592 3420
is_linear=0
shrinkage=0.1


Tree=15
num_leaves=8
num_cat=0
split_feature=6 2 4 13 5 2 24
split_gain=456.385 268.128 167.3 141.751 21.3694 22.2021 1.00324
threshold=1.0000000180025095e-35 1.0000000180025095e-35 1.0000000180025095e-35 1.0000000180025095e-35 1.0000000180025095e-35 1.0000000180025095e-35 1.0000000180025095e-35
decision_type=2 2 2 2 2 2 2
left_child=1 3 -3 -1 5 -2 -6
right_child=4 2 -4 -5 6 -7 -8
leaf_value=-0.036796179293432041 -0.012429933030010805 0.014257983412624416 -0.071137194821246502 0.073238932593475456 -0.094621879820301152 -0.11238300476414252 -0.10996498876659917
leaf_weight=135.61344249546528 61.307292029261589 646.41025894880295 354.42247220873833 831.26447112858295 162.58654037117958 34.120747081935406 187.93425799906254
leaf_count=585 295 3306 1621 4379 1538 297 1882
internal_value=-0.000456443 0.020254 -0.0160236 0.0577834 -0.0916804 -0.0489635 -0.103138
internal_weight=2413.66 1967.71 1000.83 966.878 445.949 95.428 350.521
internal_count=13903 9891 4927 4964 4012 592 3420
is_linear=0
shrinkage=0.1


Tree=16
num_leaves=8
num_cat=0
split_feature=6 28 17 14 5 4 24
split_gain=396.235 232.751 172.824 56.3688 21.3355 21.8915 1.17264
threshold=1.0000000180025095e-35 1.0000000180025095e-35 1.0000000180025095e-35 1.0000000180025095e-35 1.0000000180025095e-35 1.0000000180025095e-35 1.0000000180025095e-35
decision_type=2 2 2 2 2 2 2
left_child=1 3 -3 -1 5 -2 -6
right_child=4 2 -4 -5 6 -7 -8
leaf_value=-0.055043653471553856 -0.013865465070365896 -0.097308770113703313 0.009871689628703724 0.080994684998194094 -0.091969049905567271 -0.11975716445256407 -0.1084088916887047
leaf_weight=31.661031097173691 65.355051927268505 170.76544201374054 1211.0166015923023 523.86972770094872 151.16952170431614 27.035135552287102 172.37974564731121
leaf_count=127 403 739 5629 3396 1538 189 1882
internal_value=-0.000468939 0.0185544 -0.00343484 0.0731566 -0.0889056 -0.0458019 -0.101035
internal_weight=2353.25 1937.31 1381.78 555.531 415.939 92.3902 323.549
internal_count=13903 9891 6368 3523 4012 592 3420
is_linear=0
shrinkage=0.1


Tree=17
num_leaves=8
num_cat=0
split_feature=7 13 0 31 5 6 15
split_gain=346.881 238.941 214.99 91.504 209.752 109.184 66.0708
threshold=1.0000000180025095e-35 1.0000000180025095e-35 1.0000000180025095e-35 1.0000000180025095e-35 1.0000000180025095e-35 1.0000000180025095e-35 1.0000000180025095e-35
decision_type=2 2 2 2 2 2 2
left_child=1 6 -3 4 -2 -5 -1
right_child=3 2 -4 5 -6 -7 -8
leaf_value=-0.011348617106950419 0.047943517199089375 0.0595480827204991 -0.021839859951421695 -0.28369905246641419 -0.10923268267308806 -0.088865134089030878 -0.1148671897355803
leaf_weight=108.9702667593956 144.16810470819473 1075.0545202642679 464.11808663606644 37.215265840291977 203.984534971416 123.55326896905899 141.72484920918941
leaf_count=494 802 6120 2053 177 2333 1281 643
internal_value=-0.000462982 0.0202564 0.0350083 -0.0732294 -0.044196 -0.135441 -0.0700944
internal_weight=2298.79 1789.87 1539.17 508.921 348.153 160.769 250.695
internal_count=13903 9310 8173 4593 3135 1458 1137
is_linear=0
shrinkage=0.1


Tree=18
num_leaves=8
num_cat=0
split_feature=6 2 18 4 5 2 24
split_gain=303.119 232.5 124.76 118.211 19.2714 21.6555 1.6451
threshold=1.0000000180025095e-35 1.0000000180025095e-35 1.0000000180025095e-35 1.0000000180025095e-35 1.0000000180025095e-35 1.0000000180025095e-35 1.0000000180025095e-35
decision_type=2 2 2 2 2 2 2
left_child=1 2 -1 -3 5 -2 -6
right_child=4 3 -4 -5 6 -7 -8
leaf_value=0.070552246244082226 -0.0074872632045741979 0.0077317749712931512 -0.021000272137843268 -0.065119299610770884 -0.086364615050200502 -0.11012345504348853 -0.10571859320724397
leaf_weight=727.4609572738409 59.76747439801693 618.93332573771477 186.57558871805668 346.78935505449772 129.37757280468941 30.464897908270359 145.20522879064083
leaf_count=4195 295 3306 769 1621 1538 297 1882
internal_value=-0.000461272 0.0157388 0.0518618 -0.0184692 -0.0837489 -0.0429673 -0.0969459
internal_weight=2244.57 1879.76 914.037 965.723 364.815 90.2324 274.583
internal_count=13903 9891 4964 4927 4012 592 3420
is_linear=0
shrinkage=0.1


Tree=19
num_leaves=8
num_cat=0
split_feature=6 30 0 17 5 4 24
split_gain=263.208 198.691 186.452 51.3822 19.1325 20.5904 1.82913
threshold=1.0000000180025095e-35 1.0000000180025095e-35 1.0000000180025095e-35 1.0000000180025095e-35 1.0000000180025095e-35 1.0000000180025095e-35 1.0000000180025095e-35
decision_type=2 2 2 2 2 2 2
left_child=1 3 -3 -1 5 -2 -6
right_child=4 2 -4 -5 6 -7 -8
leaf_value=-0.099635186977597268 -0.0093676587409689434 0.054324033329812983 -0.022724454477396017 -0.022469067487902408 -0.083786074762760177 -0.11611337535303286 -0.10448162129542773
leaf_weight=135.82314740866423 63.135322548449039 1028.7770174145699 451.24166401475668 235.84026888012886 120.51492784172297 24.430446095764637 132.87484933435917
leaf_count=599 403 6117 2059 1116 1538 189 1882
internal_value=-0.000461159 0.0144173 0.0308333 -0.0508609 -0.08107 -0.040124 -0.0950066
internal_weight=2192.64 1851.68 1480.02 371.663 340.956 87.5658 253.39
internal_count=13903 9891 8176 1715 4012 592 3420
is_linear=0
shrinkage=0.1


Tree=20
num_leaves=8
num_cat=0
split_feature=6 2 12 17 5 2 24
split_gain=228.122 194.939 108.815 108.651 19.1271 20.9779 2.017
threshold=1.0000000180025095e-35 1.0000000180025095e-35 1.0000000180025095e-35 1.0000000180025095e-35 1.0000000180025095e-35 1.0000000180025095e-35 1.0000000180025095e-35
decision_type=2 2 2 2 2 2 2
left_child=1 3 -3 -1 5 -2 -6
right_child=4 2 -4 -5 6 -7 -8
leaf_value=-0.059912703689985164 -0.0029579536869488118 -0.090880944182333348 -0.0024677535284384103 0.058584241802347149 -0.081201339380978899 -0.10807749284854787 -0.10331549801048548
leaf_weight=84.914868116378784 58.367973312735558 168.50664829462767 779.05243328213692 794.05282950401306 112.37174482643604 27.177520751953125 121.52907662093639
leaf_count=388 295 851 4076 4576 1538 297 1882
internal_value=-0.000459149 0.0131874 -0.0182697 0.0470815 -0.0782847 -0.037217 -0.0930822
internal_weight=2145.97 1826.53 947.559 878.968 319.446 85.5455 233.901
internal_count=13903 9891 4927 4964 4012 592 3420
is_linear=0
shrinkage=0.1


Tree=21
num_leaves=8
num_cat=0
split_feature=7 13 2 31 5 6 15
split_gain=201.938 194.017 160.254 89.0452 169.001 83.7068 54.1247
threshold=1.0000000180025095e-35 1.0000000180025095e-35 1.0000000180025095e-35 1.0000000180025095e-35 1.0000000180025095e-35 1.0000000180025095e-35 1.0000000180025095e-35
decision_type=2 2 2 2 2 2 2
left_child=1 6 -3 4 -2 -5 -1
right_child=3 2 -4 5 -6 -7 -8
leaf_value=-0.013677811202337176 0.048511132204655534 0.064545347395633931 -0.0021683872167149363 -0.25367636068295074 -0.10521666236255685 -0.078165454287271091 -0.10860707751504042
leaf_weight=106.63296058028936 137.59937294572592 671.85091382265091 774.40960437059402 38.069204464554787 146.91673581302166 94.41911044344306 137.4862732514739
leaf_count=494 802 4090 4083 177 2333 1281 643
internal_value=-0.000461903 0.0149199 0.0288462 -0.0627005 -0.0309604 -0.130119 -0.0673663
internal_weight=2107.38 1690.38 1446.26 417.004 284.516 132.488 244.119
internal_count=13903 9310 8173 4593 3135 1458 1137
is_linear=0
shrinkage=0.1


Tree=22
num_leaves=8
num_cat=0
split_feature=28 9 6 12 2 14 5
split_gain=186.907 111.062 105.839 127.777 61.2918 53.5567 10.8435
threshold=1.0000000180025095e-35 1.0000000180025095e-35 1.0000000180025095e-35 1.0000000180025095e-35 1.0000000180025095e-35 1.0000000180025095e-35 1.0000000180025095e-35
decision_type=2 2 2 2 2 2 2
left_child=1 5 3 -2 -3 -1 -4
right_child=2 4 6 -5 -6 -7 -8
leaf_value=-0.042393753867417311 -0.069035824597331749 0.047742752710900928 -0.04678449611841741 0.0087044994683864781 -0.07610201194046097 0.093238808168944684 -0.094666774594466596
leaf_weight=31.324676230549812 263.64708017557859 73.784059979021549 71.703825641423464 1050.5557351410389 84.926032029092312 333.08458483219147 159.96504544094205
leaf_count=127 1267 745 515 5101 760 2584 2804
internal_value=-0.0004569 0.0511535 -0.0179435 -0.00693191 -0.0185883 0.0814957 -0.0801115
internal_weight=2068.99 523.119 1545.87 1314.2 158.71 364.409 231.669
internal_count=13903 4216 9687 6368 1505 2711 3319
is_linear=0
shrinkage=0.1


Tree=23
num_leaves=8
num_cat=0
split_feature=29 0 9 17 5 11 25
split_gain=165.383 178.24 79.1181 65.8607 77.5767 47.6292 16.0063
threshold=1.0000000180025095e-35 1.0000000180025095e-35 1.0000000180025095e-35 1.0000000180025095e-35 1.0000000180025095e-35 1.0000000180025095e-35 1.0000000180025095e-35
decision_type=2 2 2 2 2 2 2
left_child=3 2 -2 6 -5 -3 -1
right_child=1 5 -4 4 -6 -7 -8
leaf_value=-0.047153026010257539 0.079096586173738492 -0.10020616945922289 0.0025626184071236473 -0.0038395007326403109 -0.089498917493428892 -0.010392082395518077 -0.10794734405346695
leaf_weight=75.317934975028038 486.89430277049541 72.115720205008984 186.87797959893942 666.19652724638581 124.69255004450679 308.38775914534926 109.7854025810957
leaf_count=427 3286 371 1511 3703 2275 1714 616
internal_value=-0.000412676 0.027036 0.0579043 -0.0300603 -0.0174406 -0.0276323 -0.0835966
internal_weight=2030.27 1054.28 673.772 975.992 790.889 380.503 185.103
internal_count=13903 6882 4797 7021 5978 2085 1043
is_linear=0
shrinkage=0.1


Tree=24
num_leaves=8
num_cat=0
split_feature=26 29 9 2 11 10 0
split_gain=151.762 161.626 70.4738 61.6641 35.4973 35.5636 5.04374
threshold=1.0000000180025095e-35 1.0000000180025095e-35 1.0000000180025095e-35 1.0000000180025095e-35 1.0000000180025095e-35 1.0000000180025095e-35 1.0000000180025095e-35
decision_type=2 2 2 2 2 2 2
left_child=1 3 -3 -1 6 -6 -2
right_child=4 2 -4 -5 5 -7 -8
leaf_value=0.01373157109493691 -0.067050938541867292 0.065579561733471653 -0.0074106957724088375 -0.042483720956862141 0.022907266304426105 -0.051832351426704976 -0.12410048127930534
leaf_weight=361.11755517870188 26.703103855252266 566.2274701371789 172.26476152613759 422.5529099367559 79.405357271432877 310.39509417489171 59.487140096724033
leaf_count=2774 130 3759 1419 2976 352 2142 351
internal_value=-0.000384973 0.0150298 0.0485665 -0.0165951 -0.0496078 -0.0365877 -0.107397
internal_weight=1998.15 1522.16 738.492 783.67 475.991 389.8 86.1902
internal_count=13903 10928 5178 5750 2975 2494 481
is_linear=0
shrinkage=0.1


end of trees

feature_importances:
yr_lt=_0.5=28
hr_lt=_5.5=24
hr_lt=_6.5=23
temp_lt=_0.48999999463558197=12
hr_lt=_21.5=7
hr_lt=_22.5=7
weathersit_lt=_2.5=7
season_lt=_1.5=6
mnth_lt=_4.5=5
hr_lt=_19.5=5
atemp_lt=_0.5985000133514404=5
hr_lt=_11.5=4
hr_lt=_20.5=4
temp_lt=_0.3100000023841858=4
temp_lt=_0.45000000298023224=4
hum_lt=_0.7950000166893005=3
hr_lt=_7.5=2
weekday_lt=_3.5=2
temp_lt=_0.4699999988079071=2
hum_lt=_0.625=2
workingday_lt=_0.5=2
season_lt=_3.5=1
mnth_lt=_3.5=1
hr_lt=_15.5=1
temp_lt=_0.3700000047683716=1
temp_lt=_0.39000000059604645=1
temp_lt=_0.5099999904632568=1
atemp_lt=_0.31059999763965607=1
atemp_lt=_0.3257499933242798=1

parameters:
[boosting: gbdt]
[objective: binary]
[metric: binary_logloss]
[tree_learner: serial]
[device_type: cpu]
[data_sample_strategy: bagging]
[data: ]
[valid: ]
[num_iterations: 25]
[learning_rate: 0.1]
[num_leaves: 31]
[num_threads: 8]
[seed: 42]
[deterministic: 0]
[force_col_wise: 0]
[force_row_wise: 0]
[histogram_pool_size: -1]
[max_depth: 3]
[min_data_in_leaf: 20]
[min_sum_hessian_in_leaf: 0.001]
[bagging_fraction: 1]
[pos_bagging_fraction: 1]
[neg_bagging_fraction: 1]
[bagging_freq: 0]
[bagging_seed: 400]
[bagging_by_query: 0]
[feature_fraction: 1]
[feature_fraction_bynode: 1]
[feature_fraction_seed: 30056]
[extra_trees: 0]
[extra_seed: 12879]
[early_stopping_round: 0]
[early_stopping_min_delta: 0]
[first_metric_only: 0]
[max_delta_step: 0]
[lambda_l1: 0]
[lambda_l2: 1]
[linear_lambda: 0]
[min_gain_to_split: 0]
[drop_rate: 0.1]
[max_drop: 50]
[skip_drop: 0.5]
[xgboost_dart_mode: 0]
[uniform_drop: 0]
[drop_seed: 17869]
[top_rate: 0.2]
[other_rate: 0.1]
[min_data_per_group: 100]
[max_cat_threshold: 32]
[cat_l2: 10]
[cat_smooth: 10]
[max_cat_to_onehot: 4]
[top_k: 20]
[monotone_constraints: ]
[monotone_constraints_method: basic]
[monotone_penalty: 0]
[feature_contri: ]
[forcedsplits_filename: ]
[refit_decay_rate: 0.9]
[cegb_tradeoff: 1]
[cegb_penalty_split: 0]
[cegb_penalty_feature_lazy: ]
[cegb_penalty_feature_coupled: ]
[path_smooth: 0]
[interaction_constraints: ]
[verbosity: -1]
[saved_feature_importance_type: 0]
[use_quantized_grad: 0]
[num_grad_quant_bins: 4]
[quant_train_renew_leaf: 0]
[stochastic_rounding: 1]
[linear_tree: 0]
[max_bin: 255]
[max_bin_by_feature: ]
[min_data_in_bin: 3]
[bin_construct_sample_cnt: 200000]
[data_random_seed: 175]
[is_enable_sparse: 1]
[enable_bundle: 1]
[use_missing: 1]
[zero_as_missing: 0]
[feature_pre_filter: 1]
[pre_partition: 0]
[two_round: 0]
[header: 0]
[label_column: ]
[weight_column: ]
[group_column: ]
[ignore_column: ]
[categorical_feature: ]
[forcedbins_filename: ]
[precise_float_parser: 0]
[parser_config_file: ]
[objective_seed: 16083]
[num_class: 1]
[is_unbalance: 0]
[scale_pos_weight: 1]
[sigmoid: 1]
[boost_from_average: 1]
[reg_sqrt: 0]
[alpha: 0.9]
[fair_c: 1]
[poisson_max_delta_step: 0.7]
[tweedie_variance_power: 1.5]
[lambdarank_truncation_level: 30]
[lambdarank_norm: 1]
[label_gain: ]
[lambdarank_position_bias_regularization: 0]
[eval_at: ]
[multi_error_top_k: 1]
[auc_mu_weights: ]
[num_machines: 1]
[local_listen_port: 12400]
[time_out: 120]
[machine_list_filename: ]
[machines: ]
[gpu_platform_id: -1]
[gpu_device_id: -1]
[gpu_use_dp: 0]
[num_gpu: 1]

end of parameters

pandas_categorical:[]
