tree
version=v4
num_class=1
num_tree_per_iteration=1
label_index=0
max_feature_idx=76
objective=binary sigmoid:1
feature_names=race_lt=_0.5 race_lt=_3.5 gender_lt=_0.5 age_lt=_3.5 age_lt=_5.5 age_lt=_6.5 age_lt=_7.5 age_lt=_8.5 admission_type_id_lt=_1.5 admission_type_id_lt=_2.5 admission_type_id_lt=_3.5 admission_type_id_lt=_5.5 admission_type_id_lt=_6.5 discharge_disposition_id_lt=_1.5 discharge_disposition_id_lt=_2.5 discharge_disposition_id_lt=_3.5 discharge_disposition_id_lt=_10.0 discharge_disposition_id_lt=_10.5 discharge_disposition_id_lt=_11.5 discharge_disposition_id_lt=_14.5 discharge_disposition_id_lt=_18.5 discharge_disposition_id_lt=_21.5 admission_source_id_lt=_4.5 admission_source_id_lt=_5.5 time_in_hospital_lt=_1.5 time_in_hospital_lt=_3.5 time_in_hospital_lt=_5.5 num_lab_procedures_lt=_23.5 num_lab_procedures_lt=_24.5 num_lab_procedures_lt=_30.5 num_lab_procedures_lt=_32.5 num_procedures_lt=_0.5 num_procedures_lt=_1.5 num_procedures_lt=_2.5 num_medications_lt=_5.5 num_medications_lt=_6.5 num_medications_lt=_7.5 num_medications_lt=_11.5 num_medications_lt=_35.5 num_medications_lt=_36.5 num_medications_lt=_38.5 num_medications_lt=_41.5 number_outpatient_lt=_0.5 number_outpatient_lt=_1.5 number_emergency_lt=_0.5 number_emergency_lt=_1.5 number_emergency_lt=_2.5 number_inpatient_lt=_0.5 number_inpatient_lt=_1.5 number_inpatient_lt=_2.5 number_inpatient_lt=_3.5 number_inpatient_lt=_4.5 number_inpatient_lt=_7.5 diag_1_lt=_67.5 diag_1_lt=_96.5 diag_1_lt=_98.5 diag_1_lt=_103.5 diag_1_lt=_338.5 diag_1_lt=_451.0 diag_1_lt=_455.0 diag_1_lt=_497.0 diag_2_lt=_239.5 diag_2_lt=_469.5 diag_3_lt=_246.5 diag_3_lt=_256.5 diag_3_lt=_406.5 number_diagnoses_lt=_5.5 number_diagnoses_lt=_6.5 number_diagnoses_lt=_8.5 metformin_lt=_1.5 glimepiride_lt=_1.5 glyburide_lt=_1.5 pioglitazone_lt=_1.5 insulin_lt=_1.5 change_lt=_0.5 diabetesMed_lt=_0.5 num_lab_procedures_lt=_67.5
feature_infos=[0:1] [0:1] [0:1] [0:1] [0:1] [0:1] [0:1] [0:1] [0:1] [0:1] [0:1] [0:1] [0:1] [0:1] [0:1] [0:1] [0:1] [0:1] [0:1] [0:1] [0:1] [0:1] [0:1] [0:1] [0:1] [0:1] [0:1] [0:1] [0:1] [0:1] [0:1] [0:1] [0:1] [0:1] [0:1] [0:1] [0:1] [0:1] [0:1] [0:1] [0:1] [0:1] [0:1] [0:1] [0:1] [0:1] [0:1] [0:1] [0:1] [0:1] [0:1] [0:1] [0:1] [0:1] [0:1] [0:1] [0:1] [0:1] [0:1] [0:1] [0:1] [0:1] [0:1] [0:1] [0:1] [0:1] [0:1] [0:1] [0:1] [0:1] [0:1] [0:1] [0:1] [0:1] [0:1] [0:1] [0:1]
tree_sizes=933 1035 1030 1032 1032 1033 1033 1035 1031 1026 1033 1033 1035 1031 1035 1024 1028 1037 1028 1023 1034 1037 1029 1036 1047

Tree=0
num_leaves=8
num_cat=0
split_feature=47 66 48 16 74 16 74
split_gain=2703.35 449.525 436.493 249.83 206.386 161.593 89.1599
threshold=1.0000000180025095e-35 1.0000000180025095e-35 1.0000000180025095e-35 1.0000000180025095e-35 1.0000000180025095e-35 1.0000000180025095e-35 1.0000000180025095e-35
decision_type=2 2 2 2 2 2 2
left_child=2 4 3 -1 -2 -4 -3
right_child=1 6 5 -5 -6 -7 -8
leaf_value=-0.0067903208200472357 -0.031589779627434963 -0.078945420166812941 -0.038116972920918445 0.097475180455137256 -0.0011277382212417117 0.038616431224966934 -0.042642130962216244
leaf_weight=255.75 4617 1554 300.5 2253.5 4290.75 3078.75 1206
leaf_count=1023 18468 6216 1202 9014 17163 12315 4824
internal_value=2.84847e-05 -0.027848 0.0552595 0.0868497 -0.0169184 0.0317836 -0.0631037
internal_weight=17556.2 11667.8 5888.5 2509.25 8907.75 3379.25 2760
internal_count=70225 46671 23554 10037 35631 13517 11040
is_linear=0
shrinkage=1


Tree=1
num_leaves=8
num_cat=0
split_feature=47 66 48 16 74 16 74
split_gain=2192 364.955 355.446 203.274 167.25 130.996 72.5876
threshold=1.0000000180025095e-35 1.0000000180025095e-35 1.0000000180025095e-35 1.0000000180025095e-35 1.0000000180025095e-35 1.0000000180025095e-35 1.0000000180025095e-35
decision_type=2 2 2 2 2 2 2
left_child=2 4 3 -1 -2 -4 -3
right_child=1 6 5 -5 -6 -7 -8
leaf_value=-0.0061396501316405751 -0.028464488342076485 -0.071196439165208167 -0.034356454811795119 0.087922486536759922 -0.0010406302612110125 0.034743828480188324 -0.038425182705248077
leaf_weight=255.74705792963505 4615.8483104109764 1551.5812672376633 300.39088499546051 2248.1555786430836 4290.7487212568521 3077.6025257259607 1205.4519624710083
leaf_count=1023 18468 6216 1202 9014 17163 12315 4824
internal_value=2.27192e-07 -0.0250997 0.0497685 0.0783164 -0.0152547 0.0285907 -0.0568871
internal_weight=17545.5 11663.6 5881.9 2503.9 8906.6 3377.99 2757.03
internal_count=70225 46671 23554 10037 35631 13517 11040
is_linear=0
shrinkage=0.1


Tree=2
num_leaves=8
num_cat=0
split_feature=47 49 66 16 16 16 74
split_gain=1780.32 298.971 297.336 173.025 156.589 91.9499 59.583
threshold=1.0000000180025095e-35 1.0000000180025095e-35 1.0000000180025095e-35 1.0000000180025095e-35 1.0000000180025095e-35 1.0000000180025095e-35 1.0000000180025095e-35
decision_type=2 2 2 2 2 2 2
left_child=1 5 4 -3 -2 -1 -4
right_child=2 3 6 -5 -6 -7 -8
leaf_value=0.0066434099295217298 -0.054924328191637312 -0.026449667939476798 -0.064355746101262046 0.039687304921161598 -0.009463860607134212 0.09891806435008621 -0.034628970706957238
leaf_weight=120.2449756115675 835.32379579544067 435.60009509325027 1545.2750372886658 4237.0935896039009 8068.2606965899467 1071.763841509819 1204.0207679271698
leaf_count=481 3343 1744 6216 17005 32288 4324 4824
internal_value=1.74638e-06 0.0449344 -0.022614 0.0335175 -0.0137346 0.0896231 -0.0513546
internal_weight=17517.6 5864.7 11652.9 4672.69 8903.58 1192.01 2749.3
internal_count=70225 23554 46671 18749 35631 4805 11040
is_linear=0
shrinkage=0.1


Tree=3
num_leaves=8
num_cat=0
split_feature=47 48 67 42 16 74 16
split_gain=1447.34 263.129 247.44 140.347 139.109 85.6838 85.0861
threshold=1.0000000180025095e-35 1.0000000180025095e-35 1.0000000180025095e-35 1.0000000180025095e-35 1.0000000180025095e-35 1.0000000180025095e-35 1.0000000180025095e-35
decision_type=2 2 2 2 2 2 2
left_child=1 4 3 -2 -1 -4 -3
right_child=2 6 5 -5 -6 -7 -8
leaf_value=-0.0044444677752930178 0.022938450470131683 -0.028360188266399002 -0.053636246425223667 -0.015458975102758574 0.073433007086456115 -0.024022785781749493 0.02738901638662454
leaf_weight=255.69628918170929 1112.7303248047829 299.76603502035141 2227.0223599523306 6554.0769786089659 2217.219034075737 1745.1648499965668 3068.9345347881317
leaf_count=1023 4454 1202 8983 26237 9014 6997 12315
internal_value=3.67799e-06 0.0406158 -0.0203813 -0.00988386 0.065382 -0.040635 0.0224212
internal_weight=17480.6 5841.62 11639 7666.81 2472.92 3972.19 3368.7
internal_count=70225 23554 46671 30691 10037 15980 13517
is_linear=0
shrinkage=0.1


Tree=4
num_leaves=8
num_cat=0
split_feature=47 49 66 74 16 16 2
split_gain=1177.66 223.357 208.318 129.369 113.875 64.4887 52.107
threshold=1.0000000180025095e-35 1.0000000180025095e-35 1.0000000180025095e-35 1.0000000180025095e-35 1.0000000180025095e-35 1.0000000180025095e-35 1.0000000180025095e-35
decision_type=2 2 2 2 2 2 2
left_child=1 5 3 -2 -3 -1 -4
right_child=2 4 6 -5 -6 -7 -8
leaf_value=0.0064252560820491971 -0.022592605019067399 -0.021772120928049078 -0.05793341916584184 0.0015389974125750452 0.031946853488827719 0.083800702826479986 -0.030089878237362689
leaf_weight=120.24653811752796 4606.8044581264257 434.7211366891861 1218.5238392651081 4289.5859393924475 4210.3814686089754 1047.1369205713272 1508.0093458592892
leaf_count=481 18468 1744 4934 17163 17005 4324 6106
internal_value=6.38121e-06 0.0367538 -0.0183721 -0.0109582 0.0269159 0.075843 -0.0425502
internal_weight=17435.4 5812.49 11622.9 8896.39 4645.1 1167.38 2726.53
internal_count=70225 23554 46671 35631 18749 4805 11040
is_linear=0
shrinkage=0.1


Tree=5
num_leaves=8
num_cat=0
split_feature=47 48 42 66 5 66 29
split_gain=958.649 197.502 189.489 143.691 108.63 75.3076 37.2683
threshold=1.0000000180025095e-35 1.0000000180025095e-35 1.0000000180025095e-35 1.0000000180025095e-35 1.0000000180025095e-35 1.0000000180025095e-35 1.0000000180025095e-35
decision_type=2 2 2 2 2 2 2
left_child=1 4 6 -4 -1 -3 -2
right_child=2 5 3 -5 -6 -7 -8
leaf_value=0.030491253982223299 0.027903872949267047 0.024006345134445523 -0.014631036303843853 -0.042267153476479268 0.073295256252379926 -0.017168619099205192 -0.0058920989844446527
leaf_weight=1038.3118616193533 995.71419727802277 2828.6668417006731 7626.3640304207802 2497.4565211385489 1388.3307935744524 526.16104125976562 484.6518357694149
leaf_count=4287 3993 11397 30567 10164 5750 2120 1947
internal_value=8.76549e-06 0.0332731 -0.0165657 -0.0214521 0.0550004 0.0175454 0.016843
internal_weight=17385.7 5781.47 11604.2 10123.8 2426.64 3354.83 1480.37
internal_count=70225 23554 46671 40731 10037 13517 5940
is_linear=0
shrinkage=0.1


Tree=6
num_leaves=8
num_cat=0
split_feature=47 50 44 74 16 13 16
split_gain=780.223 177.708 159.184 159.165 113.442 38.0617 24.2728
threshold=1.0000000180025095e-35 1.0000000180025095e-35 1.0000000180025095e-35 1.0000000180025095e-35 1.0000000180025095e-35 1.0000000180025095e-35 1.0000000180025095e-35
decision_type=2 2 2 2 2 2 2
left_child=1 5 6 -4 -3 -1 -2
right_child=2 4 3 -5 -6 -7 -8
leaf_value=0.055600872519906669 -0.048144574943514012 -0.020921168532310519 -0.029444658690777583 -0.0051166632129095767 0.029058130007003576 0.10707039721393381 0.032657490695439988
leaf_weight=281.57043638825417 38.272723600268364 502.38533145189285 5760.2543987482786 5044.4678848832846 4666.3084614127874 302.08690325915813 742.59493732452393
leaf_count=1184 154 2015 23293 20241 19068 1287 2983
internal_value=1.11709e-05 0.0301137 -0.0149363 -0.018088 0.0241971 0.0823778 0.0286406
internal_weight=17337.9 5752.35 11585.6 10804.7 5168.69 583.657 780.868
internal_count=70225 23554 46671 43534 21083 2471 3137
is_linear=0
shrinkage=0.1


Tree=7
num_leaves=8
num_cat=0
split_feature=47 48 42 2 5 66 31
split_gain=635.224 154.345 149.121 128.125 88.3756 61.4826 31.1801
threshold=1.0000000180025095e-35 1.0000000180025095e-35 1.0000000180025095e-35 1.0000000180025095e-35 1.0000000180025095e-35 1.0000000180025095e-35 1.0000000180025095e-35
decision_type=2 2 2 2 2 2 2
left_child=1 4 6 -4 -1 -3 -2
right_child=2 5 3 -5 -6 -7 -8
leaf_value=0.024539198865364861 0.0028744593361444111 0.019258492334157513 -0.030244910098344742 -0.0075968800185318491 0.063482947601572637 -0.017976542103278322 0.032011049246530504
leaf_weight=1025.3819243311882 805.14355428516865 2815.2312443554401 4550.0834891945124 5538.8608498424292 1354.7852630615234 525.51489129662514 674.69807957112789
leaf_count=4287 3233 11397 18381 22350 5750 2120 2707
internal_value=1.39698e-05 0.0272684 -0.0134649 -0.0178131 0.0467232 0.0133976 0.0161712
internal_weight=17289.7 5720.91 11568.8 10088.9 2380.17 3340.75 1479.84
internal_count=70225 23554 46671 40731 10037 13517 5940
is_linear=0
shrinkage=0.1


Tree=8
num_leaves=8
num_cat=0
split_feature=47 67 50 16 42 31 13
split_gain=517.048 143.35 139.46 107.943 100.925 78.2173 33.391
threshold=1.0000000180025095e-35 1.0000000180025095e-35 1.0000000180025095e-35 1.0000000180025095e-35 1.0000000180025095e-35 1.0000000180025095e-35 1.0000000180025095e-35
decision_type=2 2 2 2 2 2 2
left_child=2 3 6 -2 -4 -3 -1
right_child=1 5 4 -5 -6 -7 -8
leaf_value=0.046664969930997981 -0.041402208046233506 -0.041192313598472689 0.045904385171793391 -0.00037396977854517693 0.012033448751653457 -0.01287055973026691 0.095646506662977443
leaf_weight=275.11039093136787 705.56593857705593 2047.4807711839676 1127.2283577919006 6937.3725406080484 3999.8366315364838 1863.5164783000946 288.50576275587082
leaf_count=1184 2843 8370 4653 27848 16430 7610 1287
internal_value=1.6365e-05 -0.0121357 0.0246868 -0.00416646 0.0194878 -0.0277043 0.0718628
internal_weight=17244.6 11553.9 5690.68 7642.94 5127.06 3911 563.616
internal_count=70225 46671 23554 30691 21083 15980 2471
is_linear=0
shrinkage=0.1


Tree=9
num_leaves=8
num_cat=0
split_feature=48 44 74 16 19 44 16
split_gain=423.787 197.188 172.716 83.992 330.018 55.6814 49.5027
threshold=1.0000000180025095e-35 1.0000000180025095e-35 1.0000000180025095e-35 1.0000000180025095e-35 1.0000000180025095e-35 1.0000000180025095e-35 1.0000000180025095e-35
decision_type=2 2 2 2 2 2 2
left_child=3 6 -3 4 -1 -5 -2
right_child=1 2 -4 5 -6 -7 -8
leaf_value=0.065786686211661144 -0.051334628138524019 -0.020362996430706909 0.0022107696382928114 0.073194554083056848 -0.17452900195216395 0.036277371938936258 0.036244984807684621
leaf_weight=170.18926423788071 67.356405347585678 7185.0798384845257 6414.9220234900713 560.83186134696007 84.785604983568192 1517.8957953155041 1197.7276684045792
leaf_count=683 272 29233 25848 2459 340 6555 4835
internal_value=1.78666e-05 -0.00620252 -0.0097159 0.0396258 -0.014494 0.0462679 0.0315452
internal_weight=17198.8 14865.1 13600 2333.7 254.975 2078.73 1265.08
internal_count=70225 60188 55081 10037 1023 9014 5107
is_linear=0
shrinkage=0.1


Tree=10
num_leaves=8
num_cat=0
split_feature=47 35 31 45 42 16 55
split_gain=370.694 125.756 143.417 105.73 72.8594 39.747 26.4148
threshold=1.0000000180025095e-35 1.0000000180025095e-35 1.0000000180025095e-35 1.0000000180025095e-35 1.0000000180025095e-35 1.0000000180025095e-35 1.0000000180025095e-35
decision_type=2 2 2 2 2 2 2
left_child=3 2 -2 5 -5 -1 -3
right_child=1 6 -4 4 -6 -7 -8
leaf_value=-0.056950179313419814 -0.017152432289483856 -0.039359269781601668 0.0064228267003808267 0.039788010762907729 0.010983149639306829 0.076866070543279541 -0.097995959067528962
leaf_weight=22.818699955940247 6030.0236568003893 899.57284510135651 4509.3375429660082 1116.8888040333986 4100.8305867314339 394.31744462251663 83.677586182951927
leaf_count=92 24423 3684 18220 4706 17031 1725 344
internal_value=1.97017e-05 -0.0102591 -0.00706594 0.0210367 0.0171555 0.0694272 -0.0444439
internal_weight=17157.5 11522.6 10539.4 5634.86 5217.72 417.136 983.25
internal_count=70225 46671 42643 23554 21737 1817 4028
is_linear=0
shrinkage=0.1


Tree=11
num_leaves=8
num_cat=0
split_feature=48 66 16 5 16 55 50
split_gain=304.748 171.49 147.33 69.6383 50.9688 47.8193 37.7872
threshold=1.0000000180025095e-35 1.0000000180025095e-35 1.0000000180025095e-35 1.0000000180025095e-35 1.0000000180025095e-35 1.0000000180025095e-35 1.0000000180025095e-35
decision_type=2 2 2 2 2 2 2
left_child=3 2 -2 4 -1 -3 -5
right_child=1 5 -4 6 -6 -7 -8
leaf_value=-0.043644152486950791 -0.034745002102186895 -0.022335161782886987 0.0039983541676938423 0.077456905760212733 0.022930665869028307 -0.069425019713229161 0.038831251201554888
leaf_weight=131.64211094379425 1081.0196347683668 2951.4507198929787 10565.676070913672 348.22115743160248 865.97422012686729 231.99062487483025 942.80158489942551
leaf_count=529 4375 12197 42653 1633 3758 963 4117
internal_value=1.90146e-05 -0.00522309 0.00039961 0.0339747 0.0141108 -0.0257875 0.0493014
internal_weight=17118.8 14830.1 11646.7 2288.64 997.616 3183.44 1291.02
internal_count=70225 60188 47028 10037 4287 13160 5750
is_linear=0
shrinkage=0.1


Tree=12
num_leaves=8
num_cat=0
split_feature=47 2 74 44 4 16 54
split_gain=266.734 117.088 116.446 86.3288 62.5909 62.4068 58.4438
threshold=1.0000000180025095e-35 1.0000000180025095e-35 1.0000000180025095e-35 1.0000000180025095e-35 1.0000000180025095e-35 1.0000000180025095e-35 1.0000000180025095e-35
decision_type=2 2 2 2 2 2 2
left_child=3 4 -3 5 -2 -1 -5
right_child=1 2 -4 6 -6 -7 -8
leaf_value=-0.04670850118100893 -0.01181702474960299 -0.012535453166940153 0.014557472941282984 0.013948406631772768 -0.034966999187663786 0.050291051500557585 -0.052678254304147611
leaf_weight=70.367411389946938 3340.3406069725752 3326.3109091371298 3031.0124164819717 4396.9368679523468 1796.2508740872145 980.68204563856125 134.75360935926437
leaf_count=284 13567 13581 12189 18401 7334 4311 558
internal_value=1.92778e-05 -0.00869081 0.000382033 0.0179502 -0.0199177 0.0437587 0.011956
internal_weight=17076.7 11493.9 6357.32 5582.74 5136.59 1051.05 4531.69
internal_count=70225 46671 25770 23554 20901 4595 18959
is_linear=0
shrinkage=0.1


Tree=13
num_leaves=8
num_cat=0
split_feature=42 44 69 16 19 29 5
split_gain=238.223 150.597 143.831 68.214 158.948 64.7827 37.2352
threshold=1.0000000180025095e-35 1.0000000180025095e-35 1.0000000180025095e-35 1.0000000180025095e-35 1.0000000180025095e-35 1.0000000180025095e-35 1.0000000180025095e-35
decision_type=2 2 2 2 2 2 2
left_child=3 6 -3 4 -1 -5 -2
right_child=1 2 -4 5 -6 -7 -8
leaf_value=0.035677606582649089 0.0069190349217114165 -0.030382248728567665 -0.0033065356478057251 0.041276160592431152 -0.16165387747298621 0.0061111046158619422 0.042815005017428007
leaf_weight=117.42551079392433 478.8867458999157 2402.2491350322962 10687.047380566597 1826.4965801537037 61.351997077465057 734.96753358840942 729.41391997039318
leaf_count=475 1992 9794 43903 7646 247 3050 3118
internal_value=1.83005e-05 -0.00515879 -0.00827762 0.0270225 -0.0325642 0.0311925 0.0286058
internal_weight=17037.8 14297.6 13089.3 2740.24 178.778 2561.46 1208.3
internal_count=70225 58807 53697 11418 722 10696 5110
is_linear=0
shrinkage=0.1


Tree=14
num_leaves=8
num_cat=0
split_feature=48 69 74 5 5 14 50
split_gain=208.724 137.186 276.159 58.5559 55.0522 40.9958 31.4349
threshold=1.0000000180025095e-35 1.0000000180025095e-35 1.0000000180025095e-35 1.0000000180025095e-35 1.0000000180025095e-35 1.0000000180025095e-35 1.0000000180025095e-35
decision_type=2 2 2 2 2 2 2
left_child=4 3 -3 -2 5 -1 -6
right_child=1 2 -4 -5 6 -7 -8
leaf_value=-0.005583854671957776 -0.0053301099687890581 -0.012190458098002652 0.018747831481299874 -0.035147425393062849 0.068810248387109252 0.036197045920169348 0.032820289326337238
leaf_weight=599.95417557656765 1046.2769132852554 7093.8331699073315 4861.4960901141167 1778.4601798802614 330.73769021034241 384.67101779580116 922.61740931868553
leaf_count=2590 4240 29061 19654 7233 1633 1697 4117
internal_value=1.71161e-05 -0.00429289 0.000390755 -0.0241089 0.0284705 0.0107592 0.0423647
internal_weight=17018 14780.1 11955.3 2824.74 2237.98 984.625 1253.36
internal_count=70225 60188 48715 11473 10037 4287 5750
is_linear=0
shrinkage=0.1


Tree=15
num_leaves=8
num_cat=0
split_feature=42 22 8 37 16 19 29
split_gain=188.26 123.129 138.074 137.852 56.203 131.019 52.1502
threshold=1.0000000180025095e-35 1.0000000180025095e-35 1.0000000180025095e-35 1.0000000180025095e-35 1.0000000180025095e-35 1.0000000180025095e-35 1.0000000180025095e-35
decision_type=2 2 2 2 2 2 2
left_child=4 3 -3 -2 5 -1 -6
right_child=1 2 -4 -5 6 -7 -8
leaf_value=0.031554883962425777 0.010618215450387235 -0.022816843993580731 0.039869429888268838 -0.014755390399687957 0.037015100538050322 -0.14862988370258121 0.0053947501045723007
leaf_weight=117.2351341843605 6280.1484104543924 4352.96674002707 381.3135786652565 3247.5508213937283 1811.3114179670811 60.330235600471497 732.88951970636845
leaf_count=475 25882 17939 1562 13424 7646 247 3050
internal_value=1.86771e-05 -0.0045811 -0.0177605 0.00196889 0.0241142 -0.0301548 0.0279122
internal_weight=16983.7 14262 4734.28 9527.7 2721.77 177.565 2544.2
internal_count=70225 58807 19501 39306 11418 722 10696
is_linear=0
shrinkage=0.1


Tree=16
num_leaves=8
num_cat=0
split_feature=44 32 37 25 16 19 46
split_gain=178.015 120.632 148.502 71.6386 53.3657 93.1499 45.4492
threshold=1.0000000180025095e-35 1.0000000180025095e-35 1.0000000180025095e-35 1.0000000180025095e-35 1.0000000180025095e-35 1.0000000180025095e-35 1.0000000180025095e-35
decision_type=2 2 2 2 2 2 2
left_child=4 3 -3 -2 5 -1 -6
right_child=1 2 -4 -5 6 -7 -8
leaf_value=0.038952976633539971 -0.006455401051628464 0.012342258400865339 -0.012711788371198934 -0.030669054787314121 0.075177742075647536 -0.14913492921561652 0.027545925954594
leaf_weight=63.40521377325058 3098.2518386542797 6245.4429497569799 3807.1129273921251 2017.311839684844 231.94548353552818 43.657987028360367 1456.0473112761974
leaf_count=258 12729 25718 15728 8318 1081 180 6213
internal_value=1.63521e-05 -0.0035084 0.00285345 -0.0160081 0.0297857 -0.0384154 0.0341316
internal_weight=16963.2 15168.1 10052.6 5115.56 1795.06 107.063 1687.99
internal_count=70225 62493 41446 21047 7732 438 7294
is_linear=0
shrinkage=0.1


Tree=17
num_leaves=8
num_cat=0
split_feature=47 4 16 51 13 16 45
split_gain=162.332 94.0107 78.8913 66.7073 64.2283 54.944 12.3089
threshold=1.0000000180025095e-35 1.0000000180025095e-35 1.0000000180025095e-35 1.0000000180025095e-35 1.0000000180025095e-35 1.0000000180025095e-35 1.0000000180025095e-35
decision_type=2 2 2 2 2 2 2
left_child=3 2 -2 6 -3 -5 -1
right_child=1 4 -4 5 -6 -7 -8
leaf_value=0.096827189466204944 -0.030440867692444813 0.0041482871430612847 0.0030807404514273111 -0.019084621717423284 -0.02667367373664466 0.015032663694689774 0.048758291791870578
leaf_weight=75.164097711443901 781.34205956757069 877.75432547926903 6841.3034855276346 523.78039403259754 2938.1777012944221 4706.6266748309135 196.26892510056496
leaf_count=410 3221 3592 27803 2122 12055 20066 956
internal_value=1.51719e-05 -0.00677378 -0.000358858 0.0141284 -0.0195847 0.0116131 0.0623759
internal_weight=16940.4 11438.6 7622.65 5501.84 3815.93 5230.41 271.433
internal_count=70225 46671 31024 23554 15647 22188 1366
is_linear=0
shrinkage=0.1


Tree=18
num_leaves=8
num_cat=0
split_feature=42 0 55 16 19 29 11
split_gain=139.636 105.441 99.7946 40.181 105.471 40.4907 7.9398
threshold=1.0000000180025095e-35 1.0000000180025095e-35 1.0000000180025095e-35 1.0000000180025095e-35 1.0000000180025095e-35 1.0000000180025095e-35 1.0000000180025095e-35
decision_type=2 2 2 2 2 2 2
left_child=3 2 -2 4 -1 -5 -3
right_child=1 6 -4 5 -6 -7 -8
leaf_value=0.029377396766554993 -0.00074849673372732518 0.033667671643634947 -0.040977914961148332 0.032180473974757602 -0.13441038394914728 0.0042288524184647567 -0.062635594293566091
leaf_weight=117.05896925926208 13238.235151454806 8.2083675265312177 645.75003400444984 1791.1579253673553 58.000352963805199 729.56000182032585 317.33146050572395
leaf_count=475 54779 34 2682 7646 247 3050 1312
internal_value=1.53244e-05 -0.00394362 -0.0026224 0.0208767 -0.0253437 0.0240954 -0.0601117
internal_weight=16905.3 14209.5 13884 2695.78 175.059 2520.72 325.54
internal_count=70225 58807 57461 11418 722 10696 1346
is_linear=0
shrinkage=0.1


Tree=19
num_leaves=8
num_cat=0
split_feature=44 69 74 5 16 19 46
split_gain=131.97 110.975 226.135 43.2516 39.04 74.8857 36.384
threshold=1.0000000180025095e-35 1.0000000180025095e-35 1.0000000180025095e-35 1.0000000180025095e-35 1.0000000180025095e-35 1.0000000180025095e-35 1.0000000180025095e-35
decision_type=2 2 2 2 2 2 2
left_child=4 3 -3 -2 5 -1 -6
right_child=1 2 -4 -5 6 -7 -8
leaf_value=0.035478120581880261 -0.0052221857999979965 -0.010100758655016062 0.017474658095944798 -0.030916258105999263 0.067143818362685515 -0.13536809669115615 0.023738462197425626
leaf_weight=63.365662440657616 1061.8141264617443 7354.1082160025835 4991.508318349719 1711.5645908713341 222.58190327882767 41.76258185505867 1441.7423648387194
leaf_count=258 4337 30589 20513 7054 1081 180 6213
internal_value=1.2399e-05 -0.00301231 0.00104889 -0.0210845 0.025844 -0.0330272 0.0295802
internal_weight=16888.4 15119 12345.6 2773.38 1769.45 105.128 1664.32
internal_count=70225 62493 51102 11391 7732 438 7294
is_linear=0
shrinkage=0.1


Tree=20
num_leaves=8
num_cat=0
split_feature=48 2 74 67 5 14 50
split_gain=123.828 101.449 89.8239 56.9752 42.5733 31.7744 21.1023
threshold=1.0000000180025095e-35 1.0000000180025095e-35 1.0000000180025095e-35 1.0000000180025095e-35 1.0000000180025095e-35 1.0000000180025095e-35 1.0000000180025095e-35
decision_type=2 2 2 2 2 2 2
left_child=4 3 -3 -2 5 -1 -6
right_child=1 2 -4 -5 6 -7 -8
leaf_value=-0.0077829551522071577 -0.0062529348819059735 -0.005986573450273351 0.014996450829383862 -0.026384684231784368 0.057557530909951804 0.029400624812046097 0.027077101355850553
leaf_weight=591.14878872036934 4477.0475011616945 4224.4266414344311 3943.8446839004755 2048.891818434 305.20168372988701 374.65799032151699 898.57198421657085
leaf_count=2590 18215 17389 15992 8592 1633 1697 4117
internal_value=1.15081e-05 -0.0032816 0.00414515 -0.0125766 0.0223064 0.00665688 0.0348464
internal_weight=16863.8 14694.2 8168.27 6525.94 2169.58 965.807 1203.77
internal_count=70225 60188 33381 26807 10037 4287 5750
is_linear=0
shrinkage=0.1


Tree=21
num_leaves=8
num_cat=0
split_feature=47 4 16 6 13 16 69
split_gain=106.775 71.9405 60.8185 53.9362 51.7373 41.8045 41.3506
threshold=1.0000000180025095e-35 1.0000000180025095e-35 1.0000000180025095e-35 1.0000000180025095e-35 1.0000000180025095e-35 1.0000000180025095e-35 1.0000000180025095e-35
decision_type=2 2 2 2 2 2 2
left_child=3 2 -2 5 -3 -1 -5
right_child=1 4 -4 6 -6 -7 -8
leaf_value=-0.060857819754641107 -0.02642224016933159 0.0045797621174007317 0.0031363899302301428 -0.005857186212091527 -0.023134702511005592 -0.0010724015607893221 0.020744935220322544
leaf_weight=132.39400364458561 774.1111101359129 875.35805255174637 6827.1781848818064 694.77577912807465 2916.9239603281021 949.58294008672237 3661.6312317103148
leaf_count=541 3221 3592 27803 2967 12055 4042 16004
internal_value=1.26033e-05 -0.00548999 0.000123076 0.0115396 -0.016738 -0.00843737 0.016502
internal_weight=16832 11393.6 7601.29 5438.38 3792.28 1081.98 4356.41
internal_count=70225 46671 31024 23554 15647 4583 18971
is_linear=0
shrinkage=0.1


Tree=22
num_leaves=8
num_cat=0
split_feature=42 20 16 21 29 16 9
split_gain=101.13 90.7465 205.677 36.4638 30.6155 26.5935 17.0269
threshold=1.0000000180025095e-35 1.0000000180025095e-35 1.0000000180025095e-35 1.0000000180025095e-35 1.0000000180025095e-35 1.0000000180025095e-35 1.0000000180025095e-35
decision_type=2 2 2 2 2 2 2
left_child=4 3 -3 -2 5 -1 -6
right_child=1 2 -4 -5 6 -7 -8
leaf_value=-0.020982449232907169 0.033624210851777678 -0.050717885051550317 -0.0015892037689280505 0.18240248894742936 -0.012017397862551529 0.027832608421666384 0.017712249263095885
leaf_weight=118.40872906148434 473.70917092263699 912.25693742930889 12736.667320549488 16.138797536492348 432.7883195579052 1767.9648024141788 345.54974834620953
leaf_count=500 1953 3786 53002 66 1807 7646 1465
internal_value=1.07862e-05 -0.00335743 -0.00487631 0.0388876 0.0178769 0.024759 0.00118712
internal_weight=16803.5 14138.8 13648.9 489.848 2664.71 1886.37 778.338
internal_count=70225 58807 56788 2019 11418 8146 3272
is_linear=0
shrinkage=0.1


Tree=23
num_leaves=8
num_cat=0
split_feature=69 74 75 44 56 48 67
split_gain=97.6796 168.549 693.212 59.1471 32.585 28.5888 4.87969
threshold=1.0000000180025095e-35 1.0000000180025095e-35 1.0000000180025095e-35 1.0000000180025095e-35 1.0000000180025095e-35 1.0000000180025095e-35 1.0000000180025095e-35
decision_type=2 2 2 2 2 2 2
left_child=4 3 -3 -2 5 -1 -6
right_child=1 2 -4 -5 6 -7 -8
leaf_value=0.018703350692419556 0.021561562397481769 0.0097939538790202795 0.19115432412292149 -0.0084065240000030898 -0.038624562163125133 -0.016516544591789466 -0.070808721779319933
leaf_weight=251.94757583737373 722.78502002358437 5470.5624648183584 218.20924396812916 7315.1019771397114 97.482683673501015 2611.3900827616453 100.73910993337631
leaf_count=1167 3212 22832 904 30589 400 10690 431
internal_value=1.00908e-05 0.0036127 0.0167829 -0.00570938 -0.0161383 -0.0134121 -0.0552543
internal_weight=16788.2 13726.7 5688.77 8037.89 3061.56 2863.34 198.222
internal_count=70225 57537 23736 33801 12688 11857 831
is_linear=0
shrinkage=0.1


Tree=24
num_leaves=8
num_cat=0
split_feature=31 37 25 6 39 28 35
split_gain=91.2186 119.958 79.3001 69.0365 68.9759 54.1404 47.9997
threshold=1.0000000180025095e-35 1.0000000180025095e-35 1.0000000180025095e-35 1.0000000180025095e-35 1.0000000180025095e-35 1.0000000180025095e-35 1.0000000180025095e-35
decision_type=2 2 2 2 2 2 2
left_child=2 3 4 -2 -1 -4 -3
right_child=1 6 5 -5 -6 -7 -8
leaf_value=-0.042682330079560654 -0.0039849764315522838 0.00061028218084389094 -0.010617884730422245 0.025383803108688281 0.0040266169080694905 -0.037684630271982045 -0.026868043800532766
leaf_weight=336.81623637676239 1042.0193608999252 2441.8726151883602 2692.6588859707117 3447.3164764493704 4929.1447527557611 1018.2566081285477 858.43483066558838
leaf_count=1391 4311 10180 11310 14503 20631 4259 3640
internal_value=1.17036e-05 0.00792932 -0.00685889 0.0185676 0.00103153 -0.018053 -0.00654301
internal_weight=16766.5 7789.64 8976.88 4489.34 5265.96 3710.92 3300.31
internal_count=70225 32634 37591 18814 22022 15569 13820
is_linear=0
shrinkage=0.1


end of trees

feature_importances:
discharge_disposition_id_lt=_10.0=31
change_lt=_0.5=14
number_inpatient_lt=_0.5=13
number_inpatient_lt=_1.5=10
number_outpatient_lt=_0.5=9
age_lt=_6.5=8
number_emergency_lt=_0.5=8
number_diagnoses_lt=_5.5=8
discharge_disposition_id_lt=_14.5=6
num_lab_procedures_lt=_30.5=5
number_inpatient_lt=_3.5=5
metformin_lt=_1.5=5
gender_lt=_0.5=4
discharge_disposition_id_lt=_1.5=4
num_procedures_lt=_0.5=4
number_diagnoses_lt=_6.5=4
age_lt=_5.5=3
num_medications_lt=_11.5=3
diag_1_lt=_98.5=3
age_lt=_7.5=2
discharge_disposition_id_lt=_2.5=2
time_in_hospital_lt=_3.5=2
num_medications_lt=_6.5=2
number_emergency_lt=_1.5=2
number_emergency_lt=_2.5=2
number_inpatient_lt=_2.5=2
race_lt=_0.5=1
admission_type_id_lt=_1.5=1
admission_type_id_lt=_2.5=1
admission_type_id_lt=_5.5=1
discharge_disposition_id_lt=_18.5=1
discharge_disposition_id_lt=_21.5=1
admission_source_id_lt=_4.5=1
num_lab_procedures_lt=_24.5=1
num_procedures_lt=_1.5=1
num_medications_lt=_36.5=1
number_inpatient_lt=_4.5=1
diag_1_lt=_96.5=1
diag_1_lt=_103.5=1
diabetesMed_lt=_0.5=1

parameters:
[boosting: gbdt]
[objective: binary]
[metric: binary_logloss]
[tree_learner: serial]
[device_type: cpu]
[data_sample_strategy: bagging]
[data: ]
[valid: ]
[num_iterations: 25]
[learning_rate: 0.1]
[num_leaves: 31]
[num_threads: 8]
[seed: 42]
[deterministic: 0]
[force_col_wise: 0]
[force_row_wise: 0]
[histogram_pool_size: -1]
[max_depth: 3]
[min_data_in_leaf: 20]
[min_sum_hessian_in_leaf: 0.001]
[bagging_fraction: 1]
[pos_bagging_fraction: 1]
[neg_bagging_fraction: 1]
[bagging_freq: 0]
[bagging_seed: 400]
[bagging_by_query: 0]
[feature_fraction: 1]
[feature_fraction_bynode: 1]
[feature_fraction_seed: 30056]
[extra_trees: 0]
[extra_seed: 12879]
[early_stopping_round: 0]
[early_stopping_min_delta: 0]
[first_metric_only: 0]
[max_delta_step: 0]
[lambda_l1: 0]
[lambda_l2: 1]
[linear_lambda: 0]
[min_gain_to_split: 0]
[drop_rate: 0.1]
[max_drop: 50]
[skip_drop: 0.5]
[xgboost_dart_mode: 0]
[uniform_drop: 0]
[drop_seed: 17869]
[top_rate: 0.2]
[other_rate: 0.1]
[min_data_per_group: 100]
[max_cat_threshold: 32]
[cat_l2: 10]
[cat_smooth: 10]
[max_cat_to_onehot: 4]
[top_k: 20]
[monotone_constraints: ]
[monotone_constraints_method: basic]
[monotone_penalty: 0]
[feature_contri: ]
[forcedsplits_filename: ]
[refit_decay_rate: 0.9]
[cegb_tradeoff: 1]
[cegb_penalty_split: 0]
[cegb_penalty_feature_lazy: ]
[cegb_penalty_feature_coupled: ]
[path_smooth: 0]
[interaction_constraints: ]
[verbosity: -1]
[saved_feature_importance_type: 0]
[use_quantized_grad: 0]
[num_grad_quant_bins: 4]
[quant_train_renew_leaf: 0]
[stochastic_rounding: 1]
[linear_tree: 0]
[max_bin: 255]
[max_bin_by_feature: ]
[min_data_in_bin: 3]
[bin_construct_sample_cnt: 200000]
[data_random_seed: 175]
[is_enable_sparse: 1]
[enable_bundle: 1]
[use_missing: 1]
[zero_as_missing: 0]
[feature_pre_filter: 1]
[pre_partition: 0]
[two_round: 0]
[header: 0]
[label_column: ]
[weight_column: ]
[group_column: ]
[ignore_column: ]
[categorical_feature: ]
[forcedbins_filename: ]
[precise_float_parser: 0]
[parser_config_file: ]
[objective_seed: 16083]
[num_class: 1]
[is_unbalance: 0]
[scale_pos_weight: 1]
[sigmoid: 1]
[boost_from_average: 1]
[reg_sqrt: 0]
[alpha: 0.9]
[fair_c: 1]
[poisson_max_delta_step: 0.7]
[tweedie_variance_power: 1.5]
[lambdarank_truncation_level: 30]
[lambdarank_norm: 1]
[label_gain: ]
[lambdarank_position_bias_regularization: 0]
[eval_at: ]
[multi_error_top_k: 1]
[auc_mu_weights: ]
[num_machines: 1]
[local_listen_port: 12400]
[time_out: 120]
[machine_list_filename: ]
[machines: ]
[gpu_platform_id: -1]
[gpu_device_id: -1]
[gpu_use_dp: 0]
[num_gpu: 1]

end of parameters

pandas_categorical:[]
