tree
version=v4
num_class=1
num_tree_per_iteration=1
label_index=0
max_feature_idx=37
objective=binary sigmoid:1
feature_names=race_lt=_0.5 race_lt=_3.5 gender_lt=_0.5 age_lt=_8.5 discharge_disposition_id_lt=_10.5 discharge_disposition_id_lt=_14.5 discharge_disposition_id_lt=_18.5 admission_source_id_lt=_1.5 admission_source_id_lt=_4.5 time_in_hospital_lt=_1.5 num_lab_procedures_lt=_26.5 num_procedures_lt=_0.5 num_procedures_lt=_1.5 num_procedures_lt=_2.5 num_medications_lt=_5.5 num_medications_lt=_6.5 num_medications_lt=_8.5 num_medications_lt=_11.5 num_medications_lt=_36.5 number_outpatient_lt=_0.5 number_emergency_lt=_0.5 number_emergency_lt=_1.5 number_emergency_lt=_2.5 number_inpatient_lt=_0.5 number_inpatient_lt=_1.5 number_inpatient_lt=_2.5 number_inpatient_lt=_3.5 number_inpatient_lt=_4.5 diag_1_lt=_96.5 diag_1_lt=_98.5 diag_1_lt=_338.5 diag_2_lt=_469.5 number_diagnoses_lt=_5.5 number_diagnoses_lt=_6.5 metformin_lt=_1.5 insulin_lt=_1.5 change_lt=_0.5 diag_3_lt=_246.5
feature_infos=[0:1] [0:1] [0:1] [0:1] [0:1] [0:1] [0:1] [0:1] [0:1] [0:1] [0:1] [0:1] [0:1] [0:1] [0:1] [0:1] [0:1] [0:1] [0:1] [0:1] [0:1] [0:1] [0:1] [0:1] [0:1] [0:1] [0:1] [0:1] [0:1] [0:1] [0:1] [0:1] [0:1] [0:1] [0:1] [0:1] [0:1] [0:1]
tree_sizes=931 1033 1027 1030 1030 1034 1024 1035 1033 1024 1033 1025 1036 1029 1030 1030 1032 1026 1029 1023 1027 1030 1035 1030 1038

Tree=0
num_leaves=8
num_cat=0
split_feature=23 32 24 4 36 4 36
split_gain=2703.35 449.525 436.493 249.83 206.386 161.593 89.1599
threshold=1.0000000180025095e-35 1.0000000180025095e-35 1.0000000180025095e-35 1.0000000180025095e-35 1.0000000180025095e-35 1.0000000180025095e-35 1.0000000180025095e-35
decision_type=2 2 2 2 2 2 2
left_child=2 4 3 -1 -2 -4 -3
right_child=1 6 5 -5 -6 -7 -8
leaf_value=-0.0067903208200472357 -0.031589779627434963 -0.078945420166812941 -0.038116972920918445 0.097475180455137256 -0.0011277382212417117 0.038616431224966934 -0.042642130962216244
leaf_weight=255.75 4617 1554 300.5 2253.5 4290.75 3078.75 1206
leaf_count=1023 18468 6216 1202 9014 17163 12315 4824
internal_value=2.84847e-05 -0.027848 0.0552595 0.0868497 -0.0169184 0.0317836 -0.0631037
internal_weight=17556.2 11667.8 5888.5 2509.25 8907.75 3379.25 2760
internal_count=70225 46671 23554 10037 35631 13517 11040
is_linear=0
shrinkage=1


Tree=1
num_leaves=8
num_cat=0
split_feature=23 32 24 4 36 4 36
split_gain=2192 364.955 355.446 203.274 167.25 130.996 72.5876
threshold=1.0000000180025095e-35 1.0000000180025095e-35 1.0000000180025095e-35 1.0000000180025095e-35 1.0000000180025095e-35 1.0000000180025095e-35 1.0000000180025095e-35
decision_type=2 2 2 2 2 2 2
left_child=2 4 3 -1 -2 -4 -3
right_child=1 6 5 -5 -6 -7 -8
leaf_value=-0.0061396501316405751 -0.028464488342076485 -0.071196439165208167 -0.034356454811795119 0.087922486536759922 -0.0010406302612110125 0.034743828480188324 -0.038425182705248077
leaf_weight=255.74705792963505 4615.8483104109764 1551.5812672376633 300.39088499546051 2248.1555786430836 4290.7487212568521 3077.6025257259607 1205.4519624710083
leaf_count=1023 18468 6216 1202 9014 17163 12315 4824
internal_value=2.27192e-07 -0.0250997 0.0497685 0.0783164 -0.0152547 0.0285907 -0.0568871
internal_weight=17545.5 11663.6 5881.9 2503.9 8906.6 3377.99 2757.03
internal_count=70225 46671 23554 10037 35631 13517 11040
is_linear=0
shrinkage=0.1


Tree=2
num_leaves=8
num_cat=0
split_feature=23 25 32 4 4 4 36
split_gain=1780.32 298.971 297.336 173.025 156.589 91.9499 59.583
threshold=1.0000000180025095e-35 1.0000000180025095e-35 1.0000000180025095e-35 1.0000000180025095e-35 1.0000000180025095e-35 1.0000000180025095e-35 1.0000000180025095e-35
decision_type=2 2 2 2 2 2 2
left_child=1 5 4 -3 -2 -1 -4
right_child=2 3 6 -5 -6 -7 -8
leaf_value=0.0066434099295217298 -0.054924328191637312 -0.026449667939476798 -0.064355746101262046 0.039687304921161598 -0.009463860607134212 0.09891806435008621 -0.034628970706957238
leaf_weight=120.2449756115675 835.32379579544067 435.60009509325027 1545.2750372886658 4237.0935896039009 8068.2606965899467 1071.763841509819 1204.0207679271698
leaf_count=481 3343 1744 6216 17005 32288 4324 4824
internal_value=1.74638e-06 0.0449344 -0.022614 0.0335175 -0.0137346 0.0896231 -0.0513546
internal_weight=17517.6 5864.7 11652.9 4672.69 8903.58 1192.01 2749.3
internal_count=70225 23554 46671 18749 35631 4805 11040
is_linear=0
shrinkage=0.1


Tree=3
num_leaves=8
num_cat=0
split_feature=23 24 33 19 4 36 4
split_gain=1447.34 263.129 247.44 140.347 139.109 85.6838 85.0861
threshold=1.0000000180025095e-35 1.0000000180025095e-35 1.0000000180025095e-35 1.0000000180025095e-35 1.0000000180025095e-35 1.0000000180025095e-35 1.0000000180025095e-35
decision_type=2 2 2 2 2 2 2
left_child=1 4 3 -2 -1 -4 -3
right_child=2 6 5 -5 -6 -7 -8
leaf_value=-0.0044444677752930178 0.022938450470131683 -0.028360188266399002 -0.053636246425223667 -0.015458975102758574 0.073433007086456115 -0.024022785781749493 0.02738901638662454
leaf_weight=255.69628918170929 1112.7303248047829 299.76603502035141 2227.0223599523306 6554.0769786089659 2217.219034075737 1745.1648499965668 3068.9345347881317
leaf_count=1023 4454 1202 8983 26237 9014 6997 12315
internal_value=3.67799e-06 0.0406158 -0.0203813 -0.00988386 0.065382 -0.040635 0.0224212
internal_weight=17480.6 5841.62 11639 7666.81 2472.92 3972.19 3368.7
internal_count=70225 23554 46671 30691 10037 15980 13517
is_linear=0
shrinkage=0.1


Tree=4
num_leaves=8
num_cat=0
split_feature=23 25 32 36 4 4 2
split_gain=1177.66 223.357 208.318 129.369 113.875 64.4887 52.107
threshold=1.0000000180025095e-35 1.0000000180025095e-35 1.0000000180025095e-35 1.0000000180025095e-35 1.0000000180025095e-35 1.0000000180025095e-35 1.0000000180025095e-35
decision_type=2 2 2 2 2 2 2
left_child=1 5 3 -2 -3 -1 -4
right_child=2 4 6 -5 -6 -7 -8
leaf_value=0.0064252560820491971 -0.022592605019067399 -0.021772120928049078 -0.05793341916584184 0.0015389974125750452 0.031946853488827719 0.083800702826479986 -0.030089878237362689
leaf_weight=120.24653811752796 4606.8044581264257 434.7211366891861 1218.5238392651081 4289.5859393924475 4210.3814686089754 1047.1369205713272 1508.0093458592892
leaf_count=481 18468 1744 4934 17163 17005 4324 6106
internal_value=6.38121e-06 0.0367538 -0.0183721 -0.0109582 0.0269159 0.075843 -0.0425502
internal_weight=17435.4 5812.49 11622.9 8896.39 4645.1 1167.38 2726.53
internal_count=70225 23554 46671 35631 18749 4805 11040
is_linear=0
shrinkage=0.1


Tree=5
num_leaves=8
num_cat=0
split_feature=23 24 19 32 4 32 11
split_gain=958.649 197.502 189.489 143.691 96.6611 75.3076 31.907
threshold=1.0000000180025095e-35 1.0000000180025095e-35 1.0000000180025095e-35 1.0000000180025095e-35 1.0000000180025095e-35 1.0000000180025095e-35 1.0000000180025095e-35
decision_type=2 2 2 2 2 2 2
left_child=1 4 6 -4 -1 -3 -2
right_child=2 5 3 -5 -6 -7 -8
leaf_value=-0.0031554966191533643 0.0033950988929145019 0.024006345134445523 -0.014631036303843853 -0.042267153476479268 0.061845574005553877 -0.017168619099205192 0.032865139597273343
leaf_weight=255.6037825345993 805.49664551019669 2828.6668417006731 7626.3640304207802 2497.4565211385489 2171.0388726592064 526.16104125976562 674.86938753724098
leaf_count=1023 3233 11397 30567 10164 9014 2120 2707
internal_value=8.76549e-06 0.0332731 -0.0165657 -0.0214521 0.0550004 0.0175454 0.016843
internal_weight=17385.7 5781.47 11604.2 10123.8 2426.64 3354.83 1480.37
internal_count=70225 23554 46671 40731 10037 13517 5940
is_linear=0
shrinkage=0.1


Tree=6
num_leaves=8
num_cat=0
split_feature=23 26 20 36 19 4 4
split_gain=780.472 179.622 158.965 159.385 102.755 24.3398 21.4069
threshold=1.0000000180025095e-35 1.0000000180025095e-35 1.0000000180025095e-35 1.0000000180025095e-35 1.0000000180025095e-35 1.0000000180025095e-35 1.0000000180025095e-35
decision_type=2 2 2 2 2 2 2
left_child=1 6 5 -4 -3 -2 -1
right_child=2 4 3 -5 -6 -7 -8
leaf_value=0.021293217188041072 -0.048274954623493349 0.050718072768234472 -0.02944999456023244 -0.0051053253887224162 0.016679329356050147 0.0326330697578711 0.088703894566686273
leaf_weight=52.499270886182785 38.277557387948036 1136.9053346216679 5760.3121543377638 5044.5086959600449 4029.3120892941952 742.6074632704258 530.90031059086323
leaf_count=210 154 4653 23293 20241 16430 2983 2261
internal_value=1.13384e-05 0.0301283 -0.014936 -0.0180856 0.0241784 0.0286104 0.0826845
internal_weight=17335.3 5749.62 11585.7 10804.8 5166.22 780.885 583.4
internal_count=70225 23554 46671 43534 21083 3137 2471
is_linear=0
shrinkage=0.1


Tree=7
num_leaves=8
num_cat=0
split_feature=23 24 19 2 4 32 10
split_gain=635.206 152.322 149.132 128.126 76.6868 60.213 28.8502
threshold=1.0000000180025095e-35 1.0000000180025095e-35 1.0000000180025095e-35 1.0000000180025095e-35 1.0000000180025095e-35 1.0000000180025095e-35 1.0000000180025095e-35
decision_type=2 2 2 2 2 2 2
left_child=1 4 6 -4 -1 -3 -2
right_child=2 5 3 -5 -6 -7 -8
leaf_value=-0.005113224074724484 0.024804531437647985 0.019297658827131258 -0.030244981506606414 -0.0075969385564162205 0.052839449118400432 -0.017535268976911187 -0.006381094403551087
leaf_weight=255.66029006242752 1070.1815918833017 2817.1660402268171 4550.0827506780624 5538.8599321693182 2122.3733500540257 525.98461726307869 409.77699038386345
leaf_count=1023 4293 11397 18381 22350 9014 2120 1647
internal_value=1.41268e-05 0.0272673 -0.0134646 -0.0178131 0.0466095 0.0134991 0.0161712
internal_weight=17290.1 5721.18 11568.9 10088.9 2378.03 3343.15 1479.96
internal_count=70225 23554 46671 40731 10037 13517 5940
is_linear=0
shrinkage=0.1


Tree=8
num_leaves=8
num_cat=0
split_feature=23 33 26 4 4 11 20
split_gain=517.178 143.481 142.825 107.911 93.9229 78.2971 20.2701
threshold=1.0000000180025095e-35 1.0000000180025095e-35 1.0000000180025095e-35 1.0000000180025095e-35 1.0000000180025095e-35 1.0000000180025095e-35 1.0000000180025095e-35
decision_type=2 2 2 2 2 2 2
left_child=2 3 6 -2 -4 -3 -1
right_child=1 5 4 -5 -6 -7 -8
leaf_value=0.096412763185270089 -0.041393033970762348 -0.041206023585452473 -0.021572449531454353 -0.00037091623744528381 0.023901723745215514 -0.012869943583279007 0.057048449953596939
leaf_weight=218.49544535577297 705.56482744216919 2047.5121059864759 502.89430038630962 6937.3886761367321 4622.8126032203436 1863.5143540948629 344.3222868591547
leaf_count=963 2843 8370 2015 27848 19068 7610 1508
internal_value=1.6323e-05 -0.0121357 0.0246961 -0.00416282 0.0194368 -0.0277113 0.0724742
internal_weight=17242.5 11554 5688.52 7642.95 5125.71 3911.03 562.818
internal_count=70225 46671 23554 30691 21083 15980 2471
is_linear=0
shrinkage=0.1


Tree=9
num_leaves=8
num_cat=0
split_feature=24 20 36 27 4 4 21
split_gain=424.633 197.29 172.773 61.5821 49.7081 46.2988 16.427
threshold=1.0000000180025095e-35 1.0000000180025095e-35 1.0000000180025095e-35 1.0000000180025095e-35 1.0000000180025095e-35 1.0000000180025095e-35 1.0000000180025095e-35
decision_type=2 2 2 2 2 2 2
left_child=3 4 -3 6 -2 -5 -1
right_child=1 2 -4 5 -6 -7 -8
leaf_value=0.11765208383107506 -0.051493776441779077 -0.020366148069627946 0.0022111375668561598 -0.0088453413961236144 0.036263497302557755 0.038794124854920183 0.065977829881908062
leaf_weight=90.227658748626709 67.362067863345146 7185.205370247364 6415.029873624444 229.77220658957958 1197.7541919201612 1794.8220157772303 213.52933983504772
leaf_count=410 272 29233 25848 920 4835 7751 956
internal_value=1.71907e-05 -0.00620312 -0.0097174 0.0397164 0.0315538 0.0333858 0.0816628
internal_weight=17193.7 14865.4 13600.2 2328.35 1265.12 2024.59 303.757
internal_count=70225 60188 55081 10037 5107 8671 1366
is_linear=0
shrinkage=0.1


Tree=10
num_leaves=8
num_cat=0
split_feature=23 15 11 20 4 28 29
split_gain=370.929 125.761 143.495 107.588 69.2969 60.8396 26.4267
threshold=1.0000000180025095e-35 1.0000000180025095e-35 1.0000000180025095e-35 1.0000000180025095e-35 1.0000000180025095e-35 1.0000000180025095e-35 1.0000000180025095e-35
decision_type=2 2 2 2 2 2 2
left_child=3 2 -2 4 -1 -5 -3
right_child=1 6 -4 5 -6 -7 -8
leaf_value=-0.045663682161822663 -0.017154982092322114 -0.039358674662971736 0.0064266054939010435 0.016366077769324031 0.056282033578590664 -0.051476720007217362 -0.098008256750467745
leaf_weight=70.693976044654846 6030.0642171651125 899.57293711602688 4509.3406835198402 4422.0545077621937 1002.363466411829 135.30360500514507 83.678251415491104
leaf_count=284 24423 3684 18220 18401 4311 558 344
internal_value=2.02852e-05 -0.010259 -0.00706582 0.0210549 0.0495295 0.014341 -0.0444445
internal_weight=17153.1 11522.7 10539.4 5630.42 1073.06 4557.36 983.251
internal_count=70225 46671 42643 23554 4595 18959 4028
is_linear=0
shrinkage=0.1


Tree=11
num_leaves=8
num_cat=0
split_feature=24 19 32 27 4 4 21
split_gain=306.88 174.95 147.305 52.1802 47.6692 34.9845 14.1645
threshold=1.0000000180025095e-35 1.0000000180025095e-35 1.0000000180025095e-35 1.0000000180025095e-35 1.0000000180025095e-35 1.0000000180025095e-35 1.0000000180025095e-35
decision_type=2 2 2 2 2 2 2
left_child=3 4 -3 6 -2 -5 -1
right_child=1 2 -4 5 -6 -7 -8
leaf_value=0.10822345116969972 -0.039173831151343125 -0.0038231354248034451 -0.02946079075317359 -0.0083537677191234637 0.024907022864585276 0.033101853777468264 0.058986321684646729
leaf_weight=84.587116986513138 122.30219894647598 9786.3825080543756 2905.9006360173225 229.7280513048172 2015.1595040261745 1762.577942609787 207.19312061369419
leaf_count=410 492 39518 12028 920 8150 7751 956
internal_value=1.87885e-05 -0.00523721 -0.00969474 0.0341315 0.0212238 0.0283199 0.0735811
internal_weight=17113.8 14829.7 12692.3 2284.09 2137.46 1992.31 291.78
internal_count=70225 60188 51546 10037 8642 8671 1366
is_linear=0
shrinkage=0.1


Tree=12
num_leaves=8
num_cat=0
split_feature=23 2 36 21 19 33 4
split_gain=264.915 116.65 116.478 88.6615 61.6419 52.3771 32.4276
threshold=1.0000000180025095e-35 1.0000000180025095e-35 1.0000000180025095e-35 1.0000000180025095e-35 1.0000000180025095e-35 1.0000000180025095e-35 1.0000000180025095e-35
decision_type=2 2 2 2 2 2 2
left_child=3 5 -3 6 -5 -2 -1
right_child=1 2 -4 4 -6 -7 -8
leaf_value=-0.051207556237274021 -0.012696153826583428 -0.012521792053577153 0.014575340196031017 0.035333691447889941 0.0086805284155113942 -0.034099464853323484 0.069824659049856394
leaf_weight=22.797554105520248 3417.1040314137936 3326.1855486631393 3030.9066651463509 1102.1397612094879 4071.3229606002569 1718.9745157212019 382.20787771046162
leaf_count=92 13762 13581 12189 4706 17031 7139 1725
internal_value=2.04081e-05 -0.00865815 0.000397721 0.017899 0.0143644 -0.0198648 0.0629025
internal_weight=17071.6 11493.2 6357.09 5578.47 5173.46 5136.08 405.005
internal_count=70225 46671 25770 23554 21737 20901 1817
is_linear=0
shrinkage=0.1


Tree=13
num_leaves=8
num_cat=0
split_feature=20 34 36 4 5 22 29
split_gain=232.6 162.132 294.146 59.3485 113.698 48.6277 35.5355
threshold=1.0000000180025095e-35 1.0000000180025095e-35 1.0000000180025095e-35 1.0000000180025095e-35 1.0000000180025095e-35 1.0000000180025095e-35 1.0000000180025095e-35
decision_type=2 2 2 2 2 2 2
left_child=3 6 -3 4 -1 -5 -2
right_child=1 2 -4 5 -6 -7 -8
leaf_value=0.047865759780217135 -0.022983527522778019 -0.011790168882977613 0.019568773333556156 0.080266701090083784 -0.15879270826664696 0.031548742710059613 -0.071377503564858127
leaf_weight=63.546686813235283 2632.3171252310276 7404.6659399420023 5016.9167525619268 237.84360511600971 44.407174229621887 1471.1712493151426 160.32996502518654
leaf_count=258 10737 30589 20513 1081 180 6213 654
internal_value=1.9831e-05 -0.00401951 0.000875858 0.0338265 -0.0378211 0.0383718 -0.0257865
internal_weight=17031.2 15214.2 12421.6 1816.97 107.954 1709.01 2792.65
internal_count=70225 62493 51102 7732 438 7294 11391
is_linear=0
shrinkage=0.1


Tree=14
num_leaves=8
num_cat=0
split_feature=24 34 36 27 5 17 21
split_gain=208.811 133.625 227.559 41.8991 35.7566 35.2975 10.4648
threshold=1.0000000180025095e-35 1.0000000180025095e-35 1.0000000180025095e-35 1.0000000180025095e-35 1.0000000180025095e-35 1.0000000180025095e-35 1.0000000180025095e-35
decision_type=2 2 2 2 2 2 2
left_child=3 5 -3 6 -5 -2 -1
right_child=1 2 -4 4 -6 -7 -8
leaf_value=0.096647987193424781 -0.017073613138695775 -0.011096062481867506 0.016991385049534718 0.069763147885023871 0.019386110003594886 -0.042328065930476923 0.052445252768500698
leaf_weight=75.936226606369019 2068.8300620168447 7086.8157350122929 4862.951953843236 152.07121823728085 1804.4759030044079 756.08422864973545 200.86456020176411
leaf_count=410 8386 29061 19654 609 8062 3087 956
internal_value=1.85489e-05 -0.00428995 0.000334576 0.0285105 0.0233353 -0.0238455 0.0648759
internal_weight=17008 14774.7 11949.8 2233.35 1956.55 2824.91 276.801
internal_count=70225 60188 48715 10037 8671 11473 1366
is_linear=0
shrinkage=0.1


Tree=15
num_leaves=8
num_cat=0
split_feature=19 8 17 11 4 5 10
split_gain=192.916 121.131 127.993 81.9028 57.4437 164.729 54.7815
threshold=1.0000000180025095e-35 1.0000000180025095e-35 1.0000000180025095e-35 1.0000000180025095e-35 1.0000000180025095e-35 1.0000000180025095e-35 1.0000000180025095e-35
decision_type=2 2 2 2 2 2 2
left_child=4 2 -2 -3 5 -1 -6
right_child=1 3 -4 -5 6 -7 -8
leaf_value=0.038957925805102732 0.010193398976449613 -0.026295822462754689 -0.014267807926607472 0.0024504506341165534 0.036453209669295321 -0.1620815640765331 0.0020363569420126367
leaf_weight=117.72384658455849 6276.4200028330088 3319.5814890116453 3243.8110114037991 1412.6287587285042 1938.3486257195473 61.115908980369568 607.4635713249445
leaf_count=475 25882 13683 13424 5818 8165 247 2531
internal_value=1.94624e-05 -0.00464179 0.00185815 -0.017716 0.0243949 -0.0302637 0.0282449
internal_weight=16977.1 14252.4 9520.23 4732.21 2724.65 178.84 2545.81
internal_count=70225 58807 39306 19501 11418 722 10696
is_linear=0
shrinkage=0.1


Tree=16
num_leaves=8
num_cat=0
split_feature=23 2 36 26 4 15 4
split_gain=171.265 91.4647 66.847 63.4707 49.6243 41.9159 12.4126
threshold=1.0000000180025095e-35 1.0000000180025095e-35 1.0000000180025095e-35 1.0000000180025095e-35 1.0000000180025095e-35 1.0000000180025095e-35 1.0000000180025095e-35
decision_type=2 2 2 2 2 2 2
left_child=3 5 -3 6 -5 -2 -1
right_child=1 2 -4 4 -6 -7 -8
leaf_value=0.0020304440904522119 -0.013997264872466487 -0.008766749977857204 0.011791574978304119 -0.018740061524429034 0.014410756429844407 -0.045056040296217736 0.053748365589660875
leaf_weight=51.834269240498543 4626.7675302475691 3306.005543217063 3030.5250592380762 500.87843556702137 4513.0810612142086 478.90884883701801 448.827496483922
leaf_count=210 18889 13581 12189 2015 19068 2012 2261
internal_value=1.69092e-05 -0.00695995 0.00106584 0.0144917 0.011096 -0.0169188 0.0484087
internal_weight=16956.8 11442.2 6336.53 5514.62 5013.96 5105.68 500.662
internal_count=70225 46671 25770 23554 21083 20901 2471
is_linear=0
shrinkage=0.1


Tree=17
num_leaves=8
num_cat=0
split_feature=20 29 12 4 5 22 4
split_gain=161.635 115.274 114.619 44.9969 88.0639 37.4072 24.2388
threshold=1.0000000180025095e-35 1.0000000180025095e-35 1.0000000180025095e-35 1.0000000180025095e-35 1.0000000180025095e-35 1.0000000180025095e-35 1.0000000180025095e-35
decision_type=2 2 2 2 2 2 2
left_child=3 2 -2 4 -1 -5 -3
right_child=1 6 -4 5 -6 -7 -8
leaf_value=0.040409642356811951 -0.014029429571417016 -0.09211438577624545 0.0048953012358526424 0.070283945950085025 -0.14300882753915359 0.026562853940451388 -0.035597806016909671
leaf_weight=63.680727660655975 4792.9909815937281 86.022812992334366 9626.3358906507492 225.91636005043983 43.06968280673027 1450.8166726976633 628.29989892244339
leaf_count=258 19764 354 39776 1081 180 6213 2599
internal_value=1.64524e-05 -0.00333975 -0.00139582 0.0284813 -0.0342331 0.032492 -0.0425231
internal_weight=16917.1 15133.6 14419.3 1783.48 106.75 1676.73 714.323
internal_count=70225 62493 59540 7732 438 7294 2953
is_linear=0
shrinkage=0.1


Tree=18
num_leaves=8
num_cat=0
split_feature=19 0 34 10 4 12 8
split_gain=145.209 105.545 95.9282 41.8583 40.6838 14.7288 4.9771
threshold=1.0000000180025095e-35 1.0000000180025095e-35 1.0000000180025095e-35 1.0000000180025095e-35 1.0000000180025095e-35 1.0000000180025095e-35 1.0000000180025095e-35
decision_type=2 2 2 2 2 2 2
left_child=3 2 -2 4 -1 -5 -3
right_child=1 6 -4 5 -6 -7 -8
leaf_value=-0.026206637972185861 -0.020352700733666171 -0.048650805373385057 0.0012118038658439259 -0.024886413431499749 0.031945495703510088 0.0085496460802419582 -0.074359796938160333
leaf_weight=127.62297104299068 2519.830325782299 180.85613502562046 11353.84196190536 181.48839737474918 1918.0220831334591 472.81131109595299 144.3335904031992
leaf_count=520 10369 747 47092 753 8165 1980 599
internal_value=1.43484e-05 -0.00402823 -0.00270607 0.0212677 0.0283065 -0.000748608 -0.0602546
internal_weight=16898.8 14198.9 13873.7 2699.94 2045.65 654.3 325.19
internal_count=70225 58807 57461 11418 8685 2733 1346
is_linear=0
shrinkage=0.1


Tree=19
num_leaves=8
num_cat=0
split_feature=24 32 4 5 4 29 18
split_gain=129.746 104.916 111.892 39.1509 271.276 36.662 3.73113
threshold=1.0000000180025095e-35 1.0000000180025095e-35 1.0000000180025095e-35 1.0000000180025095e-35 1.0000000180025095e-35 1.0000000180025095e-35 1.0000000180025095e-35
decision_type=2 2 2 2 2 2 2
left_child=3 2 -2 6 -5 -3 -1
right_child=1 5 -4 4 -6 -7 -8
leaf_value=-0.00029260894421796307 -0.029730682610289251 -0.016571073884995208 0.0041742116615631234 -0.15609415425565454 0.02657394273903247 -0.058386226407211653 0.071897506923625287
leaf_weight=7.4788376539945594 1071.7684296220541 2906.4425143301487 10503.605894640088 83.897118628025055 1923.3517300486565 225.22738742828369 162.54777148365974
leaf_count=30 4375 12197 42653 340 9014 963 653
internal_value=1.23283e-05 -0.003361 0.00103265 0.0227895 0.018865 -0.0195961 0.068739
internal_weight=16884.3 14707 11575.4 2177.28 2007.25 3131.67 170.027
internal_count=70225 60188 47028 10037 9354 13160 683
is_linear=0
shrinkage=0.1


Tree=20
num_leaves=8
num_cat=0
split_feature=20 12 17 33 4 5 22
split_gain=120.7 91.2021 125.155 53.2628 31.5223 68.1343 30.9909
threshold=1.0000000180025095e-35 1.0000000180025095e-35 1.0000000180025095e-35 1.0000000180025095e-35 1.0000000180025095e-35 1.0000000180025095e-35 1.0000000180025095e-35
decision_type=2 2 2 2 2 2 2
left_child=4 3 -3 -2 5 -1 -6
right_child=1 2 -4 -5 6 -7 -8
leaf_value=0.036427904544746398 -0.0073525367425837556 0.011393335768115048 -0.01166986028360574 -0.030071011458454974 0.063213496279107745 -0.12749096895220521 0.022789387749375913
leaf_weight=63.549946621060371 3650.0182628631592 6215.8562678992748 3784.787451967597 1438.2991491854191 218.10147258639336 40.844168856739998 1437.1595288068056
leaf_count=258 14975 25718 15728 6072 1081 180 6213
internal_value=9.92925e-06 -0.00288101 0.00266467 -0.0137789 0.0247871 -0.0283065 0.0281507
internal_weight=16848.6 15089 10000.6 5088.32 1759.66 104.394 1655.26
internal_count=70225 62493 41446 21047 7732 438 7294
is_linear=0
shrinkage=0.1


Tree=21
num_leaves=8
num_cat=0
split_feature=19 0 2 10 4 12 10
split_gain=107.233 84.2054 79.5729 32.8231 28.0817 10.6641 4.85215
threshold=1.0000000180025095e-35 1.0000000180025095e-35 1.0000000180025095e-35 1.0000000180025095e-35 1.0000000180025095e-35 1.0000000180025095e-35 1.0000000180025095e-35
decision_type=2 2 2 2 2 2 2
left_child=3 2 -2 4 -1 -5 -3
right_child=1 6 -4 5 -6 -7 -8
leaf_value=-0.020919016029247613 -0.010770738476824531 -0.048435985528624353 0.0044960520729356787 -0.02173337075879159 0.027679037834440503 0.0067738495922525926 -0.083481181584417308
leaf_weight=126.13415677845478 6140.7430904954672 273.4205362200737 7686.2634032964706 180.85997213423252 1898.3428227603436 470.32148057222366 48.408319771289825
leaf_count=520 25602 1142 31859 753 8165 1980 204
internal_value=8.762e-06 -0.00346331 -0.00228441 0.0183635 0.0246423 -0.00116497 -0.0539496
internal_weight=16824.5 14148.8 13827 2675.66 2024.48 651.181 321.829
internal_count=70225 58807 57461 11418 8685 2733 1346
is_linear=0
shrinkage=0.1


Tree=22
num_leaves=8
num_cat=0
split_feature=34 36 35 20 24 6 26
split_gain=104.099 174.977 144.344 58.3054 28.8658 22.4825 6.93716
threshold=1.0000000180025095e-35 1.0000000180025095e-35 1.0000000180025095e-35 1.0000000180025095e-35 1.0000000180025095e-35 1.0000000180025095e-35 1.0000000180025095e-35
decision_type=2 2 2 2 2 2 2
left_child=4 3 -3 -2 6 -6 -1
right_child=1 2 -4 -5 5 -7 -8
leaf_value=0.050897193887562732 0.021283776217094812 0.0020535406252136503 0.033929388343046422 -0.0084475026031755867 0.026965378058957615 -0.021348631527077319 0.0076368041145678514
leaf_weight=43.781830430030823 723.91589172184467 3004.0599299967289 2694.3698363006115 7324.4512496441603 99.05281038582325 2701.7970594763756 218.31670419871807
leaf_count=231 3212 12509 11227 30589 407 11066 984
internal_value=7.2295e-06 0.00372208 0.0171286 -0.00577099 -0.0166612 -0.019631 0.0150292
internal_weight=16809.7 13746.8 5698.43 8048.37 3062.95 2800.85 262.099
internal_count=70225 57537 23736 33801 12688 11473 1215
is_linear=0
shrinkage=0.1


Tree=23
num_leaves=8
num_cat=0
split_feature=23 15 11 5 4 29 24
split_gain=95.1501 63.8443 79.8116 46.1812 368.463 17.0891 9.2358
threshold=1.0000000180025095e-35 1.0000000180025095e-35 1.0000000180025095e-35 1.0000000180025095e-35 1.0000000180025095e-35 1.0000000180025095e-35 1.0000000180025095e-35
decision_type=2 2 2 2 2 2 2
left_child=3 2 -2 6 -5 -3 -1
right_child=1 5 -4 4 -6 -7 -8
leaf_value=0.061876270425088503 -0.010519060247905164 -0.025922959979318472 0.0071598365559229207 -0.13742569985095562 0.013380800601241647 -0.074674529283238297 0.030266386760176945
leaf_weight=169.37199839949608 5943.9140429198742 872.51942329108715 4475.5556926429272 166.58767399191856 4873.4173941910267 77.800778716802597 210.73806068301201
leaf_count=683 24423 3684 18220 690 21329 344 852
internal_value=7.81147e-06 -0.0051898 -0.00292535 0.0109098 0.00836991 -0.0299885 0.0444767
internal_weight=16789.9 11369.8 10419.5 5420.12 5040.01 950.32 380.11
internal_count=70225 46671 42643 23554 22019 4028 1535
is_linear=0
shrinkage=0.1


Tree=24
num_leaves=8
num_cat=0
split_feature=34 36 35 19 17 11 35
split_gain=85.1835 138.763 117.448 50.032 24.3321 21.6355 12.1986
threshold=1.0000000180025095e-35 1.0000000180025095e-35 1.0000000180025095e-35 1.0000000180025095e-35 1.0000000180025095e-35 1.0000000180025095e-35 1.0000000180025095e-35
decision_type=2 2 2 2 2 2 2
left_child=4 3 -3 -2 5 -1 -6
right_child=1 2 -4 -5 6 -7 -8
leaf_value=-0.017943728870279226 0.013796626723455677 0.0017249645497275326 0.03052390058034081 -0.0083964059947672278 -0.049260083802534438 0.0019506310371173977 -0.022047998755768596
leaf_weight=1333.7168145775795 1192.2983304560184 2998.4578913748264 2682.616504907608 6831.1080856621265 234.77906385064125 925.52904587984085 559.45730523765087
leaf_count=5528 5113 12509 11227 28688 976 3835 2349
internal_value=4.34404e-06 0.00336995 0.0153269 -0.00509716 -0.0150971 -0.00979649 -0.0301438
internal_weight=16758 13704.5 5681.07 8023.41 3053.48 2259.25 794.236
internal_count=70225 57537 23736 33801 12688 9363 3325
is_linear=0
shrinkage=0.1


end of trees

feature_importances:
discharge_disposition_id_lt=_10.5=35
change_lt=_0.5=15
number_inpatient_lt=_0.5=13
number_inpatient_lt=_1.5=11
number_outpatient_lt=_0.5=10
number_diagnoses_lt=_5.5=9
number_emergency_lt=_0.5=8
discharge_disposition_id_lt=_14.5=7
num_procedures_lt=_0.5=6
gender_lt=_0.5=5
num_lab_procedures_lt=_26.5=5
diag_1_lt=_98.5=5
metformin_lt=_1.5=5
num_procedures_lt=_1.5=4
num_medications_lt=_11.5=4
number_emergency_lt=_1.5=4
number_inpatient_lt=_3.5=4
number_diagnoses_lt=_6.5=4
num_medications_lt=_6.5=3
number_emergency_lt=_2.5=3
number_inpatient_lt=_4.5=3
insulin_lt=_1.5=3
race_lt=_0.5=2
admission_source_id_lt=_4.5=2
number_inpatient_lt=_2.5=2
discharge_disposition_id_lt=_18.5=1
num_medications_lt=_36.5=1
diag_1_lt=_96.5=1

parameters:
[boosting: gbdt]
[objective: binary]
[metric: binary_logloss]
[tree_learner: serial]
[device_type: cpu]
[data_sample_strategy: bagging]
[data: ]
[valid: ]
[num_iterations: 25]
[learning_rate: 0.1]
[num_leaves: 31]
[num_threads: 8]
[seed: 42]
[deterministic: 0]
[force_col_wise: 0]
[force_row_wise: 0]
[histogram_pool_size: -1]
[max_depth: 3]
[min_data_in_leaf: 20]
[min_sum_hessian_in_leaf: 0.001]
[bagging_fraction: 1]
[pos_bagging_fraction: 1]
[neg_bagging_fraction: 1]
[bagging_freq: 0]
[bagging_seed: 400]
[bagging_by_query: 0]
[feature_fraction: 1]
[feature_fraction_bynode: 1]
[feature_fraction_seed: 30056]
[extra_trees: 0]
[extra_seed: 12879]
[early_stopping_round: 0]
[early_stopping_min_delta: 0]
[first_metric_only: 0]
[max_delta_step: 0]
[lambda_l1: 0]
[lambda_l2: 1]
[linear_lambda: 0]
[min_gain_to_split: 0]
[drop_rate: 0.1]
[max_drop: 50]
[skip_drop: 0.5]
[xgboost_dart_mode: 0]
[uniform_drop: 0]
[drop_seed: 17869]
[top_rate: 0.2]
[other_rate: 0.1]
[min_data_per_group: 100]
[max_cat_threshold: 32]
[cat_l2: 10]
[cat_smooth: 10]
[max_cat_to_onehot: 4]
[top_k: 20]
[monotone_constraints: ]
[monotone_constraints_method: basic]
[monotone_penalty: 0]
[feature_contri: ]
[forcedsplits_filename: ]
[refit_decay_rate: 0.9]
[cegb_tradeoff: 1]
[cegb_penalty_split: 0]
[cegb_penalty_feature_lazy: ]
[cegb_penalty_feature_coupled: ]
[path_smooth: 0]
[interaction_constraints: ]
[verbosity: -1]
[saved_feature_importance_type: 0]
[use_quantized_grad: 0]
[num_grad_quant_bins: 4]
[quant_train_renew_leaf: 0]
[stochastic_rounding: 1]
[linear_tree: 0]
[max_bin: 255]
[max_bin_by_feature: ]
[min_data_in_bin: 3]
[bin_construct_sample_cnt: 200000]
[data_random_seed: 175]
[is_enable_sparse: 1]
[enable_bundle: 1]
[use_missing: 1]
[zero_as_missing: 0]
[feature_pre_filter: 1]
[pre_partition: 0]
[two_round: 0]
[header: 0]
[label_column: ]
[weight_column: ]
[group_column: ]
[ignore_column: ]
[categorical_feature: ]
[forcedbins_filename: ]
[precise_float_parser: 0]
[parser_config_file: ]
[objective_seed: 16083]
[num_class: 1]
[is_unbalance: 0]
[scale_pos_weight: 1]
[sigmoid: 1]
[boost_from_average: 1]
[reg_sqrt: 0]
[alpha: 0.9]
[fair_c: 1]
[poisson_max_delta_step: 0.7]
[tweedie_variance_power: 1.5]
[lambdarank_truncation_level: 30]
[lambdarank_norm: 1]
[label_gain: ]
[lambdarank_position_bias_regularization: 0]
[eval_at: ]
[multi_error_top_k: 1]
[auc_mu_weights: ]
[num_machines: 1]
[local_listen_port: 12400]
[time_out: 120]
[machine_list_filename: ]
[machines: ]
[gpu_platform_id: -1]
[gpu_device_id: -1]
[gpu_use_dp: 0]
[num_gpu: 1]

end of parameters

pandas_categorical:[]
