tree
version=v4
num_class=1
num_tree_per_iteration=1
label_index=0
max_feature_idx=7
objective=binary sigmoid:1
feature_names=ExternalRiskEstimate_lt=_67.5 ExternalRiskEstimate_lt=_70.5 ExternalRiskEstimate_lt=_73.5 ExternalRiskEstimate_lt=_74.5 ExternalRiskEstimate_lt=_75.5 ExternalRiskEstimate_lt=_78.5 NetFractionRevolvingBurden_lt=_37.5 MSinceMostRecentInqexcl7days_lt=_0.5
feature_infos=[0:1] [0:1] [0:1] [0:1] [0:1] [0:1] [0:1] [0:1]
tree_sizes=1005 1007 1012 1008 1013 1013 1015 1017 1015 1016 1023 1011 1017 1018 1017 1023 1023 1024 1016 1031 1025 1023 1017 1025 1024

Tree=0
num_leaves=8
num_cat=0
split_feature=3 0 5 7 6 7 7
split_gain=1324.43 138.635 80.8595 70.4804 61.1902 30.2953 19.1858
threshold=1.0000000180025095e-35 1.0000000180025095e-35 1.0000000180025095e-35 1.0000000180025095e-35 1.0000000180025095e-35 1.0000000180025095e-35 1.0000000180025095e-35
decision_type=2 2 2 2 2 2 2
left_child=2 3 6 -2 -3 -4 -1
right_child=1 4 5 -5 -6 -7 -8
leaf_value=0.057729223168185434 -0.046806475511535738 -0.19803775536014195 0.014857499282479633 -0.13167318015720481 -0.1422820967940065 -0.064307448874666231 0.018620647062306261
leaf_weight=214.3368384540081 136.98594215512276 480.82315215468407 71.362439811229706 336.10212036967278 338.84682959318161 148.21429806947708 361.05402240157127
leaf_count=859 549 1927 286 1347 1358 594 1447
internal_value=-0.0877819 -0.150226 0.0137139 -0.107065 -0.175083 -0.0382302 0.033416
internal_weight=2087.73 1292.76 794.968 473.088 819.67 219.577 575.391
internal_count=8367 5181 3186 1896 3285 880 2306
is_linear=0
shrinkage=1


Tree=1
num_leaves=8
num_cat=0
split_feature=2 5 0 6 7 7 7
split_gain=1075.5 92.3817 89.1435 50.6346 43.6298 38.8045 15.6287
threshold=1.0000000180025095e-35 1.0000000180025095e-35 1.0000000180025095e-35 1.0000000180025095e-35 1.0000000180025095e-35 1.0000000180025095e-35 1.0000000180025095e-35
decision_type=2 2 2 2 2 2 2
left_child=1 6 4 -4 -2 -3 -1
right_child=2 5 3 -5 -6 -7 -8
leaf_value=0.1308644751823527 0.028623607915037381 0.092765902764590916 -0.10007292763019277 -0.049227473888975165 -0.042729304977171118 0.012850682167379848 0.09560141967871516
leaf_weight=214.57118263840675 119.93429660797119 88.736608773469925 477.05726926028728 337.78754737973213 294.22286885976791 189.41830086708069 361.71864888072014
leaf_count=859 480 355 1927 1358 1182 759 1447
internal_value=-6.14442e-06 0.0861055 -0.0598953 -0.0790815 -0.0220473 0.0385861 0.108935
internal_weight=2083.45 854.445 1229 814.845 414.157 278.155 576.29
internal_count=8367 3420 4947 3285 1662 1114 2306
is_linear=0
shrinkage=0.1


Tree=2
num_leaves=8
num_cat=0
split_feature=3 1 5 6 7 7 7
split_gain=878.978 94.5464 52.6479 44.7928 28.7347 19.534 13.2035
threshold=1.0000000180025095e-35 1.0000000180025095e-35 1.0000000180025095e-35 1.0000000180025095e-35 1.0000000180025095e-35 1.0000000180025095e-35 1.0000000180025095e-35
decision_type=2 2 2 2 2 2 2
left_child=2 4 6 -3 -2 -4 -1
right_child=1 3 5 -5 -6 -7 -8
leaf_value=0.11882958330972467 0.052455166416015435 -0.083125692233757251 0.083427231889609821 -0.040534367888969837 -0.019414867950490366 0.019838889318678096 0.086351946532848028
leaf_weight=212.85173274576664 78.735810130834579 584.3284128010273 71.293357133865356 433.12235017120838 183.02285112440586 148.40174183249474 360.57265119254589
leaf_count=859 315 2382 286 1747 737 594 1447
internal_value=-6.42199e-06 -0.0512751 0.0826445 -0.0650524 0.00232067 0.0407585 0.0985933
internal_weight=2072.33 1279.21 793.119 1017.45 261.759 219.695 573.424
internal_count=8367 5181 3186 4129 1052 880 2306
is_linear=0
shrinkage=0.1


Tree=3
num_leaves=8
num_cat=0
split_feature=3 0 5 7 6 7 7
split_gain=718.566 82.2745 43.8458 41.6157 36.559 16.0905 11.4393
threshold=1.0000000180025095e-35 1.0000000180025095e-35 1.0000000180025095e-35 1.0000000180025095e-35 1.0000000180025095e-35 1.0000000180025095e-35 1.0000000180025095e-35
decision_type=2 2 2 2 2 2 2
left_child=2 3 6 -2 -3 -4 -1
right_child=1 4 5 -5 -6 -7 -8
leaf_value=0.10865508488191188 0.032928379625801106 -0.084188293399714259 0.075685647886961985 -0.032350129585391373 -0.040650181319091525 0.017860530289691309 0.078294757091724954
leaf_weight=209.7549155652523 137.0862982571125 464.66091622412205 70.851505011320114 333.06504037976265 334.97066652774811 148.46289539337158 358.13595336675644
leaf_count=859 549 1927 286 1347 1358 594 1447
internal_value=2.485e-06 -0.0465229 0.075013 -0.0132868 -0.0660235 0.0368002 0.0896799
internal_weight=2056.99 1269.78 787.205 470.151 799.632 219.314 567.891
internal_count=8367 5181 3186 1896 3285 880 2306
is_linear=0
shrinkage=0.1


Tree=4
num_leaves=8
num_cat=0
split_feature=2 0 5 6 7 7 7
split_gain=591.465 53.783 51.3459 31.1725 25.2628 22.1555 10.0801
threshold=1.0000000180025095e-35 1.0000000180025095e-35 1.0000000180025095e-35 1.0000000180025095e-35 1.0000000180025095e-35 1.0000000180025095e-35 1.0000000180025095e-35
decision_type=2 2 2 2 2 2 2
left_child=2 4 6 -3 -2 -4 -1
right_child=1 3 5 -5 -6 -7 -8
leaf_value=0.099853424768356527 0.02292850017008569 -0.077199075014972987 0.070435354833815342 -0.036794002029657505 -0.031458770860185302 0.009747028140450073 0.071181266611705998
leaf_weight=205.71730402112007 119.88933688402176 456.57461528480053 87.41897439956665 333.26592373847961 290.91975085437298 189.44432710111141 354.80704236030579
leaf_count=859 480 1927 355 1358 1182 759 1447
internal_value=8.51935e-06 -0.0449673 0.0644717 -0.0602186 -0.0155694 0.0290938 0.0818633
internal_weight=2038.04 1200.65 837.388 789.841 410.809 276.863 560.524
internal_count=8367 4947 3420 3285 1662 1114 2306
is_linear=0
shrinkage=0.1


Tree=5
num_leaves=8
num_cat=0
split_feature=2 7 5 6 7 0 6
split_gain=485.353 49.0963 43.2792 43.0277 18.3019 12.7215 9.76454
threshold=1.0000000180025095e-35 1.0000000180025095e-35 1.0000000180025095e-35 1.0000000180025095e-35 1.0000000180025095e-35 1.0000000180025095e-35 1.0000000180025095e-35
decision_type=2 2 2 2 2 2 2
left_child=2 5 6 -3 -4 -2 -1
right_child=1 3 4 -5 -6 -7 -8
leaf_value=0.020831274611706294 0.020660046207486682 -0.072306456035799896 0.064110817413159576 -0.028795595495453453 0.0087755106941240658 -0.022703004058544557 0.078233517084103255
leaf_weight=32.3410914093256 119.85895702242851 487.17302447557449 86.581381037831306 429.28152546286583 189.48377238214016 152.72145603597164 519.61966758966446
leaf_count=135 480 2065 355 1755 759 647 2171
internal_value=1.47122e-05 -0.0409074 0.0587569 -0.0519789 0.0262989 -0.0036296 0.0749139
internal_weight=2017.06 1189.03 828.026 916.455 276.065 272.58 551.961
internal_count=8367 4947 3420 3820 1114 1127 2306
is_linear=0
shrinkage=0.1


Tree=6
num_leaves=8
num_cat=0
split_feature=1 5 7 6 7 7 0
split_gain=402.685 70.7908 28.2429 32.0723 21.1606 9.53051 2.90204
threshold=1.0000000180025095e-35 1.0000000180025095e-35 1.0000000180025095e-35 1.0000000180025095e-35 1.0000000180025095e-35 1.0000000180025095e-35 1.0000000180025095e-35
decision_type=2 2 2 2 2 2 2
left_child=1 5 6 -4 -3 -1 -2
right_child=2 4 3 -5 -6 -7 -8
leaf_value=0.08642734900848352 0.0055474027318973282 0.047189823373663092 -0.073512120525645389 -0.032306490154333449 0.0016546603849630543 0.058261939817261257 -0.020562017727535922
leaf_weight=197.03008346259594 58.49302089214325 146.95750024914742 416.03047059476376 350.23086662590504 329.20107832551003 345.89485909044743 151.90965938568115
leaf_count=859 234 601 1808 1440 1331 1447 647
internal_value=1.82854e-05 0.0439713 -0.0458419 -0.0547451 0.0157777 0.0686234 -0.0133116
internal_weight=1995.75 1019.08 976.664 766.261 476.159 542.925 210.403
internal_count=8367 4238 4129 3248 1932 2306 881
is_linear=0
shrinkage=0.1


Tree=7
num_leaves=8
num_cat=0
split_feature=3 0 6 6 7 7 4
split_gain=333.131 43.2077 27.6782 20.5852 16.8833 14.9114 1.50372
threshold=1.0000000180025095e-35 1.0000000180025095e-35 1.0000000180025095e-35 1.0000000180025095e-35 1.0000000180025095e-35 1.0000000180025095e-35 1.0000000180025095e-35
decision_type=2 2 2 2 2 2 2
left_child=2 4 6 -3 -2 -4 -1
right_child=1 3 5 -5 -6 -7 -8
leaf_value=0.0082379891962097891 0.021407306077207106 -0.061128289352556091 0.080112482046529931 -0.027778758575054033 -0.020352601145569596 0.048299207756854479 -0.021385054551475737
leaf_weight=70.838226944208145 136.44538213312626 432.0937502682209 232.56807118654251 328.25889451801777 326.92290291190147 424.90946413576603 21.506611719727516
leaf_count=294 549 1927 1028 1358 1347 1777 87
internal_value=2.06999e-05 -0.0321318 0.0524669 -0.0467861 -0.00803618 0.059657 0.00118375
internal_weight=1973.54 1223.72 749.822 760.353 463.368 657.478 92.3448
internal_count=8367 5181 3186 3285 1896 2805 381
is_linear=0
shrinkage=0.1


Tree=8
num_leaves=8
num_cat=0
split_feature=1 5 7 6 7 7 0
split_gain=276.011 51.4818 22.6742 24.989 14.6488 7.38504 1.18399
threshold=1.0000000180025095e-35 1.0000000180025095e-35 1.0000000180025095e-35 1.0000000180025095e-35 1.0000000180025095e-35 1.0000000180025095e-35 1.0000000180025095e-35
decision_type=2 2 2 2 2 2 2
left_child=1 5 6 -4 -3 -1 -2
right_child=2 4 3 -5 -6 -7 -8
leaf_value=0.074472188611935955 0.0028976285669914297 0.039201939724198019 -0.063565104121837454 -0.026768958539209593 0.0011164153388988022 0.049188497034213748 -0.013832360530228696
leaf_weight=186.90134517848492 58.486447334289551 144.83019816875458 399.86655665934086 346.57143677771091 328.65194576978683 337.54652811586857 149.04176865518093
leaf_count=859 234 601 1808 1440 1331 1447 647
internal_value=2.17945e-05 0.0367702 -0.0384184 -0.0465393 0.0128242 0.0583236 -0.00912616
internal_weight=1951.9 997.93 953.966 746.438 473.482 524.448 207.528
internal_count=8367 4238 4129 3248 1932 2306 881
is_linear=0
shrinkage=0.1


Tree=9
num_leaves=8
num_cat=0
split_feature=3 0 6 6 7 7 4
split_gain=227.93 30.3553 21.9185 15.5544 11.6066 10.8021 1.02785
threshold=1.0000000180025095e-35 1.0000000180025095e-35 1.0000000180025095e-35 1.0000000180025095e-35 1.0000000180025095e-35 1.0000000180025095e-35 1.0000000180025095e-35
decision_type=2 2 2 2 2 2 2
left_child=2 5 6 -3 -4 -2 -1
right_child=1 3 4 -5 -6 -7 -8
leaf_value=0.0042592412679244816 0.017011870737365903 -0.05210148155798211 0.069216473096472123 -0.022788573068308216 0.040619613606775185 -0.016477133947288107 -0.020270131871541745
leaf_weight=70.157559037208557 135.91719281673431 415.39553041756153 221.21487039327621 324.90674613416195 416.76768833398819 324.25427839159966 21.48696905374527
leaf_count=294 549 1927 1028 1358 1777 1347 87
internal_value=2.37898e-05 -0.0267603 0.0440687 -0.0392846 0.0506281 -0.00657031 -0.00164863
internal_weight=1930.1 1200.47 729.627 740.302 637.983 460.171 91.6445
internal_count=8367 5181 3186 3285 2805 1896 381
is_linear=0
shrinkage=0.1


Tree=10
num_leaves=8
num_cat=0
split_feature=1 5 7 6 7 6 0
split_gain=189.241 37.5172 18.3069 19.4896 10.1701 6.27263 0.367445
threshold=1.0000000180025095e-35 1.0000000180025095e-35 1.0000000180025095e-35 1.0000000180025095e-35 1.0000000180025095e-35 1.0000000180025095e-35 1.0000000180025095e-35
decision_type=2 2 2 2 2 2 2
left_child=1 5 6 -4 -3 -1 -2
right_child=2 4 3 -5 -6 -7 -8
leaf_value=0.0059260917215811643 0.00094071605428891762 0.032596539591028796 -0.055066950416844819 -0.022192496073418201 0.00068827555793319879 0.052475625236964911 -0.0084118629834902241
leaf_weight=31.111136227846146 58.467959135770798 142.64386142790318 384.31501877307892 343.15598271787167 328.07458472251892 475.20661616325378 146.53885751962662
leaf_count=135 234 601 1808 1440 1331 2171 647
internal_value=2.48011e-05 0.030764 -0.0321817 -0.0396115 0.0104062 0.0496327 -0.00575289
internal_weight=1909.51 977.036 932.478 727.471 470.718 506.318 205.007
internal_count=8367 4238 4129 3248 1932 2306 881
is_linear=0
shrinkage=0.1


Tree=11
num_leaves=8
num_cat=0
split_feature=4 1 7 6 7 7 7
split_gain=157.154 26.0737 15.2743 10.6532 9.15452 5.25652 0.31808
threshold=1.0000000180025095e-35 1.0000000180025095e-35 1.0000000180025095e-35 1.0000000180025095e-35 1.0000000180025095e-35 1.0000000180025095e-35 1.0000000180025095e-35
decision_type=2 2 2 2 2 2 2
left_child=3 5 -3 6 -5 -2 -1
right_child=1 2 -4 4 -6 -7 -8
leaf_value=0.012693152924177649 0.023222080398129345 -0.0051913015160063207 -0.036186806340528704 0.061968310901594895 0.035171990419405774 -0.004620202800212408 -0.001581277717363082
leaf_weight=22.017009064555168 96.187712773680687 204.63680373132229 717.5581206381321 196.6186848282814 380.91696982085705 223.52528303861618 47.943792507052422
leaf_count=97 400 881 3248 963 1669 912 197
internal_value=2.2928e-05 -0.0207982 -0.0293219 0.0399287 0.044386 0.00380262 0.00302653
internal_weight=1889.4 1241.91 922.195 647.496 577.536 319.713 69.9608
internal_count=8367 5441 4129 2926 2632 1312 294
is_linear=0
shrinkage=0.1


Tree=12
num_leaves=8
num_cat=0
split_feature=4 0 6 6 7 7 7
split_gain=129.111 22.2594 12.2358 8.91661 8.07353 6.1697 0.261139
threshold=1.0000000180025095e-35 1.0000000180025095e-35 1.0000000180025095e-35 1.0000000180025095e-35 1.0000000180025095e-35 1.0000000180025095e-35 1.0000000180025095e-35
decision_type=2 2 2 2 2 2 2
left_child=3 5 -3 6 -5 -2 -1
right_child=1 2 -4 4 -6 -7 -8
leaf_value=0.01152351308253545 0.013622158150697611 -0.042061540223098659 -0.015680259674346775 0.057408915296944085 0.031990966541150433 -0.010180033473671038 -0.0014261219722349436
leaf_weight=21.932687118649483 154.24734961986542 395.0125390291214 319.45818309485912 191.37186606228352 377.21543315052986 363.97046199440956 47.952175661921501
leaf_count=97 634 1927 1358 963 1669 1522 197
internal_value=2.96013e-05 -0.0188722 -0.0303042 0.0364954 0.0406318 -0.00308273 0.00274323
internal_weight=1871.16 1232.69 714.471 638.472 568.587 518.218 69.8849
internal_count=8367 5441 3285 2926 2632 2156 294
is_linear=0
shrinkage=0.1


Tree=13
num_leaves=8
num_cat=0
split_feature=1 5 7 6 6 7 0
split_gain=106.32 23.4719 12.3441 15.4981 6.44199 4.50336 0.0618446
threshold=1.0000000180025095e-35 1.0000000180025095e-35 1.0000000180025095e-35 1.0000000180025095e-35 1.0000000180025095e-35 1.0000000180025095e-35 1.0000000180025095e-35
decision_type=2 2 2 2 2 2 2
left_child=1 5 6 -4 -3 -1 -2
right_child=2 4 3 -5 -6 -7 -8
leaf_value=0.05241501594189555 1.9419473161727286e-05 -0.0082648310067145632 -0.045019523593492684 -0.015232986782081286 0.016174771788237279 0.031730541468983735 -0.0038319770216723968
leaf_weight=164.22414742410183 58.455251097679138 167.48831813037395 364.67627075314522 337.35396032035351 299.40149642527103 317.4354160130024 144.31182657182217
leaf_count=859 234 688 1808 1440 1244 1447 647
internal_value=3.14735e-05 0.0234119 -0.0244783 -0.0307479 0.00740858 0.038877 -0.00272702
internal_weight=1853.35 948.549 904.797 702.03 466.89 481.66 202.767
internal_count=8367 4238 4129 3248 1932 2306 881
is_linear=0
shrinkage=0.1


Tree=14
num_leaves=8
num_cat=0
split_feature=4 7 6 6 7 1 7
split_gain=87.8282 15.9237 18.3656 6.7041 6.50244 3.01673 0.179724
threshold=1.0000000180025095e-35 1.0000000180025095e-35 1.0000000180025095e-35 1.0000000180025095e-35 1.0000000180025095e-35 1.0000000180025095e-35 1.0000000180025095e-35
decision_type=2 2 2 2 2 2 2
left_child=3 5 -3 6 -5 -2 -1
right_child=1 2 -4 4 -6 -7 -8
leaf_value=0.0086070762546360986 0.019025108053721297 -0.036476088882603362 -0.0081586998167623246 0.049733273672057016 0.026502511028161681 -0.0024584805008857212 -0.002170481512852338
leaf_weight=21.685860395431519 95.361070245504379 451.71171605587006 465.05737566947937 182.19134628772736 370.19992738962173 202.59069061279297 47.797943308949471
leaf_count=97 400 2195 1965 963 1669 881 197
internal_value=2.99089e-05 -0.0156145 -0.0221358 0.0305644 0.0342406 0.0044581 0.00126758
internal_weight=1836.6 1214.72 916.769 621.875 552.391 297.952 69.4838
internal_count=8367 5441 4160 2926 2632 1281 294
is_linear=0
shrinkage=0.1


Tree=15
num_leaves=8
num_cat=0
split_feature=1 5 7 6 7 7 0
split_gain=74.2395 16.2383 8.86919 11.0645 4.41666 3.37031 0.0503902
threshold=1.0000000180025095e-35 1.0000000180025095e-35 1.0000000180025095e-35 1.0000000180025095e-35 1.0000000180025095e-35 1.0000000180025095e-35 1.0000000180025095e-35
decision_type=2 2 2 2 2 2 2
left_child=1 5 6 -4 -3 -1 -2
right_child=2 4 3 -5 -6 -7 -8
leaf_value=0.044953568722729563 0.00025921213870571232 0.021403978045671249 -0.038416005057934632 -0.01298496268932112 0.00012918689180214935 0.026711009249391376 -0.0032142950693674248
leaf_weight=156.17261743545532 58.458804488182068 138.18041396141052 351.55549558997154 335.33936396241188 326.51480250060558 310.98417772352695 144.02194939553738
leaf_count=859 234 601 1808 1440 1331 1447 647
internal_value=3.20206e-05 0.0197461 -0.0206226 -0.0260376 0.00648777 0.0328926 -0.0022151
internal_weight=1821.23 931.852 889.376 686.895 464.695 467.157 202.481
internal_count=8367 4238 4129 3248 1932 2306 881
is_linear=0
shrinkage=0.1


Tree=16
num_leaves=8
num_cat=0
split_feature=1 6 7 6 5 7 0
split_gain=60.7895 14.1383 7.35115 9.36518 6.72218 1.0812 0.0409553
threshold=1.0000000180025095e-35 1.0000000180025095e-35 1.0000000180025095e-35 1.0000000180025095e-35 1.0000000180025095e-35 1.0000000180025095e-35 1.0000000180025095e-35
decision_type=2 2 2 2 2 2 2
left_child=1 5 6 -4 -3 -1 -2
right_child=2 4 3 -5 -6 -7 -8
leaf_value=0.0059415686565493803 0.00023372913534858332 0.032356168484137728 -0.035252686601471919 -0.011732660406703399 0.012744569653419894 -0.010433347154709775 -0.0028982246398096736
leaf_weight=55.501008585095406 58.458435148000717 430.07617574930191 345.22527614235878 334.18943884968758 297.34927408397198 141.35962364077568 143.87308123707771
leaf_count=239 234 2171 1808 1440 1244 584 647
internal_value=3.13836e-05 0.0179412 -0.0187415 -0.0237179 0.024368 -0.00581006 -0.00199663
internal_weight=1806.03 924.286 881.746 679.415 727.425 196.861 202.332
internal_count=8367 4238 4129 3248 3415 823 881
is_linear=0
shrinkage=0.1


Tree=17
num_leaves=8
num_cat=0
split_feature=2 6 0 7 6 4 1
split_gain=49.736 9.54919 7.87954 6.61762 5.86974 0.745144 0.565735
threshold=1.0000000180025095e-35 1.0000000180025095e-35 1.0000000180025095e-35 1.0000000180025095e-35 1.0000000180025095e-35 1.0000000180025095e-35 1.0000000180025095e-35
decision_type=2 2 2 2 2 2 2
left_child=1 5 6 -3 -4 -1 -2
right_child=2 3 4 -5 -6 -7 -8
leaf_value=-9.1621560609110386e-05 0.0014571323284108804 0.040374662205350069 -0.028707498276901292 0.017999939279996571 -0.010046973845594349 -0.016832177278671694 -0.0061293354460125529
leaf_weight=69.063539549708366 197.69928407669067 196.05100028216839 366.14180532097816 412.54597420990467 314.6468211710453 42.244682669639587 193.88822801411152
leaf_count=294 818 1074 1927 1879 1358 173 844
internal_value=2.75061e-05 0.020343 -0.0136169 0.0252621 -0.0201104 -0.00653845 -0.00230523
internal_weight=1792.28 719.905 1072.38 608.597 680.789 111.308 391.588
internal_count=8367 3420 4947 2953 3285 467 1662
is_linear=0
shrinkage=0.1


Tree=18
num_leaves=8
num_cat=0
split_feature=4 0 7 7 5 6 7
split_gain=40.7748 9.02822 5.78269 4.25541 2.48832 2.06559 1.84798
threshold=1.0000000180025095e-35 1.0000000180025095e-35 1.0000000180025095e-35 1.0000000180025095e-35 1.0000000180025095e-35 1.0000000180025095e-35 1.0000000180025095e-35
decision_type=2 2 2 2 2 2 2
left_child=3 6 -3 5 -5 -1 -2
right_child=1 2 -4 4 -6 -7 -8
leaf_value=0.0042358559265390028 0.008531165265920666 -0.00038456318846573969 -0.02305862892076908 0.020107736885703727 0.0021377063175723682 0.037470644473545069 -0.0045801446542375361
leaf_weight=21.340984553098679 152.49668538570404 142.58885695040226 532.26164254546165 302.13954396545887 103.66402350366116 167.6070478707552 357.7561063170433
leaf_count=97 634 647 2638 1447 419 963 1522
internal_value=2.61046e-05 -0.0106948 -0.0182755 0.0213707 0.0155338 0.033759 -0.000652611
internal_weight=1779.85 1185.1 674.85 594.752 405.804 188.948 510.253
internal_count=8367 5441 3285 2926 1866 1060 2156
is_linear=0
shrinkage=0.1


Tree=19
num_leaves=8
num_cat=0
split_feature=1 6 7 6 5 7 6
split_gain=33.7169 8.75566 5.02362 7.20408 4.17917 0.795415 0.00327181
threshold=1.0000000180025095e-35 1.0000000180025095e-35 1.0000000180025095e-35 1.0000000180025095e-35 1.0000000180025095e-35 1.0000000180025095e-35 1.0000000180025095e-35
decision_type=2 2 2 2 2 2 2
left_child=1 5 6 -4 -3 -1 -2
right_child=2 4 3 -5 -6 -7 -8
leaf_value=0.004936665485120114 5.5375706426085337e-05 0.025163595554166113 -0.028690961717970472 -0.0078135814100635127 0.0095464959110403581 -0.0091262233082520343 -0.00077701999074706023
leaf_weight=55.368773013353348 126.95401319861412 413.34732368588448 331.76324683427811 330.43794673681259 295.36166116595268 141.03833584487438 74.071131244301796
leaf_count=239 574 2171 1808 1440 1244 584 307
internal_value=2.79329e-05 0.0135056 -0.0141031 -0.0183007 0.0186776 -0.00515685 -0.000253663
internal_weight=1768.34 905.116 863.226 662.201 708.709 196.407 201.025
internal_count=8367 4238 4129 3248 3415 823 881
is_linear=0
shrinkage=0.1


Tree=20
num_leaves=8
num_cat=0
split_feature=2 6 7 0 6 4 7
split_gain=27.6085 5.96588 4.92119 4.62841 4.46617 0.527289 0.274521
threshold=1.0000000180025095e-35 1.0000000180025095e-35 1.0000000180025095e-35 1.0000000180025095e-35 1.0000000180025095e-35 1.0000000180025095e-35 1.0000000180025095e-35
decision_type=2 2 2 2 2 2 2
left_child=1 5 -3 6 -5 -1 -2
right_child=3 2 -4 4 -6 -7 -8
leaf_value=-0.0004109136159431365 0.0024774679410989172 0.032787767147915946 0.013119896002013024 -0.022939238902459316 -0.0064995276274817122 -0.014511757916706801 -0.0032836158891869889
leaf_weight=68.937785714864731 117.7890290915966 186.36374075710773 404.86917869746685 353.7318422794342 311.40426883101463 42.159638434648514 272.11571863293648
leaf_count=294 480 1074 1879 1927 1358 173 1182
internal_value=2.43804e-05 0.0153742 0.0193643 -0.0101987 -0.0152638 -0.00584367 -0.00154132
internal_weight=1757.37 702.33 591.233 1055.04 665.136 111.097 389.905
internal_count=8367 3420 2953 4947 3285 467 1662
is_linear=0
shrinkage=0.1


Tree=21
num_leaves=8
num_cat=0
split_feature=1 5 7 6 7 7 6
split_gain=22.7023 6.00099 4.1384 5.36326 2.08169 1.8211 0.0204426
threshold=1.0000000180025095e-35 1.0000000180025095e-35 1.0000000180025095e-35 1.0000000180025095e-35 1.0000000180025095e-35 1.0000000180025095e-35 1.0000000180025095e-35
decision_type=2 2 2 2 2 2 2
left_child=1 5 6 -4 -3 -1 -2
right_child=2 4 3 -5 -6 -7 -8
leaf_value=0.028996440873099001 0.0017040673321155537 0.013594950709187665 -0.02462163631526133 -0.0064785065383143638 -0.0011542970250613275 0.015022535216447697 -0.00038226521552397097
leaf_weight=139.33027632534504 126.10640180110931 134.41883336007595 323.55851486325264 329.12761488556862 325.72823871672153 295.17051258683205 73.989895015954971
leaf_count=859 574 601 1808 1440 1331 1447 307
internal_value=2.30022e-05 0.0111452 -0.0116446 -0.0154966 0.00317441 0.0195598 0.000934537
internal_weight=1747.43 894.648 852.782 652.686 460.147 434.501 200.096
internal_count=8367 4238 4129 3248 1932 2306 881
is_linear=0
shrinkage=0.1


Tree=22
num_leaves=8
num_cat=0
split_feature=4 7 6 7 6 5 2
split_gain=18.7027 4.67003 6.17075 2.57749 1.293 1.28815 1.07523
threshold=1.0000000180025095e-35 1.0000000180025095e-35 1.0000000180025095e-35 1.0000000180025095e-35 1.0000000180025095e-35 1.0000000180025095e-35 1.0000000180025095e-35
decision_type=2 2 2 2 2 2 2
left_child=3 6 -3 4 -1 -5 -2
right_child=1 2 -4 5 -6 -7 -8
leaf_value=0.0014522408423555265 0.020108343533286929 -0.019795786193656274 -0.0029337935138329255 0.013617280182175862 0.027874169446752972 0.00063762534724471243 0.0014134558604848436
leaf_weight=21.115603059530258 33.936747029423714 412.52508682012558 457.60822722315788 293.27551828324795 156.63142642378807 103.43904979526997 259.30654813349247
leaf_count=97 154 2195 1965 1447 963 419 1127
internal_value=2.22697e-05 -0.0072666 -0.0109415 0.0147704 0.024761 0.0102431 0.00363798
internal_weight=1737.84 1163.38 870.133 574.462 177.747 396.715 293.243
internal_count=8367 5441 4160 2926 1060 1866 1281
is_linear=0
shrinkage=0.1


Tree=23
num_leaves=8
num_cat=0
split_feature=1 6 7 6 7 7 6
split_gain=15.8441 4.60038 2.87778 3.70067 2.29703 0.350297 0.0165805
threshold=1.0000000180025095e-35 1.0000000180025095e-35 1.0000000180025095e-35 1.0000000180025095e-35 1.0000000180025095e-35 1.0000000180025095e-35 1.0000000180025095e-35
decision_type=2 2 2 2 2 2 2
left_child=1 5 6 -4 -3 -1 -2
right_child=2 4 3 -5 -6 -7 -8
leaf_value=0.0025680809186315028 0.0013933740088756621 0.021824042611620183 -0.020729192612377031 -0.0055567598013411901 0.009309861815401119 -0.0068002585378369859 -0.00048395444982582002
leaf_weight=55.00414402782917 126.22071912884712 213.02303501963615 315.98320537805557 328.21641477942467 476.54434949159622 140.32002800703049 74.00016313791275
leaf_count=239 574 1221 1808 1440 2194 584 307
internal_value=2.33005e-05 0.00936856 -0.00976936 -0.0130195 0.0132018 -0.00416245 0.00070057
internal_weight=1729.31 884.892 844.421 644.2 689.567 195.324 200.221
internal_count=8367 4238 4129 3248 3415 823 881
is_linear=0
shrinkage=0.1


Tree=24
num_leaves=8
num_cat=0
split_feature=4 0 7 7 5 6 6
split_gain=12.9299 3.69008 2.66749 1.84316 1.00746 0.943954 0.430115
threshold=1.0000000180025095e-35 1.0000000180025095e-35 1.0000000180025095e-35 1.0000000180025095e-35 1.0000000180025095e-35 1.0000000180025095e-35 1.0000000180025095e-35
decision_type=2 2 2 2 2 2 2
left_child=3 6 -3 5 -5 -1 -2
right_child=1 2 -4 4 -6 -7 -8
leaf_value=0.0010701018089638336 -0.0028829974521652002 0.0010972639972626934 -0.014402191031707793 0.011565695259916645 7.3269006046712657e-05 0.023690755442057908 0.0029796907533379139
leaf_weight=21.085744976997375 224.75091227889061 141.81868316233158 508.34589175879955 290.44787421822548 103.33748725056648 152.08566007018089 279.80133345723152
leaf_count=97 984 647 2638 1447 419 963 1172
internal_value=2.07037e-05 -0.0060509 -0.0110248 0.0123756 0.00855767 0.0209584 0.000367641
internal_weight=1721.67 1154.72 650.165 566.957 393.785 173.171 504.552
internal_count=8367 5441 3285 2926 1866 1060 2156
is_linear=0
shrinkage=0.1


end of trees

feature_importances:
MSinceMostRecentInqexcl7days_lt=_0.5=64
NetFractionRevolvingBurden_lt=_37.5=42
ExternalRiskEstimate_lt=_67.5=18
ExternalRiskEstimate_lt=_78.5=17
ExternalRiskEstimate_lt=_70.5=13
ExternalRiskEstimate_lt=_75.5=10
ExternalRiskEstimate_lt=_73.5=6
ExternalRiskEstimate_lt=_74.5=5

parameters:
[boosting: gbdt]
[objective: binary]
[metric: binary_logloss]
[tree_learner: serial]
[device_type: cpu]
[data_sample_strategy: bagging]
[data: ]
[valid: ]
[num_iterations: 25]
[learning_rate: 0.1]
[num_leaves: 31]
[num_threads: 8]
[seed: 42]
[deterministic: 0]
[force_col_wise: 0]
[force_row_wise: 0]
[histogram_pool_size: -1]
[max_depth: 3]
[min_data_in_leaf: 20]
[min_sum_hessian_in_leaf: 0.001]
[bagging_fraction: 1]
[pos_bagging_fraction: 1]
[neg_bagging_fraction: 1]
[bagging_freq: 0]
[bagging_seed: 400]
[bagging_by_query: 0]
[feature_fraction: 1]
[feature_fraction_bynode: 1]
[feature_fraction_seed: 30056]
[extra_trees: 0]
[extra_seed: 12879]
[early_stopping_round: 0]
[early_stopping_min_delta: 0]
[first_metric_only: 0]
[max_delta_step: 0]
[lambda_l1: 0]
[lambda_l2: 1]
[linear_lambda: 0]
[min_gain_to_split: 0]
[drop_rate: 0.1]
[max_drop: 50]
[skip_drop: 0.5]
[xgboost_dart_mode: 0]
[uniform_drop: 0]
[drop_seed: 17869]
[top_rate: 0.2]
[other_rate: 0.1]
[min_data_per_group: 100]
[max_cat_threshold: 32]
[cat_l2: 10]
[cat_smooth: 10]
[max_cat_to_onehot: 4]
[top_k: 20]
[monotone_constraints: ]
[monotone_constraints_method: basic]
[monotone_penalty: 0]
[feature_contri: ]
[forcedsplits_filename: ]
[refit_decay_rate: 0.9]
[cegb_tradeoff: 1]
[cegb_penalty_split: 0]
[cegb_penalty_feature_lazy: ]
[cegb_penalty_feature_coupled: ]
[path_smooth: 0]
[interaction_constraints: ]
[verbosity: -1]
[saved_feature_importance_type: 0]
[use_quantized_grad: 0]
[num_grad_quant_bins: 4]
[quant_train_renew_leaf: 0]
[stochastic_rounding: 1]
[linear_tree: 0]
[max_bin: 255]
[max_bin_by_feature: ]
[min_data_in_bin: 3]
[bin_construct_sample_cnt: 200000]
[data_random_seed: 175]
[is_enable_sparse: 1]
[enable_bundle: 1]
[use_missing: 1]
[zero_as_missing: 0]
[feature_pre_filter: 1]
[pre_partition: 0]
[two_round: 0]
[header: 0]
[label_column: ]
[weight_column: ]
[group_column: ]
[ignore_column: ]
[categorical_feature: ]
[forcedbins_filename: ]
[precise_float_parser: 0]
[parser_config_file: ]
[objective_seed: 16083]
[num_class: 1]
[is_unbalance: 0]
[scale_pos_weight: 1]
[sigmoid: 1]
[boost_from_average: 1]
[reg_sqrt: 0]
[alpha: 0.9]
[fair_c: 1]
[poisson_max_delta_step: 0.7]
[tweedie_variance_power: 1.5]
[lambdarank_truncation_level: 30]
[lambdarank_norm: 1]
[label_gain: ]
[lambdarank_position_bias_regularization: 0]
[eval_at: ]
[multi_error_top_k: 1]
[auc_mu_weights: ]
[num_machines: 1]
[local_listen_port: 12400]
[time_out: 120]
[machine_list_filename: ]
[machines: ]
[gpu_platform_id: -1]
[gpu_device_id: -1]
[gpu_use_dp: 0]
[num_gpu: 1]

end of parameters

pandas_categorical:[]
