tree
version=v4
num_class=1
num_tree_per_iteration=1
label_index=0
max_feature_idx=24
objective=binary sigmoid:1
feature_names=gender_lt=_0.5 age_lt=_5.5 age_lt=_6.5 discharge_disposition_id_lt=_2.5 discharge_disposition_id_lt=_10.0 discharge_disposition_id_lt=_10.5 discharge_disposition_id_lt=_14.5 admission_source_id_lt=_6.5 num_lab_procedures_lt=_30.5 num_lab_procedures_lt=_35.5 num_procedures_lt=_0.5 num_medications_lt=_6.5 number_outpatient_lt=_0.5 number_emergency_lt=_0.5 number_emergency_lt=_1.5 number_inpatient_lt=_0.5 number_inpatient_lt=_1.5 number_inpatient_lt=_2.5 number_inpatient_lt=_3.5 diag_1_lt=_98.5 number_diagnoses_lt=_5.5 number_diagnoses_lt=_6.5 metformin_lt=_1.5 change_lt=_0.5 number_emergency_lt=_2.5
feature_infos=[0:1] [0:1] [0:1] [0:1] [0:1] [0:1] [0:1] [0:1] [0:1] [0:1] [0:1] [0:1] [0:1] [0:1] [0:1] [0:1] [0:1] [0:1] [0:1] [0:1] [0:1] [0:1] [0:1] [0:1] [0:1]
tree_sizes=931 1033 1027 1030 1030 1033 1028 1033 1030 1028 1029 1029 1033 1027 1033 1027 1028 1033 1032 1028 1033 1031 1035 1029 1033

Tree=0
num_leaves=8
num_cat=0
split_feature=15 20 16 4 23 4 23
split_gain=2703.35 449.525 436.493 249.83 206.386 161.593 89.1599
threshold=1.0000000180025095e-35 1.0000000180025095e-35 1.0000000180025095e-35 1.0000000180025095e-35 1.0000000180025095e-35 1.0000000180025095e-35 1.0000000180025095e-35
decision_type=2 2 2 2 2 2 2
left_child=2 4 3 -1 -2 -4 -3
right_child=1 6 5 -5 -6 -7 -8
leaf_value=-0.0067903208200472357 -0.031589779627434963 -0.078945420166812941 -0.038116972920918445 0.097475180455137256 -0.0011277382212417117 0.038616431224966934 -0.042642130962216244
leaf_weight=255.75 4617 1554 300.5 2253.5 4290.75 3078.75 1206
leaf_count=1023 18468 6216 1202 9014 17163 12315 4824
internal_value=2.84847e-05 -0.027848 0.0552595 0.0868497 -0.0169184 0.0317836 -0.0631037
internal_weight=17556.2 11667.8 5888.5 2509.25 8907.75 3379.25 2760
internal_count=70225 46671 23554 10037 35631 13517 11040
is_linear=0
shrinkage=1


Tree=1
num_leaves=8
num_cat=0
split_feature=15 20 16 4 23 4 23
split_gain=2192 364.955 355.446 203.274 167.25 130.996 72.5876
threshold=1.0000000180025095e-35 1.0000000180025095e-35 1.0000000180025095e-35 1.0000000180025095e-35 1.0000000180025095e-35 1.0000000180025095e-35 1.0000000180025095e-35
decision_type=2 2 2 2 2 2 2
left_child=2 4 3 -1 -2 -4 -3
right_child=1 6 5 -5 -6 -7 -8
leaf_value=-0.0061396501316405751 -0.028464488342076485 -0.071196439165208167 -0.034356454811795119 0.087922486536759922 -0.0010406302612110125 0.034743828480188324 -0.038425182705248077
leaf_weight=255.74705792963505 4615.8483104109764 1551.5812672376633 300.39088499546051 2248.1555786430836 4290.7487212568521 3077.6025257259607 1205.4519624710083
leaf_count=1023 18468 6216 1202 9014 17163 12315 4824
internal_value=2.27192e-07 -0.0250997 0.0497685 0.0783164 -0.0152547 0.0285907 -0.0568871
internal_weight=17545.5 11663.6 5881.9 2503.9 8906.6 3377.99 2757.03
internal_count=70225 46671 23554 10037 35631 13517 11040
is_linear=0
shrinkage=0.1


Tree=2
num_leaves=8
num_cat=0
split_feature=15 17 20 4 4 4 23
split_gain=1780.32 298.971 297.336 173.025 156.589 91.9499 59.583
threshold=1.0000000180025095e-35 1.0000000180025095e-35 1.0000000180025095e-35 1.0000000180025095e-35 1.0000000180025095e-35 1.0000000180025095e-35 1.0000000180025095e-35
decision_type=2 2 2 2 2 2 2
left_child=1 5 4 -3 -2 -1 -4
right_child=2 3 6 -5 -6 -7 -8
leaf_value=0.0066434099295217298 -0.054924328191637312 -0.026449667939476798 -0.064355746101262046 0.039687304921161598 -0.009463860607134212 0.09891806435008621 -0.034628970706957238
leaf_weight=120.2449756115675 835.32379579544067 435.60009509325027 1545.2750372886658 4237.0935896039009 8068.2606965899467 1071.763841509819 1204.0207679271698
leaf_count=481 3343 1744 6216 17005 32288 4324 4824
internal_value=1.74638e-06 0.0449344 -0.022614 0.0335175 -0.0137346 0.0896231 -0.0513546
internal_weight=17517.6 5864.7 11652.9 4672.69 8903.58 1192.01 2749.3
internal_count=70225 23554 46671 18749 35631 4805 11040
is_linear=0
shrinkage=0.1


Tree=3
num_leaves=8
num_cat=0
split_feature=15 16 21 12 4 23 4
split_gain=1447.34 263.129 247.44 140.347 139.109 85.6838 85.0861
threshold=1.0000000180025095e-35 1.0000000180025095e-35 1.0000000180025095e-35 1.0000000180025095e-35 1.0000000180025095e-35 1.0000000180025095e-35 1.0000000180025095e-35
decision_type=2 2 2 2 2 2 2
left_child=1 4 3 -2 -1 -4 -3
right_child=2 6 5 -5 -6 -7 -8
leaf_value=-0.0044444677752930178 0.022938450470131683 -0.028360188266399002 -0.053636246425223667 -0.015458975102758574 0.073433007086456115 -0.024022785781749493 0.02738901638662454
leaf_weight=255.69628918170929 1112.7303248047829 299.76603502035141 2227.0223599523306 6554.0769786089659 2217.219034075737 1745.1648499965668 3068.9345347881317
leaf_count=1023 4454 1202 8983 26237 9014 6997 12315
internal_value=3.67799e-06 0.0406158 -0.0203813 -0.00988386 0.065382 -0.040635 0.0224212
internal_weight=17480.6 5841.62 11639 7666.81 2472.92 3972.19 3368.7
internal_count=70225 23554 46671 30691 10037 15980 13517
is_linear=0
shrinkage=0.1


Tree=4
num_leaves=8
num_cat=0
split_feature=15 17 20 23 4 4 0
split_gain=1177.66 223.357 208.318 129.369 113.875 64.4887 52.107
threshold=1.0000000180025095e-35 1.0000000180025095e-35 1.0000000180025095e-35 1.0000000180025095e-35 1.0000000180025095e-35 1.0000000180025095e-35 1.0000000180025095e-35
decision_type=2 2 2 2 2 2 2
left_child=1 5 3 -2 -3 -1 -4
right_child=2 4 6 -5 -6 -7 -8
leaf_value=0.0064252560820491971 -0.022592605019067399 -0.021772120928049078 -0.05793341916584184 0.0015389974125750452 0.031946853488827719 0.083800702826479986 -0.030089878237362689
leaf_weight=120.24653811752796 4606.8044581264257 434.7211366891861 1218.5238392651081 4289.5859393924475 4210.3814686089754 1047.1369205713272 1508.0093458592892
leaf_count=481 18468 1744 4934 17163 17005 4324 6106
internal_value=6.38121e-06 0.0367538 -0.0183721 -0.0109582 0.0269159 0.075843 -0.0425502
internal_weight=17435.4 5812.49 11622.9 8896.39 4645.1 1167.38 2726.53
internal_count=70225 23554 46671 35631 18749 4805 11040
is_linear=0
shrinkage=0.1


Tree=5
num_leaves=8
num_cat=0
split_feature=15 16 12 20 2 20 9
split_gain=958.649 197.502 189.489 143.691 108.63 75.3076 41.1718
threshold=1.0000000180025095e-35 1.0000000180025095e-35 1.0000000180025095e-35 1.0000000180025095e-35 1.0000000180025095e-35 1.0000000180025095e-35 1.0000000180025095e-35
decision_type=2 2 2 2 2 2 2
left_child=1 4 6 -4 -1 -3 -2
right_child=2 5 3 -5 -6 -7 -8
leaf_value=0.030491253982223299 0.030183887323588093 0.024006345134445523 -0.014631036303843853 -0.042267153476479268 0.073295256252379926 -0.017168619099205192 -0.0039839747484715898
leaf_weight=1038.3118616193533 902.08215415477753 2828.6668417006731 7626.3640304207802 2497.4565211385489 1388.3307935744524 526.16104125976562 578.28387889266014
leaf_count=4287 3617 11397 30567 10164 5750 2120 2323
internal_value=8.76549e-06 0.0332731 -0.0165657 -0.0214521 0.0550004 0.0175454 0.016843
internal_weight=17385.7 5781.47 11604.2 10123.8 2426.64 3354.83 1480.37
internal_count=70225 23554 46671 40731 10037 13517 5940
is_linear=0
shrinkage=0.1


Tree=6
num_leaves=8
num_cat=0
split_feature=15 18 13 23 4 3 4
split_gain=780.222 177.708 159.067 159.136 113.442 34.1529 24.2852
threshold=1.0000000180025095e-35 1.0000000180025095e-35 1.0000000180025095e-35 1.0000000180025095e-35 1.0000000180025095e-35 1.0000000180025095e-35 1.0000000180025095e-35
decision_type=2 2 2 2 2 2 2
left_child=1 5 6 -4 -3 -1 -2
right_child=2 4 3 -5 -6 -7 -8
leaf_value=0.055750508561016932 -0.048179440567149096 -0.020921168532310519 -0.029442484438078412 -0.0051166911755742145 0.029058130007003576 0.1046908324932912 0.032642465345004548
leaf_weight=267.69778238236904 38.27328197658062 502.38533145189285 5760.2359551638365 5044.4542658627033 4666.3084614127874 315.95955726504326 742.59510760009289
leaf_count=1125 154 2015 23293 20241 19068 1346 2983
internal_value=1.1196e-05 0.0301137 -0.0149363 -0.0180869 0.0241971 0.0823778 0.0286245
internal_weight=17337.9 5752.35 11585.6 10804.7 5168.69 583.657 780.868
internal_count=70225 23554 46671 43534 21083 2471 3137
is_linear=0
shrinkage=0.1


Tree=7
num_leaves=8
num_cat=0
split_feature=15 16 12 0 2 20 9
split_gain=635.219 154.341 149.125 128.126 88.456 61.4826 32.8049
threshold=1.0000000180025095e-35 1.0000000180025095e-35 1.0000000180025095e-35 1.0000000180025095e-35 1.0000000180025095e-35 1.0000000180025095e-35 1.0000000180025095e-35
decision_type=2 2 2 2 2 2 2
left_child=1 4 6 -4 -1 -3 -2
right_child=2 5 3 -5 -6 -7 -8
leaf_value=0.024527995018556157 0.028074985675816868 0.019258492334157513 -0.030244934773525946 -0.0075968954441894155 0.063489489894667114 -0.017976542103278322 -0.0024357706680168362
leaf_weight=1025.3519832491875 902.18911658227444 2815.2312443554401 4550.0839019417763 5538.8612993061543 1354.8257303535938 525.51489129662514 577.61792024970055
leaf_count=4287 3617 11397 18381 22350 5750 2120 2323
internal_value=1.39468e-05 0.0272682 -0.0134649 -0.0178131 0.0467227 0.0133976 0.016172
internal_weight=17289.7 5720.92 11568.8 10088.9 2380.18 3340.75 1479.81
internal_count=70225 23554 46671 40731 10037 13517 5940
is_linear=0
shrinkage=0.1


Tree=8
num_leaves=8
num_cat=0
split_feature=15 21 18 4 12 10 2
split_gain=517.049 142.685 139.445 108.086 100.926 79.279 30.2462
threshold=1.0000000180025095e-35 1.0000000180025095e-35 1.0000000180025095e-35 1.0000000180025095e-35 1.0000000180025095e-35 1.0000000180025095e-35 1.0000000180025095e-35
decision_type=2 2 2 2 2 2 2
left_child=2 3 6 -2 -4 -3 -1
right_child=1 5 4 -5 -6 -7 -8
leaf_value=0.039697748310452668 -0.041445732926641159 -0.041247395604602388 0.045904450982247005 -0.0003902507027377505 0.012033502471220188 -0.012733589464251835 0.08870939996262342
leaf_weight=194.92445015907288 705.5623210221529 2047.5316722691059 1127.228442132473 6937.2235835045576 3999.836802110076 1863.2965012788773 368.70301230251789
leaf_count=838 2843 8370 4653 27848 16430 7610 1633
internal_value=1.63091e-05 -0.0121361 0.0246866 -0.00418531 0.0194878 -0.0276688 0.0718596
internal_weight=17244.3 11553.6 5690.69 7642.79 5127.07 3910.83 563.627
internal_count=70225 46671 23554 30691 21083 15980 2471
is_linear=0
shrinkage=0.1


Tree=9
num_leaves=8
num_cat=0
split_feature=16 13 23 4 6 13 4
split_gain=423.731 197.206 172.491 85.1941 329.525 55.3395 49.4665
threshold=1.0000000180025095e-35 1.0000000180025095e-35 1.0000000180025095e-35 1.0000000180025095e-35 1.0000000180025095e-35 1.0000000180025095e-35 1.0000000180025095e-35
decision_type=2 2 2 2 2 2 2
left_child=3 6 -3 4 -1 -5 -2
right_child=1 2 -4 5 -6 -7 -8
leaf_value=0.065355217296079959 -0.051305452372723909 -0.020356469471491237 0.0022027757068912401 0.073156000829521325 -0.17483487665722919 0.03635098397655416 0.036245409664617451
leaf_weight=170.08078891038895 67.351183697581291 7184.9395100772381 6414.8032930493355 560.74319808185101 84.755707755684853 1518.2925391048193 1197.6933050900698
leaf_count=683 272 29233 25848 2459 340 6555 4835
internal_value=1.76258e-05 -0.00620266 -0.00971622 0.0396213 -0.0149004 0.0463082 0.0315473
internal_weight=17198.7 14864.8 13599.7 2333.87 254.836 2079.04 1265.04
internal_count=70225 60188 55081 10037 1023 9014 5107
is_linear=0
shrinkage=0.1


Tree=10
num_leaves=8
num_cat=0
split_feature=15 11 10 14 12 4 19
split_gain=370.677 125.077 147.659 105.327 72.5463 40.2777 26.47
threshold=1.0000000180025095e-35 1.0000000180025095e-35 1.0000000180025095e-35 1.0000000180025095e-35 1.0000000180025095e-35 1.0000000180025095e-35 1.0000000180025095e-35
decision_type=2 2 2 2 2 2 2
left_child=3 2 -2 5 -5 -1 -3
right_child=1 6 -4 4 -6 -7 -8
leaf_value=-0.057943868834239479 -0.017309300648985056 -0.039263031492204309 0.0066124519119908094 0.03974807706120484 0.011004056965015203 0.076826082974599891 -0.09796071854628069
leaf_weight=22.790551722049713 6030.0381558090448 899.50869145989418 4509.0884100645781 1116.7527364641428 4101.2164275348186 394.24744756519794 83.674734443426132
leaf_count=92 24423 3684 18220 4706 17031 1725 344
internal_value=1.94968e-05 -0.0102594 -0.0070749 0.0210355 0.0171623 0.0693401 -0.044353
internal_weight=17157.3 11522.3 10539.1 5635.01 5217.97 417.038 983.183
internal_count=70225 46671 42643 23554 21737 1817 4028
is_linear=0
shrinkage=0.1


Tree=11
num_leaves=8
num_cat=0
split_feature=16 20 4 4 6 7 18
split_gain=304.725 171.053 147.423 67.8263 267.626 55.6638 45.8283
threshold=1.0000000180025095e-35 1.0000000180025095e-35 1.0000000180025095e-35 1.0000000180025095e-35 1.0000000180025095e-35 1.0000000180025095e-35 1.0000000180025095e-35
decision_type=2 2 2 2 2 2 2
left_child=3 2 -2 4 -1 -3 -5
right_child=1 5 -4 6 -6 -7 -8
leaf_value=0.057890403207436582 -0.034763563410366898 -0.011933759810141184 0.0039921181987614051 0.066901616059307764 -0.15882191170551813 -0.038413627798723114 0.031628742019380436
leaf_weight=169.24277231097221 1081.0201027244329 1521.8643664419651 10565.568531513214 484.21813553571701 84.667000785470009 1661.4575906544924 1550.6604558676481
leaf_count=683 4375 6281 42653 2261 340 6879 6753
internal_value=1.88183e-05 -0.00522331 0.000392194 0.0339719 -0.0147126 -0.025762 0.040051
internal_weight=17118.7 14829.9 11646.6 2288.79 253.91 3183.32 2034.88
internal_count=70225 60188 47028 10037 1023 13160 9014
is_linear=0
shrinkage=0.1


Tree=12
num_leaves=8
num_cat=0
split_feature=15 0 23 13 1 4 22
split_gain=267.062 117.546 116.123 87.007 63.4146 59.5762 50.492
threshold=1.0000000180025095e-35 1.0000000180025095e-35 1.0000000180025095e-35 1.0000000180025095e-35 1.0000000180025095e-35 1.0000000180025095e-35 1.0000000180025095e-35
decision_type=2 2 2 2 2 2 2
left_child=3 4 -3 5 -2 -1 -5
right_child=1 2 -4 6 -6 -7 -8
leaf_value=-0.04472942562336614 -0.011789732710984352 -0.012505358523117805 0.014550515109963542 -0.013250551698173949 -0.035090262283676163 0.050246904790761687 0.016366786227435686
leaf_weight=70.054380506277084 3340.0037809163332 3326.0657014101744 3030.9603225290775 675.87452301383018 1796.6340349316597 980.68380616605282 3853.8979077190161
leaf_count=284 13567 13581 12189 2810 7334 4311 16149
internal_value=1.8338e-05 -0.00869608 0.000394845 0.017965 -0.0199448 0.0438782 0.0119457
internal_weight=17074.2 11493.7 6357.03 5580.51 5136.64 1050.74 4529.77
internal_count=70225 46671 25770 23554 20901 4595 18959
is_linear=0
shrinkage=0.1


Tree=13
num_leaves=8
num_cat=0
split_feature=12 13 22 4 6 8 2
split_gain=237.609 150.678 136.524 67.4504 150.178 59.8656 38.2026
threshold=1.0000000180025095e-35 1.0000000180025095e-35 1.0000000180025095e-35 1.0000000180025095e-35 1.0000000180025095e-35 1.0000000180025095e-35 1.0000000180025095e-35
decision_type=2 2 2 2 2 2 2
left_child=3 6 -3 4 -1 -5 -2
right_child=1 2 -4 5 -6 -7 -8
leaf_value=0.0340626733412581 0.0066384290891251772 -0.029795596240866386 -0.0034257062940348478 0.040829887791873416 -0.15796532684501782 0.0070156532670439063 0.043003735206194729
leaf_weight=117.20460300147533 478.39905431866646 2404.4474658370018 10683.71594068408 1826.1900385469198 61.200215816497803 734.52520117163658 729.83880923688412
leaf_count=475 1992 9794 43903 7646 247 3050 3118
internal_value=1.77182e-05 -0.00515221 -0.00827207 0.0269934 -0.0323242 0.031137 0.0286224
internal_weight=17035.5 14296.4 13088.2 2739.12 178.405 2560.72 1208.24
internal_count=70225 58807 53697 11418 722 10696 5110
is_linear=0
shrinkage=0.1


Tree=14
num_leaves=8
num_cat=0
split_feature=16 22 23 2 2 3 18
split_gain=208.068 132.333 275.376 61.7715 59.3122 42.8704 30.0738
threshold=1.0000000180025095e-35 1.0000000180025095e-35 1.0000000180025095e-35 1.0000000180025095e-35 1.0000000180025095e-35 1.0000000180025095e-35 1.0000000180025095e-35
decision_type=2 2 2 2 2 2 2
left_child=3 4 -3 5 -2 -1 -5
right_child=1 2 -4 6 -6 -7 -8
leaf_value=-0.0071537282114068597 -0.0048458238370901073 -0.012247504921368254 0.018648511693407251 0.069009982072341686 -0.034847408578267861 0.035639270926881045 0.033805591737801753
leaf_weight=596.53027974069118 1046.7415614575148 7092.8120519816875 4861.1166137754917 330.71525479853153 1779.3726306259632 384.0458819270134 924.00448071956635
leaf_count=2590 4240 29061 19654 1633 7233 1697 4117
internal_value=1.65353e-05 -0.00428446 0.000317002 0.0284444 -0.023741 0.00962552 0.0431322
internal_weight=17015.3 14780 11953.9 2235.3 2826.11 980.576 1254.72
internal_count=70225 60188 48715 10037 11473 4287 5750
is_linear=0
shrinkage=0.1


Tree=15
num_leaves=8
num_cat=0
split_feature=12 20 4 7 4 6 8
split_gain=187.797 122.217 97.7943 66.2068 55.5681 124.074 48.1716
threshold=1.0000000180025095e-35 1.0000000180025095e-35 1.0000000180025095e-35 1.0000000180025095e-35 1.0000000180025095e-35 1.0000000180025095e-35 1.0000000180025095e-35
decision_type=2 2 2 2 2 2 2
left_child=4 2 -2 -3 5 -1 -6
right_child=1 3 -4 -5 6 -7 -8
leaf_value=0.030113624503309119 -0.027575583318398735 -0.0070542543375199974 0.0034549911486659937 -0.036263641484561869 0.036611500620686042 -0.14557203943667918 0.0062115616626664816
leaf_weight=116.97616878151894 1129.113349199295 1506.1656989902258 10024.3896702528 1600.9901109039783 1810.9574406445026 60.041169375181198 732.41003049910069
leaf_count=475 4602 6315 41149 6741 7646 247 3050
internal_value=1.82003e-05 -0.00457533 0.000311452 -0.0221115 0.024091 -0.0299589 0.0278632
internal_weight=16981 14260.7 11153.5 3107.16 2720.38 177.017 2543.37
internal_count=70225 58807 45751 13056 11418 722 10696
is_linear=0
shrinkage=0.1


Tree=16
num_leaves=8
num_cat=0
split_feature=13 19 23 4 6 24 4
split_gain=178.627 129.768 115.184 48.6663 86.3149 45.91 20.6979
threshold=1.0000000180025095e-35 1.0000000180025095e-35 1.0000000180025095e-35 1.0000000180025095e-35 1.0000000180025095e-35 1.0000000180025095e-35 1.0000000180025095e-35
decision_type=2 2 2 2 2 2 2
left_child=3 2 -2 4 -1 -5 -3
right_child=1 6 -4 5 -6 -7 -8
leaf_value=0.038871147188118592 -0.0099150669671667878 -0.091041868885595428 0.0079691758176626357 0.075207468015755105 -0.14279517921888649 0.027356892778094034 -0.038673219243734035
leaf_weight=63.277405917644501 7613.6919946223497 85.689418584108353 6831.6511155068874 232.19048523902893 43.203891694545746 1455.7103200107813 629.51745428144932
leaf_count=258 31571 354 27969 1081 180 6213 2599
internal_value=1.46898e-05 -0.00351719 -0.00145709 0.0298405 -0.0354812 0.0339799 -0.0450659
internal_weight=16954.9 15160.5 14445.3 1794.38 106.481 1687.9 715.207
internal_count=70225 62493 59540 7732 438 7294 2953
is_linear=0
shrinkage=0.1


Tree=17
num_leaves=8
num_cat=0
split_feature=15 1 4 18 22 4 3
split_gain=167.628 97.6269 67.6084 60.8788 47.3206 40.8382 25.1132
threshold=1.0000000180025095e-35 1.0000000180025095e-35 1.0000000180025095e-35 1.0000000180025095e-35 1.0000000180025095e-35 1.0000000180025095e-35 1.0000000180025095e-35
decision_type=2 2 2 2 2 2 2
left_child=3 2 -2 6 -3 -5 -1
right_child=1 4 -4 5 -6 -7 -8
leaf_value=0.023956478399477694 -0.028254449698840618 -0.040366127312301381 0.0028324302483853521 -0.016194301332823745 -0.013863583452283022 0.014032523845110018 0.06907114583567471
leaf_weight=236.52533926069736 778.2830807864666 873.65722206234932 6840.392373085022 495.34409981966019 2942.2479641288519 4506.0980372279882 260.6478878557682
leaf_count=1125 3221 3573 27803 2015 12074 19068 1346
internal_value=1.29719e-05 -0.00688648 -0.00034653 0.0143593 -0.0199404 0.0110362 0.0476995
internal_weight=16933.2 11434.6 7618.68 5498.62 3815.91 5001.44 497.173
internal_count=70225 46671 31024 23554 15647 21083 2471
is_linear=0
shrinkage=0.1


Tree=18
num_leaves=8
num_cat=0
split_feature=12 0 23 15 4 6 8
split_gain=140.703 102.965 105.054 49.0399 39.0856 99.8154 38.061
threshold=1.0000000180025095e-35 1.0000000180025095e-35 1.0000000180025095e-35 1.0000000180025095e-35 1.0000000180025095e-35 1.0000000180025095e-35 1.0000000180025095e-35
decision_type=2 2 2 2 2 2 2
left_child=4 3 -3 -2 5 -1 -6
right_child=1 2 -4 -5 6 -7 -8
leaf_value=0.028420625820638479 0.00020485874247598928 -0.0074232523639791229 0.015696271446584319 -0.019125951683324913 0.031962639025853321 -0.13148920072014156 0.0048559644166064168
leaf_weight=116.79134705662727 1857.0038876831532 4094.2160233706236 3778.2006031870842 4473.2916124016047 1791.3040718883276 57.434292405843735 729.12723737955093
leaf_count=475 7889 17024 15513 18381 7646 247 3050
internal_value=1.31104e-05 -0.00396199 0.00367306 -0.0134561 0.0209583 -0.024744 0.0241261
internal_weight=16897.4 14202.7 7872.42 6330.3 2694.66 174.226 2520.43
internal_count=70225 58807 32537 26270 11418 722 10696
is_linear=0
shrinkage=0.1


Tree=19
num_leaves=8
num_cat=0
split_feature=13 22 23 2 24 4 4
split_gain=131.968 105.407 190.629 40.4448 37.0564 25.1928 10.283
threshold=1.0000000180025095e-35 1.0000000180025095e-35 1.0000000180025095e-35 1.0000000180025095e-35 1.0000000180025095e-35 1.0000000180025095e-35 1.0000000180025095e-35
decision_type=2 2 2 2 2 2 2
left_child=4 3 -3 -2 6 -6 -1
right_child=1 2 -4 -5 5 -7 -8
leaf_value=-0.034760953277142286 -0.0052954878903616939 -0.0092978010293458448 0.016036799955478281 -0.030144154096970396 -0.02957464360950178 0.023473798744196361 0.067348223675840799
leaf_weight=9.7312973588705045 1062.012797281146 7344.3149853795767 4985.1694393306971 1710.3382797986269 94.614985510706902 1440.4000580608845 223.1713677495718
leaf_count=41 4337 30589 20513 7054 397 6213 1081
internal_value=1.0834e-05 -0.00301593 0.000946185 -0.0206306 0.025853 0.0201869 0.0629515
internal_weight=16869.8 15101.8 12329.5 2772.35 1767.92 1535.02 232.903
internal_count=70225 62493 51102 11391 7732 6610 1122
is_linear=0
shrinkage=0.1


Tree=20
num_leaves=8
num_cat=0
split_feature=16 11 10 2 3 19 18
split_gain=121.795 91.4455 127.616 47.4959 31.3614 23.8282 19.4216
threshold=1.0000000180025095e-35 1.0000000180025095e-35 1.0000000180025095e-35 1.0000000180025095e-35 1.0000000180025095e-35 1.0000000180025095e-35 1.0000000180025095e-35
decision_type=2 2 2 2 2 2 2
left_child=3 2 -2 4 -1 -3 -5
right_child=1 5 -4 6 -6 -7 -8
leaf_value=-0.0088152875153734364 -0.0095582361250682452 -0.026129935643966401 0.010001010001047937 0.057235419339411044 0.02821286629964273 -0.079553534464338813 0.027941853701185598
leaf_weight=588.16881230473518 7587.4789323806763 1052.7604221999645 5951.429821446538 303.95269924402237 372.95028924942017 90.054000198841095 899.19780947268009
leaf_count=2590 31117 4391 24293 1633 1697 387 4117
internal_value=1.08794e-05 -0.0032542 -0.000960284 0.0221514 0.00556742 -0.0304056 0.0353837
internal_weight=16846 14681.7 13538.9 2164.27 961.119 1142.81 1203.15
internal_count=70225 60188 55410 10037 4287 4778 5750
is_linear=0
shrinkage=0.1


Tree=21
num_leaves=8
num_cat=0
split_feature=12 7 11 20 4 6 8
split_gain=105.99 89.8071 93.1825 65.1599 30.4848 84.1408 29.8232
threshold=1.0000000180025095e-35 1.0000000180025095e-35 1.0000000180025095e-35 1.0000000180025095e-35 1.0000000180025095e-35 1.0000000180025095e-35 1.0000000180025095e-35
decision_type=2 2 2 2 2 2 2
left_child=4 2 -2 -3 5 -1 -6
right_child=1 3 -4 -5 6 -7 -8
leaf_value=0.025879882386810323 0.0058119986617162119 -0.0065096120926023309 -0.031184013386825582 -0.030778013518806015 0.028071273837293326 -0.12298690906674162 0.0040046439267112576
leaf_weight=116.47088426351547 8123.651844933629 3705.5787717550993 742.0803557485342 1576.7617508023977 1772.5526668429375 55.148167833685875 726.06627428531647
leaf_count=475 33698 15241 3127 6741 7646 247 3050
internal_value=1.13942e-05 -0.00343772 0.00271219 -0.0137581 0.0182807 -0.0223924 0.0210822
internal_weight=16818.3 14148.1 8865.73 5282.34 2670.24 171.619 2498.62
internal_count=70225 58807 36825 21982 11418 722 10696
is_linear=0
shrinkage=0.1


Tree=22
num_leaves=8
num_cat=0
split_feature=22 23 0 7 16 2 18
split_gain=98.6737 154.415 87.4587 59.0551 28.9567 33.2952 6.58527
threshold=1.0000000180025095e-35 1.0000000180025095e-35 1.0000000180025095e-35 1.0000000180025095e-35 1.0000000180025095e-35 1.0000000180025095e-35 1.0000000180025095e-35
decision_type=2 2 2 2 2 2 2
left_child=4 3 -3 -2 6 -6 -1
right_child=1 2 -4 -5 5 -7 -8
leaf_value=0.050526818656091238 0.0013022769266770441 0.0019555265671877971 0.02699532832571383 -0.01642557468078714 -0.0050298778123321966 -0.027596276141190774 0.0083136927746400319
leaf_weight=43.62157766520977 5051.2147688418627 2446.8413620591164 3244.0575298368931 2991.0688559561968 1041.7589583992958 1757.1079701036215 218.73342442512512
leaf_count=231 21191 10209 13527 12610 4240 7233 984
internal_value=8.35609e-06 0.00362753 0.0162315 -0.00529225 -0.0162238 -0.0192017 0.0154976
internal_weight=16794.4 13733.2 5690.9 8042.28 3061.22 2798.87 262.355
internal_count=70225 57537 23736 33801 12688 11473 1215
is_linear=0
shrinkage=0.1


Tree=23
num_leaves=8
num_cat=0
split_feature=19 15 1 2 4 6 21
split_gain=96.4396 88.7121 65.6979 44.7517 20.1496 41.7125 15.781
threshold=1.0000000180025095e-35 1.0000000180025095e-35 1.0000000180025095e-35 1.0000000180025095e-35 1.0000000180025095e-35 1.0000000180025095e-35 1.0000000180025095e-35
decision_type=2 2 2 2 2 2 2
left_child=1 3 -3 -1 5 -2 -6
right_child=4 2 -4 -5 6 -7 -8
leaf_value=0.0023956218926428708 -0.006275170399074612 0.0019688716578458434 -0.014624147235319341 0.020952694021954932 -0.01561158983596086 -0.14406516238076458 -0.046510238329203882
leaf_weight=2420.8573405593634 41.412179410457611 7219.7701238244772 3562.9783482253551 2805.371112883091 391.86134365200996 46.026468172669411 286.93364490568638
leaf_count=10319 177 29522 14725 12431 1619 198 1234
internal_value=7.95431e-06 0.00166768 -0.00351486 0.0123589 -0.0346258 -0.0796147 -0.028722
internal_weight=16775.2 16009 10782.7 5226.23 766.234 87.4386 678.795
internal_count=70225 66997 44247 22750 3228 375 2853
is_linear=0
shrinkage=0.1


Tree=24
num_leaves=8
num_cat=0
split_feature=13 10 11 21 24 4 4
split_gain=90.4004 80.0454 90.2076 56.5726 28.2819 19.1259 8.68869
threshold=1.0000000180025095e-35 1.0000000180025095e-35 1.0000000180025095e-35 1.0000000180025095e-35 1.0000000180025095e-35 1.0000000180025095e-35 1.0000000180025095e-35
decision_type=2 2 2 2 2 2 2
left_child=4 3 -3 -2 6 -6 -1
right_child=1 2 -4 -5 5 -7 -8
leaf_value=-0.035276787643461489 -0.0038254554013044378 0.0095086297865504561 -0.02653723054924419 -0.022136976619999971 -0.026919160231146468 0.01957083665827275 0.05906387618271064
leaf_weight=9.6001652330160123 5717.7110638171434 6120.0253997892141 782.12772084772587 2392.7345534414053 93.507544502615929 1421.6501828283072 212.55549743771553
leaf_count=41 23618 25366 3327 10182 397 6213 1081
internal_value=5.47253e-06 -0.00249415 0.00542079 -0.00922976 0.0215944 0.0166859 0.0548473
internal_weight=16749.9 15012.6 6902.15 8110.45 1737.31 1515.16 222.156
internal_count=70225 62493 28693 33800 7732 6610 1122
is_linear=0
shrinkage=0.1


end of trees

feature_importances:
discharge_disposition_id_lt=_10.0=34
change_lt=_0.5=15
number_inpatient_lt=_0.5=14
age_lt=_6.5=10
number_inpatient_lt=_1.5=10
number_diagnoses_lt=_5.5=10
number_outpatient_lt=_0.5=9
discharge_disposition_id_lt=_14.5=8
number_emergency_lt=_0.5=8
number_inpatient_lt=_3.5=7
metformin_lt=_1.5=6
gender_lt=_0.5=5
discharge_disposition_id_lt=_2.5=4
admission_source_id_lt=_6.5=4
num_lab_procedures_lt=_30.5=4
num_procedures_lt=_0.5=4
num_medications_lt=_6.5=4
diag_1_lt=_98.5=4
number_diagnoses_lt=_6.5=4
age_lt=_5.5=3
number_emergency_lt=_2.5=3
num_lab_procedures_lt=_35.5=2
number_inpatient_lt=_2.5=2
number_emergency_lt=_1.5=1

parameters:
[boosting: gbdt]
[objective: binary]
[metric: binary_logloss]
[tree_learner: serial]
[device_type: cpu]
[data_sample_strategy: bagging]
[data: ]
[valid: ]
[num_iterations: 25]
[learning_rate: 0.1]
[num_leaves: 31]
[num_threads: 8]
[seed: 42]
[deterministic: 0]
[force_col_wise: 0]
[force_row_wise: 0]
[histogram_pool_size: -1]
[max_depth: 3]
[min_data_in_leaf: 20]
[min_sum_hessian_in_leaf: 0.001]
[bagging_fraction: 1]
[pos_bagging_fraction: 1]
[neg_bagging_fraction: 1]
[bagging_freq: 0]
[bagging_seed: 400]
[bagging_by_query: 0]
[feature_fraction: 1]
[feature_fraction_bynode: 1]
[feature_fraction_seed: 30056]
[extra_trees: 0]
[extra_seed: 12879]
[early_stopping_round: 0]
[early_stopping_min_delta: 0]
[first_metric_only: 0]
[max_delta_step: 0]
[lambda_l1: 0]
[lambda_l2: 1]
[linear_lambda: 0]
[min_gain_to_split: 0]
[drop_rate: 0.1]
[max_drop: 50]
[skip_drop: 0.5]
[xgboost_dart_mode: 0]
[uniform_drop: 0]
[drop_seed: 17869]
[top_rate: 0.2]
[other_rate: 0.1]
[min_data_per_group: 100]
[max_cat_threshold: 32]
[cat_l2: 10]
[cat_smooth: 10]
[max_cat_to_onehot: 4]
[top_k: 20]
[monotone_constraints: ]
[monotone_constraints_method: basic]
[monotone_penalty: 0]
[feature_contri: ]
[forcedsplits_filename: ]
[refit_decay_rate: 0.9]
[cegb_tradeoff: 1]
[cegb_penalty_split: 0]
[cegb_penalty_feature_lazy: ]
[cegb_penalty_feature_coupled: ]
[path_smooth: 0]
[interaction_constraints: ]
[verbosity: -1]
[saved_feature_importance_type: 0]
[use_quantized_grad: 0]
[num_grad_quant_bins: 4]
[quant_train_renew_leaf: 0]
[stochastic_rounding: 1]
[linear_tree: 0]
[max_bin: 255]
[max_bin_by_feature: ]
[min_data_in_bin: 3]
[bin_construct_sample_cnt: 200000]
[data_random_seed: 175]
[is_enable_sparse: 1]
[enable_bundle: 1]
[use_missing: 1]
[zero_as_missing: 0]
[feature_pre_filter: 1]
[pre_partition: 0]
[two_round: 0]
[header: 0]
[label_column: ]
[weight_column: ]
[group_column: ]
[ignore_column: ]
[categorical_feature: ]
[forcedbins_filename: ]
[precise_float_parser: 0]
[parser_config_file: ]
[objective_seed: 16083]
[num_class: 1]
[is_unbalance: 0]
[scale_pos_weight: 1]
[sigmoid: 1]
[boost_from_average: 1]
[reg_sqrt: 0]
[alpha: 0.9]
[fair_c: 1]
[poisson_max_delta_step: 0.7]
[tweedie_variance_power: 1.5]
[lambdarank_truncation_level: 30]
[lambdarank_norm: 1]
[label_gain: ]
[lambdarank_position_bias_regularization: 0]
[eval_at: ]
[multi_error_top_k: 1]
[auc_mu_weights: ]
[num_machines: 1]
[local_listen_port: 12400]
[time_out: 120]
[machine_list_filename: ]
[machines: ]
[gpu_platform_id: -1]
[gpu_device_id: -1]
[gpu_use_dp: 0]
[num_gpu: 1]

end of parameters

pandas_categorical:[]
