tree
version=v4
num_class=1
num_tree_per_iteration=1
label_index=0
max_feature_idx=20
objective=binary sigmoid:1
feature_names=ExternalRiskEstimate_lt=_67.5 ExternalRiskEstimate_lt=_70.5 ExternalRiskEstimate_lt=_73.5 ExternalRiskEstimate_lt=_74.5 ExternalRiskEstimate_lt=_75.5 ExternalRiskEstimate_lt=_78.5 ExternalRiskEstimate_lt=_80.5 ExternalRiskEstimate_lt=_81.5 AverageMInFile_lt=_63.5 AverageMInFile_lt=_69.5 AverageMInFile_lt=_75.5 NumSatisfactoryTrades_lt=_18.5 MSinceMostRecentInqexcl7days_lt=_-7.5 MSinceMostRecentInqexcl7days_lt=_0.5 MSinceMostRecentInqexcl7days_lt=_1.5 NetFractionRevolvingBurden_lt=_37.5 NetFractionRevolvingBurden_lt=_47.5 NetFractionRevolvingBurden_lt=_57.5 PercentTradesWBalance_lt=_73.5 PercentTradesWBalance_lt=_80.5 PercentTradesWBalance_lt=_66.5
feature_infos=[0:1] [0:1] [0:1] [0:1] [0:1] [0:1] [0:1] [0:1] [0:1] [0:1] [0:1] [0:1] [0:1] [0:1] [0:1] [0:1] [0:1] [0:1] [0:1] [0:1] [0:1]
tree_sizes=1008 1013 1013 1015 1015 1010 1018 1011 1012 1014 1019 1021 1013 1017 1022 1020 1021 1013 1022 1022 1022 1020 1017 1026 1024

Tree=0
num_leaves=8
num_cat=0
split_feature=3 0 12 7 13 13 9
split_gain=1324.43 138.635 92.372 86.442 70.4804 46.3829 11.6571
threshold=1.0000000180025095e-35 1.0000000180025095e-35 1.0000000180025095e-35 1.0000000180025095e-35 1.0000000180025095e-35 1.0000000180025095e-35 1.0000000180025095e-35
decision_type=2 2 2 2 2 2 2
left_child=3 4 -3 6 -2 -5 -1
right_child=1 2 -4 5 -6 -7 -8
leaf_value=0.052998707548994661 -0.046806475511535738 -0.18933909065160953 -0.09605688041337701 0.02689593302238491 -0.13167318015720481 -0.046157934878959556 0.002621435364091082
leaf_weight=348.57807138562202 136.98594215512276 694.16191452741623 125.50806722044945 133.49267587065697 336.10212036967278 251.51517248153687 61.381678998470306
leaf_count=1397 549 2782 503 535 1347 1008 246
internal_value=-0.0877819 -0.150226 -0.175083 0.0137139 -0.107065 -0.0205967 0.0456942
internal_weight=2087.73 1292.76 819.67 794.968 473.088 385.008 409.96
internal_count=8367 5181 3285 3186 1896 1543 1643
is_linear=0
shrinkage=1


Tree=1
num_leaves=8
num_cat=0
split_feature=2 18 5 0 13 1 14
split_gain=1075.52 99.5449 97.5403 43.3127 39.2749 34.4927 23.4244
threshold=1.0000000180025095e-35 1.0000000180025095e-35 1.0000000180025095e-35 1.0000000180025095e-35 1.0000000180025095e-35 1.0000000180025095e-35 1.0000000180025095e-35
decision_type=2 2 2 2 2 2 2
left_child=2 3 6 -2 -4 -3 -1
right_child=1 5 4 -5 -6 -7 -8
leaf_value=0.13974885678248641 -0.046904031305864097 0.013912408491801118 0.09181600497904667 -0.10651550538852128 0.011431895988777578 -0.043969184082588347 0.095358177786161277
leaf_weight=181.66388188302517 174.6680910885334 128.84425356984138 88.727625042200089 421.98669977486134 189.49265170097351 503.42225381731987 394.52450601756573
leaf_count=727 701 517 355 1703 759 2026 1579
internal_value=-3.39836e-06 -0.0598955 0.0861105 -0.0891722 0.0373043 -0.0321706 0.109572
internal_weight=2083.33 1228.92 854.409 596.655 278.22 632.267 576.188
internal_count=8367 4947 3420 2404 1114 2543 2306
is_linear=0
shrinkage=0.1


Tree=2
num_leaves=8
num_cat=0
split_feature=3 0 12 6 13 11 9
split_gain=878.6 95.4585 70.866 61.6829 55.5144 29.0797 16.156
threshold=1.0000000180025095e-35 1.0000000180025095e-35 1.0000000180025095e-35 1.0000000180025095e-35 1.0000000180025095e-35 1.0000000180025095e-35 1.0000000180025095e-35
decision_type=2 2 2 2 2 2 2
left_child=3 4 -3 6 -2 -5 -1
right_child=1 2 -4 5 -6 -7 -8
leaf_value=0.11514186191088512 0.037957056699364042 -0.084768524120842556 -0.0028871689497401644 0.073870047270680445 -0.037390630689651864 0.013719164668532513 0.064062674676729658
leaf_weight=379.09158585965633 137.06048530340195 682.71638636291027 125.11173938214779 200.09396561980247 334.67475855350494 134.78651461005211 79.245967894792557
leaf_count=1526 549 2782 503 802 1347 540 318
internal_value=-4.59722e-06 -0.0512528 -0.0721065 0.0826258 -0.0154647 0.0497728 0.106469
internal_weight=2072.78 1279.56 807.828 793.218 471.735 334.88 458.338
internal_count=8367 5181 3285 3186 1896 1342 1844
is_linear=0
shrinkage=0.1


Tree=3
num_leaves=8
num_cat=0
split_feature=2 17 5 13 13 13 8
split_gain=720.155 80.2667 68.0113 39.5661 30.2597 24.08 20.347
threshold=1.0000000180025095e-35 1.0000000180025095e-35 1.0000000180025095e-35 1.0000000180025095e-35 1.0000000180025095e-35 1.0000000180025095e-35 1.0000000180025095e-35
decision_type=2 2 2 2 2 2 2
left_child=2 5 6 -3 -4 -2 -1
right_child=1 3 4 -5 -6 -7 -8
leaf_value=0.098550194281616363 -0.040149193241575815 0.010175522624514634 0.078087374326482911 -0.042873794389342773 0.0073960389630849405 -0.098089167820292061 0.044826554794408863
leaf_weight=482.75770184397697 94.881726160645485 181.84173011779785 88.16561084985733 613.7845520824194 189.45566637814045 320.90105295181274 85.436807990074158
leaf_count=1962 389 738 355 2499 759 1321 344
internal_value=-8.79837e-07 -0.0494241 0.0707597 -0.0307517 0.0300455 -0.0849953 0.090565
internal_weight=2057.22 1211.41 845.816 795.626 277.621 415.783 568.195
internal_count=8367 4947 3420 3237 1114 1710 2306
is_linear=0
shrinkage=0.1


Tree=4
num_leaves=8
num_cat=0
split_feature=3 18 8 16 10 1 13
split_gain=590.146 79.5574 48.2034 42.4235 36.6 33.6569 20.7384
threshold=1.0000000180025095e-35 1.0000000180025095e-35 1.0000000180025095e-35 1.0000000180025095e-35 1.0000000180025095e-35 1.0000000180025095e-35 1.0000000180025095e-35
decision_type=2 2 2 2 2 2 2
left_child=2 4 3 -1 -2 -3 -4
right_child=1 5 6 -5 -6 -7 -8
leaf_value=-0.014399371333671527 -0.035952932319871907 0.021099062068126073 0.072025436476125221 0.087573753749378605 -0.087351618329569752 -0.031194141400989295 -0.0074647575044410139
leaf_weight=43.569254890084267 220.89550852775574 162.87929053604603 46.785060331225395 585.14791762828827 380.66808632016182 495.3282396197319 104.29538874328136
leaf_count=176 916 656 190 2401 1583 2026 419
internal_value=1.56146e-06 -0.042309 0.0683213 0.0804955 -0.0685689 -0.0182413 0.0174627
internal_weight=2039.57 1259.77 779.798 628.717 601.564 658.208 151.08
internal_count=8367 5181 3186 2577 2499 2682 609
is_linear=0
shrinkage=0.1


Tree=5
num_leaves=8
num_cat=0
split_feature=1 5 12 13 8 14 0
split_gain=488.462 95.1205 56.477 53.4205 42.0375 20.3583 8.69648
threshold=1.0000000180025095e-35 1.0000000180025095e-35 1.0000000180025095e-35 1.0000000180025095e-35 1.0000000180025095e-35 1.0000000180025095e-35 1.0000000180025095e-35
decision_type=2 2 2 2 2 2 2
left_child=1 5 3 -2 -3 -1 -4
right_child=2 4 6 -5 -6 -7 -8
leaf_value=0.10498127158760924 -0.015957314221968492 0.036131340940146688 0.11876365586043791 -0.073771332532595879 -0.026859917720418909 0.063096936696401845 0.0049108387183154798
leaf_weight=172.75173377990723 213.13321414589882 320.92425361275673 6.0993134826421729 645.91213245689869 157.04537083208561 380.33895805478096 124.21745073795319
leaf_count=727 881 1297 25 2720 635 1579 503
internal_value=2.9531e-06 0.0481449 -0.050166 -0.0594626 0.0154216 0.0763449 0.0111034
internal_weight=2020.42 1031.06 989.362 859.045 477.97 553.091 130.317
internal_count=8367 4238 4129 3601 1932 2306 528
is_linear=0
shrinkage=0.1


Tree=6
num_leaves=8
num_cat=0
split_feature=2 17 7 14 11 11 11
split_gain=402.121 59.3514 48.4459 34.4161 29.7898 17.644 9.15764
threshold=1.0000000180025095e-35 1.0000000180025095e-35 1.0000000180025095e-35 1.0000000180025095e-35 1.0000000180025095e-35 1.0000000180025095e-35 1.0000000180025095e-35
decision_type=2 2 2 2 2 2 2
left_child=2 5 6 -4 -3 -2 -1
right_child=1 4 3 -5 -6 -7 -8
leaf_value=0.095487063646523609 -0.04672386776399462 -0.00097447818452239322 0.076025660686077343 0.013312852547243953 -0.04003160323944932 -0.089275925661358793 0.063650615602735078
leaf_weight=190.45118397474289 194.06834371387959 375.51847709715366 120.55427205562592 314.52553620934486 405.98983347415924 204.38097770512104 193.94577671587467
leaf_count=816 829 1554 502 1275 1683 881 827
internal_value=1.10126e-05 -0.0373504 0.0537874 0.0308241 -0.0212897 -0.0687194 0.079631
internal_weight=1999.43 1179.96 819.477 435.08 781.508 398.449 384.397
internal_count=8367 4947 3420 1777 3237 1710 1643
is_linear=0
shrinkage=0.1


Tree=7
num_leaves=8
num_cat=0
split_feature=1 8 12 13 15 13 0
split_gain=338.005 69.3215 47.6001 44.5109 39.0497 19.8265 7.0486
threshold=1.0000000180025095e-35 1.0000000180025095e-35 1.0000000180025095e-35 1.0000000180025095e-35 1.0000000180025095e-35 1.0000000180025095e-35 1.0000000180025095e-35
decision_type=2 2 2 2 2 2 2
left_child=1 4 3 -2 -1 -3 -4
right_child=2 5 6 -5 -6 -7 -8
leaf_value=0.0086130528987652406 -0.011116473736040189 0.037977366506129324 0.11053312671486155 -0.064255726964517756 0.065940471922625005 -0.0249568072523602 0.0084005764945686689
leaf_weight=147.1177204400301 211.06150057911873 69.851914405822754 6.1654955744743338 627.24911764264107 624.0180025100708 169.68687650561333 123.69870290160179
leaf_count=601 881 289 25 2720 2658 690 503
internal_value=1.73161e-05 0.0404485 -0.0421868 -0.050906 0.0550288 -0.00652298 0.0140571
internal_weight=1978.85 1010.67 968.175 838.311 771.136 239.539 129.864
internal_count=8367 4238 4129 3601 3259 979 528
is_linear=0
shrinkage=0.1


Tree=8
num_leaves=8
num_cat=0
split_feature=4 19 13 14 12 9 16
split_gain=282.458 65.8494 32.3127 26.2903 37.5907 22.7915 12.1591
threshold=1.0000000180025095e-35 1.0000000180025095e-35 1.0000000180025095e-35 1.0000000180025095e-35 1.0000000180025095e-35 1.0000000180025095e-35 1.0000000180025095e-35
decision_type=2 2 2 2 2 2 2
left_child=3 5 -3 6 -5 -2 -1
right_child=1 2 -4 4 -6 -7 -8
leaf_value=-0.023085033818701375 -0.033283772210645213 0.022028143283376798 -0.022830769231963512 0.028015900676366043 0.11014999396224612 -0.080383817466830126 0.088013738329176
leaf_weight=9.9921874105930311 184.53272284567356 212.83969290554523 644.73850376904011 412.67801395058632 63.701144501566887 237.48999778926373 191.61107881367207
leaf_count=42 800 875 2714 1752 277 1052 855
internal_value=1.8829e-05 -0.0276262 -0.0116847 0.052159 0.0392066 -0.0599163 0.0824205
internal_weight=1957.58 1279.6 857.578 677.982 476.379 422.023 201.603
internal_count=8367 5441 3589 2926 2029 1852 897
is_linear=0
shrinkage=0.1


Tree=9
num_leaves=8
num_cat=0
split_feature=1 8 12 11 15 11 8
split_gain=238.252 53.2556 39.1223 42.0471 28.7803 15.7518 6.13736
threshold=1.0000000180025095e-35 1.0000000180025095e-35 1.0000000180025095e-35 1.0000000180025095e-35 1.0000000180025095e-35 1.0000000180025095e-35 1.0000000180025095e-35
decision_type=2 2 2 2 2 2 2
left_child=1 4 3 -2 -1 -3 -4
right_child=2 5 6 -5 -6 -7 -8
leaf_value=0.0074858466584386248 -0.02216898887847147 0.022664491196600009 0.080289638004043359 -0.067616394874835409 0.056921684314819025 -0.029160952750435204 0.007850425637449086
leaf_weight=146.51035790145397 428.01802565157413 101.74230471253395 12.028441920876501 389.77833645045757 606.19704595208168 135.74457450211048 117.63306365907192
leaf_count=601 1856 419 49 1745 2658 560 479
internal_value=2.64974e-05 0.03431 -0.0358019 -0.0438863 0.047322 -0.00695636 0.0151335
internal_weight=1937.65 990.194 947.458 817.796 752.707 237.487 129.662
internal_count=8367 4238 4129 3601 3259 979 528
is_linear=0
shrinkage=0.1


Tree=10
num_leaves=8
num_cat=0
split_feature=4 19 14 14 12 9 17
split_gain=197.508 50.173 26.1661 23.1375 32.3838 18.6217 11.2306
threshold=1.0000000180025095e-35 1.0000000180025095e-35 1.0000000180025095e-35 1.0000000180025095e-35 1.0000000180025095e-35 1.0000000180025095e-35 1.0000000180025095e-35
decision_type=2 2 2 2 2 2 2
left_child=3 5 -3 6 -5 -2 -1
right_child=1 2 -4 4 -6 -7 -8
leaf_value=-0.074105965172215016 -0.027774613755729288 0.026817611346754491 -0.017821429539197457 0.021833225159663919 0.099724111719176334 -0.070943452778589891 0.077151581113873907
leaf_weight=4.286562278866767 181.02544748783112 161.28336404263973 688.28169977664948 405.58513000607491 60.668857976794243 227.77507385611534 188.60465639829636
leaf_count=18 800 666 2923 1752 277 1052 879
internal_value=2.38502e-05 -0.0232003 -0.00932549 0.0443288 0.0321601 -0.0519418 0.0734254
internal_weight=1917.51 1258.37 849.565 659.145 466.254 408.801 192.891
internal_count=8367 5441 3589 2926 2029 1852 897
is_linear=0
shrinkage=0.1


Tree=11
num_leaves=8
num_cat=0
split_feature=1 7 11 17 12 13 11
split_gain=168.008 42.6552 34.2531 32.0688 17.0649 11.5405 8.34557
threshold=1.0000000180025095e-35 1.0000000180025095e-35 1.0000000180025095e-35 1.0000000180025095e-35 1.0000000180025095e-35 1.0000000180025095e-35 1.0000000180025095e-35
decision_type=2 2 2 2 2 2 2
left_child=1 6 -3 5 -5 -2 -1
right_child=3 2 -4 4 -6 -7 -8
leaf_value=0.072860074046375581 -0.021862654613432585 0.032260281206394084 -0.015722563807338098 -0.025170427673858221 0.016189686924443399 -0.06562204016060269 0.041432632870871532
leaf_weight=171.39619074761868 80.751334697008133 376.21089620888233 244.87721693515778 468.37775538861752 125.93272161483765 253.07270005345345 177.83743478357792
leaf_count=816 354 1577 1018 2056 513 1206 827
internal_value=2.84852e-05 0.0291084 0.0133472 -0.0303718 -0.0163939 -0.0551336 0.0570205
internal_weight=1898.46 970.322 621.088 928.135 594.31 333.824 349.234
internal_count=8367 4238 2595 4129 2569 1560 1643
is_linear=0
shrinkage=0.1


Tree=12
num_leaves=8
num_cat=0
split_feature=0 8 12 12 13 10 8
split_gain=139.465 57.9138 28.3233 27.5642 24.9718 18.936 0.67114
threshold=1.0000000180025095e-35 1.0000000180025095e-35 1.0000000180025095e-35 1.0000000180025095e-35 1.0000000180025095e-35 1.0000000180025095e-35 1.0000000180025095e-35
decision_type=2 2 2 2 2 2 2
left_child=1 3 5 -1 -3 -2 -4
right_child=2 4 6 -5 -6 -7 -8
leaf_value=0.029794337858357386 -0.020395468464647237 0.029638238330017386 0.038533890345461508 0.096508237783438394 -0.032796048596580411 -0.05722017679689731 0.0071912967571070331
leaf_weight=776.93444995582104 225.31037555634975 88.532757744193077 6.3451440930366507 66.616336360573769 224.91562677919865 373.23770277202129 117.22523298859596
leaf_count=3447 1022 375 26 313 947 1760 477
internal_value=2.74476e-05 0.0215441 -0.0344292 0.0351709 -0.0151235 -0.0434155 0.0090971
internal_weight=1879.12 1157 722.118 843.551 313.448 598.548 123.57
internal_count=8367 5082 3285 3760 1322 2782 503
is_linear=0
shrinkage=0.1


Tree=13
num_leaves=8
num_cat=0
split_feature=5 13 12 11 11 16 12
split_gain=121.206 42.9487 41.8355 20.3774 15.018 11.0482 7.82114
threshold=1.0000000180025095e-35 1.0000000180025095e-35 1.0000000180025095e-35 1.0000000180025095e-35 1.0000000180025095e-35 1.0000000180025095e-35 1.0000000180025095e-35
decision_type=2 2 2 2 2 2 2
left_child=4 3 -3 -2 5 -1 -6
right_child=1 2 -4 -5 6 -7 -8
leaf_value=-0.067759825506320578 0.032689046117665564 -0.033571718880577049 0.024180979224934406 -0.018274695577931099 0.017237134021378317 0.063177532822614041 0.070408777719986895
leaf_weight=5.8371360898017874 228.14962351322174 883.66621874272823 145.41385322809219 118.50941182672977 203.99451576173306 245.24223265051842 31.263723760843277
leaf_count=25 970 3987 592 512 939 1185 157
internal_value=2.48031e-05 -0.0151464 -0.0253954 0.015264 0.0428837 0.0598768 0.0245713
internal_weight=1862.08 1375.74 1029.08 346.659 486.338 251.079 235.258
internal_count=8367 6061 4579 1482 2306 1210 1096
is_linear=0
shrinkage=0.1


Tree=14
num_leaves=8
num_cat=0
split_feature=0 8 20 14 13 10 15
split_gain=105.651 43.6736 22.5523 22.1115 18.2656 8.50084 5.24889
threshold=1.0000000180025095e-35 1.0000000180025095e-35 1.0000000180025095e-35 1.0000000180025095e-35 1.0000000180025095e-35 1.0000000180025095e-35 1.0000000180025095e-35
decision_type=2 2 2 2 2 2 2
left_child=1 3 5 -1 -3 -2 -4
right_child=2 4 6 -5 -6 -7 -8
leaf_value=0.057360930337485141 -0.026214728591989356 0.025357250621648592 -0.033300678740024785 0.020744258811342571 -0.028284949599875039 -0.055473384569247247 -0.00048017431904425265
leaf_weight=227.47988867759705 161.89086683094501 87.756002157926559 62.093973934650421 601.04567705094814 222.61147403717041 269.13197454810143 214.137620896101
leaf_count=1083 754 375 281 2677 947 1343 907
internal_value=3.29853e-05 0.0188795 -0.0302994 0.0308548 -0.013085 -0.04457 -0.00795139
internal_weight=1846.15 1138.89 707.254 828.526 310.367 431.023 276.232
internal_count=8367 5082 3285 3760 1322 2097 1188
is_linear=0
shrinkage=0.1


Tree=15
num_leaves=8
num_cat=0
split_feature=4 11 12 14 14 12 17
split_gain=88.9443 35.314 32.4038 22.1179 16.3729 22.5717 9.03478
threshold=1.0000000180025095e-35 1.0000000180025095e-35 1.0000000180025095e-35 1.0000000180025095e-35 1.0000000180025095e-35 1.0000000180025095e-35 1.0000000180025095e-35
decision_type=2 2 2 2 2 2 2
left_child=4 3 -3 -2 6 -6 -1
right_child=1 2 -4 -5 5 -7 -8
leaf_value=-0.074747853934470962 0.035346087566163475 -0.045127281275106491 0.011150254793572548 -0.0093678112468491819 0.012124635854919132 0.080931678889199721 0.060446446319199848
leaf_weight=4.2758099287748328 143.89388237893581 470.35792823135853 130.23419658839703 466.77459344267845 390.60683946311474 53.400211989879608 170.31193234026432
leaf_count=18 606 2224 528 2083 1752 277 879
internal_value=2.36139e-05 -0.0157296 -0.0329256 0.00120884 0.0308454 0.0205632 0.0567286
internal_weight=1829.86 1211.26 600.592 610.668 618.595 444.007 174.588
internal_count=8367 5441 2752 2689 2926 2029 897
is_linear=0
shrinkage=0.1


Tree=16
num_leaves=8
num_cat=0
split_feature=0 8 12 20 20 10 17
split_gain=77.9097 32.7301 19.9196 17.2188 16.4444 7.0646 4.07625
threshold=1.0000000180025095e-35 1.0000000180025095e-35 1.0000000180025095e-35 1.0000000180025095e-35 1.0000000180025095e-35 1.0000000180025095e-35 1.0000000180025095e-35
decision_type=2 2 2 2 2 2 2
left_child=1 2 -1 5 -3 -2 -5
right_child=3 4 -4 6 -6 -7 -8
leaf_value=0.022296004787965014 -0.022266871118242004 -0.03417569536111368 0.08154209827775577 -0.044313957006744356 0.011982608705065123 -0.049257132812901568 -0.002868463888224925
leaf_weight=753.39635509252548 159.02268567681313 155.82464179396629 60.604746639728546 25.247819468379021 151.22049413621426 259.08323299884796 249.40122918784618
leaf_count=3447 754 680 313 120 642 1343 1068
internal_value=2.87866e-05 0.0163165 0.0268017 -0.0263141 -0.0114775 -0.0390693 -0.00682539
internal_weight=1813.8 1121.05 814.001 692.755 307.045 418.106 274.649
internal_count=8367 5082 3760 3285 1322 2097 1188
is_linear=0
shrinkage=0.1


Tree=17
num_leaves=8
num_cat=0
split_feature=5 17 11 11 16 11 7
split_gain=66.3262 30.5288 20.84 13.0048 9.34407 7.96859 6.446
threshold=1.0000000180025095e-35 1.0000000180025095e-35 1.0000000180025095e-35 1.0000000180025095e-35 1.0000000180025095e-35 1.0000000180025095e-35 1.0000000180025095e-35
decision_type=2 2 2 2 2 2 2
left_child=3 5 -3 4 -1 -2 -5
right_child=1 2 -4 6 -6 -7 -8
leaf_value=-0.067858814658029259 -0.020982076764559782 0.012107006939234635 -0.01718430589160903 0.02574502370370272 0.052394028674433893 -0.050565552079468036 -0.012110479289101033
leaf_weight=5.8243579268455496 185.93330995738506 505.95594708621502 465.33989329636097 163.844267770648 229.31358827650547 182.1236250847578 61.175503790378571
leaf_count=25 879 2184 2055 827 1185 943 269
internal_value=2.04963e-05 -0.0112344 -0.00192946 0.0327326 0.0491406 -0.0357181 0.0154453
internal_weight=1799.51 1339.35 971.296 460.158 235.138 368.057 225.02
internal_count=8367 6061 4239 2306 1210 1822 1096
is_linear=0
shrinkage=0.1


Tree=18
num_leaves=8
num_cat=0
split_feature=0 12 13 20 10 14 5
split_gain=55.8183 28.351 36.2316 13.5811 6.06215 3.93992 1.35665
threshold=1.0000000180025095e-35 1.0000000180025095e-35 1.0000000180025095e-35 1.0000000180025095e-35 1.0000000180025095e-35 1.0000000180025095e-35 1.0000000180025095e-35
decision_type=2 2 2 2 2 2 2
left_child=1 2 -1 4 -2 -5 -3
right_child=3 6 -4 5 -6 -7 -8
leaf_value=0.035870447761850659 -0.018466821540298602 0.064543732951604302 -0.0034772520795665579 0.026872474819554671 -0.043743543316630544 -0.0096961097244613534 0.10098926549444859
leaf_weight=353.16866351664066 156.2796795964241 42.406026795506477 689.35938265919685 32.575268641114235 250.03577834367752 240.91057969629765 21.311315476894379
leaf_count=1694 754 249 3050 137 1343 1051 89
internal_value=1.64708e-05 0.0138708 0.00987385 -0.0225161 -0.0340907 -0.00525834 0.0781057
internal_weight=1786.05 1106.25 1042.53 679.801 406.315 273.486 63.7173
internal_count=8367 5082 4744 3285 2097 1188 338
is_linear=0
shrinkage=0.1


Tree=19
num_leaves=8
num_cat=0
split_feature=5 19 12 11 11 16 7
split_gain=49.1633 25.5895 13.702 12.4379 11.2135 7.83481 5.17817
threshold=1.0000000180025095e-35 1.0000000180025095e-35 1.0000000180025095e-35 1.0000000180025095e-35 1.0000000180025095e-35 1.0000000180025095e-35 1.0000000180025095e-35
decision_type=2 2 2 2 2 2 2
left_child=4 2 -2 -3 5 -1 -6
right_child=1 3 -4 -5 6 -7 -8
leaf_value=-0.062340133968289892 -0.034398776988239954 0.0095528728649931036 0.076825239886119084 -0.013632766815857353 0.021870415454788433 0.047221219882627452 -0.012170818062686986
leaf_weight=5.8955339044332495 378.14652924239635 521.90441103279591 10.492696404457091 413.99902950227261 160.39027242362499 221.7485034763813 61.05095548927784
leaf_count=25 1912 2270 44 1835 827 1185 269
internal_value=2.33602e-05 -0.00967271 -0.0312064 -0.000706952 0.0285791 0.0441236 0.0124728
internal_weight=1773.63 1324.54 388.639 935.903 449.085 227.644 221.441
internal_count=8367 6061 1956 4105 2306 1210 1096
is_linear=0
shrinkage=0.1


Tree=20
num_leaves=8
num_cat=0
split_feature=15 10 13 12 20 11 17
split_gain=42.9785 27.2759 17.9229 14.8682 13.6951 8.07598 5.14722
threshold=1.0000000180025095e-35 1.0000000180025095e-35 1.0000000180025095e-35 1.0000000180025095e-35 1.0000000180025095e-35 1.0000000180025095e-35 1.0000000180025095e-35
decision_type=2 2 2 2 2 2 2
left_child=2 5 6 -4 -3 -2 -1
right_child=1 4 3 -5 -6 -7 -8
leaf_value=-0.0095764517756608356 0.039361027639664127 -0.024659345395374305 -0.0335319730369378 0.060595016604651733 0.0079934525907989253 0.014030361947291868 0.023914250994930969
leaf_weight=94.113176912069321 301.22174149751663 190.61694458127022 464.08233579993248 16.520036444067955 388.69709424674511 218.49789735674858 87.820639997720718
leaf_count=430 1493 892 2320 72 1699 1078 383
internal_value=2.55315e-05 0.0121499 -0.0200747 -0.0301774 -0.00277457 0.028759 0.00663208
internal_weight=1761.57 1099.03 662.536 480.602 579.314 519.72 181.934
internal_count=8367 5162 3205 2392 2591 2571 813
is_linear=0
shrinkage=0.1


Tree=21
num_leaves=8
num_cat=0
split_feature=0 12 14 12 10 5 8
split_gain=36.5092 21.7679 27.1287 10.7549 10.7454 0.831192 0.431069
threshold=1.0000000180025095e-35 1.0000000180025095e-35 1.0000000180025095e-35 1.0000000180025095e-35 1.0000000180025095e-35 1.0000000180025095e-35 1.0000000180025095e-35
decision_type=2 2 2 2 2 2 2
left_child=1 2 -1 4 -2 -3 -5
right_child=3 5 -4 6 -6 -7 -8
leaf_value=0.03451250711782014 -0.0069076253723886613 0.057410736444599889 -0.0020599623309395512 0.031637319551826408 -0.035808770636281705 0.087657952473859935 0.0065750189784087578
leaf_weight=277.07519215345383 211.96556556224823 39.70778414607048 749.12303712964058 6.4027851819992057 328.52775827050209 20.848275497555733 117.31440289318562
leaf_count=1391 1022 249 3353 26 1760 89 477
internal_value=2.57649e-05 0.0113115 0.00783865 -0.0184287 -0.0245083 0.0690791 0.00811535
internal_weight=1750.96 1086.75 1026.2 664.211 540.493 60.5561 123.717
internal_count=8367 5082 4744 3285 2782 338 503
is_linear=0
shrinkage=0.1


Tree=22
num_leaves=8
num_cat=0
split_feature=6 11 12 14 11 13 18
split_gain=32.3408 22.2232 18.9625 16.3741 6.31017 3.46114 3.10068
threshold=1.0000000180025095e-35 1.0000000180025095e-35 1.0000000180025095e-35 1.0000000180025095e-35 1.0000000180025095e-35 1.0000000180025095e-35 1.0000000180025095e-35
decision_type=2 2 2 2 2 2 2
left_child=4 3 -3 -2 6 -6 -1
right_child=1 2 -4 -5 5 -7 -8
leaf_value=0.0030755678535844648 0.031433847133718724 -0.028317518559418178 0.01336701129103683 -0.0031849725239449542 0.035617135401179313 0.0049738464932940624 0.046655424855262369
leaf_weight=18.536935150623322 180.47473338246346 533.17486320436001 136.50642572343349 552.23696775734425 52.2118751257658 121.28202195465565 145.63078735768795
leaf_count=105 819 2632 560 2512 291 611 837
internal_value=3.36711e-05 -0.00665961 -0.0198134 0.00537323 0.0277701 0.014347 0.041783
internal_weight=1740.05 1402.39 669.681 732.712 337.662 173.494 164.168
internal_count=8367 6523 3192 3331 1844 902 942
is_linear=0
shrinkage=0.1


Tree=23
num_leaves=8
num_cat=0
split_feature=16 10 20 14 13 12 20
split_gain=29.3955 25.2935 9.41564 7.75549 5.71249 6.31741 4.22782
threshold=1.0000000180025095e-35 1.0000000180025095e-35 1.0000000180025095e-35 1.0000000180025095e-35 1.0000000180025095e-35 1.0000000180025095e-35 1.0000000180025095e-35
decision_type=2 2 2 2 2 2 2
left_child=4 3 -3 -2 6 -6 -1
right_child=1 2 -4 -5 5 -7 -8
leaf_value=-0.011965575968334493 0.042603947508775705 -0.021042021315015026 0.0038652584703921192 0.016414492676883052 -0.029590060506462307 0.043605499021529159 0.031398092897225942
leaf_weight=107.48427897691727 153.60269956290722 238.64301507174969 413.26132893562317 431.14489869773388 347.16725625097752 11.351991593837736 27.369034916162491
leaf_count=495 838 1137 1819 2075 1838 49 116
internal_value=3.91442e-05 0.00827274 -0.00527083 0.023355 -0.0205736 -0.0271576 -0.00299841
internal_weight=1730.02 1236.65 651.904 584.748 493.373 358.519 134.853
internal_count=8367 5869 2956 2913 2498 1887 611
is_linear=0
shrinkage=0.1


Tree=24
num_leaves=8
num_cat=0
split_feature=0 12 11 17 14 12 17
split_gain=25.2468 17.3393 20.4077 6.96962 3.67018 3.17181 1.02659
threshold=1.0000000180025095e-35 1.0000000180025095e-35 1.0000000180025095e-35 1.0000000180025095e-35 1.0000000180025095e-35 1.0000000180025095e-35 1.0000000180025095e-35
decision_type=2 2 2 2 2 2 2
left_child=1 2 -1 4 -2 -5 -3
right_child=3 6 -4 5 -6 -7 -8
leaf_value=0.018641788840939841 -0.0028736693058794842 0.012256203468441158 -0.010051766115823892 -0.013313989161366719 -0.035445220270090137 0.0057846793236907071 0.065958113167070703
leaf_weight=580.18311093747616 42.613482266664505 4.3573171794414511 431.3551567196846 299.63765753805637 187.21104490756989 121.67209410667419 53.625176832079887
leaf_count=2745 209 19 1999 1472 1111 493 319
internal_value=3.91562e-05 0.0094879 0.00640801 -0.0154716 -0.0294445 -0.00779775 0.0621987
internal_weight=1720.66 1069.52 1011.54 651.134 229.825 421.31 57.9825
internal_count=8367 5082 4744 3285 1320 1965 338
is_linear=0
shrinkage=0.1


end of trees

feature_importances:
MSinceMostRecentInqexcl7days_lt=_-7.5=24
NumSatisfactoryTrades_lt=_18.5=20
MSinceMostRecentInqexcl7days_lt=_0.5=20
MSinceMostRecentInqexcl7days_lt=_1.5=14
ExternalRiskEstimate_lt=_67.5=11
AverageMInFile_lt=_63.5=11
NetFractionRevolvingBurden_lt=_57.5=10
ExternalRiskEstimate_lt=_78.5=8
AverageMInFile_lt=_75.5=8
PercentTradesWBalance_lt=_66.5=7
ExternalRiskEstimate_lt=_70.5=6
NetFractionRevolvingBurden_lt=_47.5=6
ExternalRiskEstimate_lt=_81.5=5
AverageMInFile_lt=_69.5=4
NetFractionRevolvingBurden_lt=_37.5=4
ExternalRiskEstimate_lt=_73.5=3
ExternalRiskEstimate_lt=_74.5=3
ExternalRiskEstimate_lt=_75.5=3
PercentTradesWBalance_lt=_73.5=3
PercentTradesWBalance_lt=_80.5=3
ExternalRiskEstimate_lt=_80.5=2

parameters:
[boosting: gbdt]
[objective: binary]
[metric: binary_logloss]
[tree_learner: serial]
[device_type: cpu]
[data_sample_strategy: bagging]
[data: ]
[valid: ]
[num_iterations: 25]
[learning_rate: 0.1]
[num_leaves: 31]
[num_threads: 8]
[seed: 42]
[deterministic: 0]
[force_col_wise: 0]
[force_row_wise: 0]
[histogram_pool_size: -1]
[max_depth: 3]
[min_data_in_leaf: 20]
[min_sum_hessian_in_leaf: 0.001]
[bagging_fraction: 1]
[pos_bagging_fraction: 1]
[neg_bagging_fraction: 1]
[bagging_freq: 0]
[bagging_seed: 400]
[bagging_by_query: 0]
[feature_fraction: 1]
[feature_fraction_bynode: 1]
[feature_fraction_seed: 30056]
[extra_trees: 0]
[extra_seed: 12879]
[early_stopping_round: 0]
[early_stopping_min_delta: 0]
[first_metric_only: 0]
[max_delta_step: 0]
[lambda_l1: 0]
[lambda_l2: 1]
[linear_lambda: 0]
[min_gain_to_split: 0]
[drop_rate: 0.1]
[max_drop: 50]
[skip_drop: 0.5]
[xgboost_dart_mode: 0]
[uniform_drop: 0]
[drop_seed: 17869]
[top_rate: 0.2]
[other_rate: 0.1]
[min_data_per_group: 100]
[max_cat_threshold: 32]
[cat_l2: 10]
[cat_smooth: 10]
[max_cat_to_onehot: 4]
[top_k: 20]
[monotone_constraints: ]
[monotone_constraints_method: basic]
[monotone_penalty: 0]
[feature_contri: ]
[forcedsplits_filename: ]
[refit_decay_rate: 0.9]
[cegb_tradeoff: 1]
[cegb_penalty_split: 0]
[cegb_penalty_feature_lazy: ]
[cegb_penalty_feature_coupled: ]
[path_smooth: 0]
[interaction_constraints: ]
[verbosity: -1]
[saved_feature_importance_type: 0]
[use_quantized_grad: 0]
[num_grad_quant_bins: 4]
[quant_train_renew_leaf: 0]
[stochastic_rounding: 1]
[linear_tree: 0]
[max_bin: 255]
[max_bin_by_feature: ]
[min_data_in_bin: 3]
[bin_construct_sample_cnt: 200000]
[data_random_seed: 175]
[is_enable_sparse: 1]
[enable_bundle: 1]
[use_missing: 1]
[zero_as_missing: 0]
[feature_pre_filter: 1]
[pre_partition: 0]
[two_round: 0]
[header: 0]
[label_column: ]
[weight_column: ]
[group_column: ]
[ignore_column: ]
[categorical_feature: ]
[forcedbins_filename: ]
[precise_float_parser: 0]
[parser_config_file: ]
[objective_seed: 16083]
[num_class: 1]
[is_unbalance: 0]
[scale_pos_weight: 1]
[sigmoid: 1]
[boost_from_average: 1]
[reg_sqrt: 0]
[alpha: 0.9]
[fair_c: 1]
[poisson_max_delta_step: 0.7]
[tweedie_variance_power: 1.5]
[lambdarank_truncation_level: 30]
[lambdarank_norm: 1]
[label_gain: ]
[lambdarank_position_bias_regularization: 0]
[eval_at: ]
[multi_error_top_k: 1]
[auc_mu_weights: ]
[num_machines: 1]
[local_listen_port: 12400]
[time_out: 120]
[machine_list_filename: ]
[machines: ]
[gpu_platform_id: -1]
[gpu_device_id: -1]
[gpu_use_dp: 0]
[num_gpu: 1]

end of parameters

pandas_categorical:[]
