tree
version=v4
num_class=1
num_tree_per_iteration=1
label_index=0
max_feature_idx=52
objective=binary sigmoid:1
feature_names=season_lt=_1.5 season_lt=_2.5 season_lt=_3.5 yr_lt=_0.5 mnth_lt=_1.5 mnth_lt=_3.5 mnth_lt=_4.5 mnth_lt=_9.0 hr_lt=_5.5 hr_lt=_6.5 hr_lt=_7.5 hr_lt=_8.5 hr_lt=_9.5 hr_lt=_11.5 hr_lt=_15.5 hr_lt=_16.5 hr_lt=_18.5 hr_lt=_19.5 hr_lt=_20.5 hr_lt=_21.5 hr_lt=_22.5 weekday_lt=_0.5 weekday_lt=_1.5 weekday_lt=_3.5 weekday_lt=_4.5 workingday_lt=_0.5 weathersit_lt=_1.5 weathersit_lt=_2.5 temp_lt=_0.26999999582767487 temp_lt=_0.3100000023841858 temp_lt=_0.32999999821186066 temp_lt=_0.3700000047683716 temp_lt=_0.39000000059604645 temp_lt=_0.4099999964237213 temp_lt=_0.4299999922513962 temp_lt=_0.45000000298023224 temp_lt=_0.4699999988079071 temp_lt=_0.48999999463558197 temp_lt=_0.5099999904632568 atemp_lt=_0.18939999490976334 atemp_lt=_0.28030000627040863 atemp_lt=_0.31059999763965607 atemp_lt=_0.3257499933242798 atemp_lt=_0.3409000039100647 atemp_lt=_0.5076000094413757 atemp_lt=_0.5227500200271606 atemp_lt=_0.5985000133514404 atemp_lt=_0.6136500239372253 hum_lt=_0.625 hum_lt=_0.7450000047683716 hum_lt=_0.7950000166893005 hum_lt=_0.8349999785423279 atemp_lt=_0.9166499972343445
feature_infos=[0:1] [0:1] [0:1] [0:1] [0:1] [0:1] [0:1] [0:1] [0:1] [0:1] [0:1] [0:1] [0:1] [0:1] [0:1] [0:1] [0:1] [0:1] [0:1] [0:1] [0:1] [0:1] [0:1] [0:1] [0:1] [0:1] [0:1] [0:1] [0:1] [0:1] [0:1] [0:1] [0:1] [0:1] [0:1] [0:1] [0:1] [0:1] [0:1] [0:1] [0:1] [0:1] [0:1] [0:1] [0:1] [0:1] [0:1] [0:1] [0:1] [0:1] [0:1] [0:1] none
tree_sizes=895 903 902 906 897 905 910 904 1015 1016 1018 1020 1015 1017 1021 1021 1016 1023 1017 1020 1025 919 917 1026 1027

Tree=0
num_leaves=7
num_cat=0
split_feature=9 31 20 3 8 3
split_gain=4990.34 1452.91 515.783 265.684 29.252 40.8909
threshold=1.0000000180025095e-35 1.0000000180025095e-35 1.0000000180025095e-35 1.0000000180025095e-35 1.0000000180025095e-35 1.0000000180025095e-35
decision_type=2 2 2 2 2 2
left_child=1 2 -1 -3 5 -2
right_child=4 3 -4 -5 -6 -7
leaf_value=-0.10720773748454829 -0.094061561585856407 0.017288904963985791 0.1336016562898662 -0.1051940292676538 -0.19955032351452004 -0.2011031766378146
leaf_weight=93.249594256281853 73.74967910349369 329.24856738746166 1668.7427390366793 381.49834004044533 854.99627977609634 74.249676927924156
leaf_count=373 295 1317 6675 1526 3420 297
internal_value=-0.00417176 0.0721425 0.120806 -0.0485042 -0.192202 -0.148724
internal_weight=3475.73 2472.74 1761.99 710.747 1003 147.999
internal_count=13903 9891 7048 2843 4012 592
is_linear=0
shrinkage=1


Tree=1
num_leaves=7
num_cat=0
split_feature=9 35 18 20 8 3
split_gain=4077.47 1210.41 372.227 356.469 24.4072 34.1902
threshold=1.0000000180025095e-35 1.0000000180025095e-35 1.0000000180025095e-35 1.0000000180025095e-35 1.0000000180025095e-35 1.0000000180025095e-35
decision_type=2 2 2 2 2 2
left_child=1 3 -3 -1 5 -2
right_child=4 2 -4 -5 -6 -7
leaf_value=-0.081376071797302468 -0.081204475046348118 -0.14123920081519384 0.013765072253086217 0.13845006899385709 -0.17768367280609054 -0.17934290771899247
leaf_weight=77.277739495038986 73.587112054228783 190.5906798094511 808.81145843863487 1387.30013859272 846.54459357261658 73.504318669438362
leaf_count=310 295 764 3243 5574 3420 297
internal_value=-2.49091e-05 0.0689366 -0.0159066 0.126803 -0.17093 -0.131126
internal_weight=3457.62 2463.98 999.402 1464.58 993.636 147.091
internal_count=13903 9891 4007 5884 4012 592
is_linear=0
shrinkage=0.1


Tree=2
num_leaves=7
num_cat=0
split_feature=9 43 19 3 8 3
split_gain=3376.54 1027.44 436.079 196.552 21.6239 29.9192
threshold=1.0000000180025095e-35 1.0000000180025095e-35 1.0000000180025095e-35 1.0000000180025095e-35 1.0000000180025095e-35 1.0000000180025095e-35
decision_type=2 2 2 2 2 2
left_child=1 2 -1 -3 5 -2
right_child=4 3 -4 -5 -6 -7
leaf_value=-0.038351358503289891 -0.073607870636330772 0.012535454779331524 0.11754106981309656 -0.10054397311332275 -0.16425675712759077 -0.16603754109824279
leaf_weight=201.2382745295763 73.186518922448158 283.18782709538937 1623.8159206211567 334.68433614075184 825.28937458992004 71.626787513494492
leaf_count=815 295 1134 6597 1345 3420 297
internal_value=-6.01115e-05 0.0626197 0.10034 -0.04878 -0.157803 -0.12015
internal_weight=3413.03 2442.93 1825.05 617.872 970.103 144.813
internal_count=13903 9891 7412 2479 4012 592
is_linear=0
shrinkage=0.1


Tree=3
num_leaves=7
num_cat=0
split_feature=9 36 3 20 8 3
split_gain=2824.58 896.816 322.907 228.623 19.996 27.0402
threshold=1.0000000180025095e-35 1.0000000180025095e-35 1.0000000180025095e-35 1.0000000180025095e-35 1.0000000180025095e-35 1.0000000180025095e-35
decision_type=2 2 2 2 2 2
left_child=1 3 -3 -1 5 -2
right_child=4 2 -4 -5 -6 -7
leaf_value=-0.063654876120594672 -0.066883869763558534 0.045622099895786049 -0.06468590492240188 0.12076940025427177 -0.15371942308383846 -0.15564159835773117
leaf_weight=70.341745883226395 72.619701400399208 510.01511600613594 551.12949754297733 1280.9027007818222 795.26614844799042 68.971104070544243
leaf_count=285 295 2056 2237 5313 3420 297
internal_value=-0.000102679 0.0571279 -0.0116758 0.111129 -0.147374 -0.110907
internal_weight=3349.25 2412.39 1061.14 1351.24 936.857 141.591
internal_count=13903 9891 4293 5598 4012 592
is_linear=0
shrinkage=0.1


Tree=4
num_leaves=7
num_cat=0
split_feature=9 29 50 17 8 3
split_gain=2381.73 781.647 384.907 96.2768 19.0649 25
threshold=1.0000000180025095e-35 1.0000000180025095e-35 1.0000000180025095e-35 1.0000000180025095e-35 1.0000000180025095e-35 1.0000000180025095e-35
decision_type=2 2 2 2 2 2
left_child=1 2 -1 -3 5 -2
right_child=4 3 -4 -5 -6 -7
leaf_value=-0.019467537877227891 -0.060876488708894394 -0.1497431613147549 0.0991049846259906 -0.04173755296504493 -0.14522896752875236 -0.14731434607518878
leaf_weight=329.01807799935341 71.941849291324615 111.5631350427866 1620.7219033241272 314.3912493288517 759.4768300652504 65.801598832011223
leaf_count=1369 295 456 6796 1270 3420 297
internal_value=-0.00013674 0.0522898 0.0790962 -0.0703101 -0.138857 -0.102933
internal_weight=3272.91 2375.69 1949.74 425.954 897.22 137.743
internal_count=13903 9891 8165 1726 4012 592
is_linear=0
shrinkage=0.1


Tree=5
num_leaves=7
num_cat=0
split_feature=9 0 19 3 8 3
split_gain=2018.39 706.164 365.615 216.704 18.5766 23.4817
threshold=1.0000000180025095e-35 1.0000000180025095e-35 1.0000000180025095e-35 1.0000000180025095e-35 1.0000000180025095e-35 1.0000000180025095e-35
decision_type=2 2 2 2 2 2
left_child=1 2 -1 -3 5 -2
right_child=4 3 -4 -5 -6 -7
leaf_value=-0.044569794094577973 -0.055470431041288959 0.013802621974878644 0.096953324364480675 -0.10594091957205475 -0.13823900978739831 -0.14051066799378928
leaf_weight=206.62953573465347 71.195193454623222 305.44015112519264 1532.1671550124884 297.76756152510643 720.16593754291534 62.316531836986542
leaf_count=849 295 1248 6567 1227 3420 297
internal_value=-0.000195514 0.0477889 0.0801195 -0.0453851 -0.131739 -0.0959124
internal_weight=3195.68 2342 1738.8 603.208 853.678 133.512
internal_count=13903 9891 7416 2475 4012 592
is_linear=0
shrinkage=0.1


Tree=6
num_leaves=7
num_cat=0
split_feature=9 37 18 50 8 35
split_gain=1720.06 626.016 283.859 178.841 18.3796 22.869
threshold=1.0000000180025095e-35 1.0000000180025095e-35 1.0000000180025095e-35 1.0000000180025095e-35 1.0000000180025095e-35 1.0000000180025095e-35
decision_type=2 2 2 2 2 2
left_child=1 3 -3 -1 5 -2
right_child=4 2 -4 -5 -6 -7
leaf_value=-4.6354037161957712e-05 -0.04435874871398976 -0.11695491960431981 0.013300203002492357 0.10865215868232594 -0.13237850415608524 -0.12944003291619485
leaf_weight=177.02356779575348 61.390033394098282 205.76858529448509 875.84607560932636 1043.1884400993586 679.01006877422333 67.686178103089333
leaf_count=762 281 854 3607 4668 3420 311
internal_value=-0.000241825 0.0438264 -0.0115649 0.0928955 -0.125669 -0.0896266
internal_weight=3109.91 2301.83 1081.61 1220.21 808.086 129.076
internal_count=13903 9891 4461 5430 4012 592
is_linear=0
shrinkage=0.1


Tree=7
num_leaves=7
num_cat=0
split_feature=9 41 27 17 8 3
split_gain=1470.94 540.833 315.473 86.48 18.8607 24.1307
threshold=1.0000000180025095e-35 1.0000000180025095e-35 1.0000000180025095e-35 1.0000000180025095e-35 1.0000000180025095e-35 1.0000000180025095e-35
decision_type=2 2 2 2 2 2
left_child=1 2 -1 -3 5 -2
right_child=4 3 -4 -5 -6 -7
leaf_value=-0.07164836713046549 -0.042868102041098227 -0.13213061143476323 0.077929496191745939 -0.031368842114430112 -0.12738579391140517 -0.13168221079040038
leaf_weight=153.46151427924633 68.950427621603012 111.66542561352253 1642.5585232675076 353.31562100350857 637.25396990776062 56.201514601707458
leaf_count=659 295 481 7313 1438 3420 297
internal_value=-0.000271724 0.0402359 0.065116 -0.0557985 -0.120297 -0.0834792
internal_weight=3023.41 2261 1796.02 464.981 762.406 125.152
internal_count=13903 9891 7972 1919 4012 592
is_linear=0
shrinkage=0.1


Tree=8
num_leaves=8
num_cat=0
split_feature=9 46 3 20 8 3 47
split_gain=1261.89 493.969 317.429 72.4319 18.9688 22.917 0.163077
threshold=1.0000000180025095e-35 1.0000000180025095e-35 1.0000000180025095e-35 1.0000000180025095e-35 1.0000000180025095e-35 1.0000000180025095e-35 1.0000000180025095e-35
decision_type=2 2 2 2 2 2 2
left_child=1 3 -3 -1 5 -2 -6
right_child=4 2 -4 -5 6 -7 -8
leaf_value=-0.043175854968848938 -0.039099968586067846 0.050631055147523141 -0.041812132207446784 0.11024951817901729 -0.10989078591213704 -0.12740325599550034 -0.12502447318414681
leaf_weight=31.666470915079117 68.174238875508308 729.06831686198711 755.18488395214081 707.20596197247505 84.319520950317383 52.504049688577652 511.49197006225586
leaf_count=127 295 3121 3247 3396 484 297 2936
internal_value=-0.000325027 0.0368753 0.00359967 0.103625 -0.115641 -0.0782498 -0.12307
internal_weight=2939.62 2223.13 1484.25 738.872 716.49 120.678 595.811
internal_count=13903 9891 6368 3523 4012 592 3420
is_linear=0
shrinkage=0.1


Tree=9
num_leaves=8
num_cat=0
split_feature=9 0 49 3 8 34 47
split_gain=1086.5 465.542 299.655 146.457 19.1592 22.4833 0.258507
threshold=1.0000000180025095e-35 1.0000000180025095e-35 1.0000000180025095e-35 1.0000000180025095e-35 1.0000000180025095e-35 1.0000000180025095e-35 1.0000000180025095e-35
decision_type=2 2 2 2 2 2 2
left_child=1 2 -1 -3 5 -2 -6
right_child=4 3 -4 -5 6 -7 -8
leaf_value=-0.01126765934648377 -0.030699012106188708 0.0067758545393471828 0.087449871274258684 -0.09304999662525909 -0.10569479735366223 -0.11901780275432441 -0.12133252255461356
leaf_weight=415.06495217978954 60.923020765185356 298.96717885136604 1183.1114690452814 287.8340508043766 79.205665349960327 55.373187333345413 476.19843018054962
leaf_count=1806 305 1248 5610 1227 484 287 2936
internal_value=-0.000338931 0.0338608 0.0618208 -0.0422651 -0.111472 -0.0734072 -0.119296
internal_weight=2856.68 2184.98 1598.18 586.801 671.7 116.296 555.404
internal_count=13903 9891 7416 2475 4012 592 3420
is_linear=0
shrinkage=0.1


Tree=10
num_leaves=8
num_cat=0
split_feature=9 36 18 20 8 3 47
split_gain=936.682 396.793 214.185 165.578 19.8292 23.4576 0.365257
threshold=1.0000000180025095e-35 1.0000000180025095e-35 1.0000000180025095e-35 1.0000000180025095e-35 1.0000000180025095e-35 1.0000000180025095e-35 1.0000000180025095e-35
decision_type=2 2 2 2 2 2 2
left_child=1 3 -3 -1 5 -2 -6
right_child=4 2 -4 -5 6 -7 -8
leaf_value=-0.075547463651404828 -0.029275588355552013 -0.10947431278511943 0.0078879425517553708 0.081847890048608943 -0.10180472570060815 -0.1219337843935574 -0.11809027519730264
leaf_weight=70.582844212651253 65.856538325548172 190.46663720905781 827.23251166939735 1056.896844342351 74.302094757556915 46.775192648172379 442.12686622142792
leaf_count=285 295 823 3470 5313 484 297 2936
internal_value=-0.000369937 0.0311023 -0.0141628 0.0719364 -0.107573 -0.0684903 -0.115948
internal_weight=2774.24 2145.18 1017.7 1127.48 629.061 112.632 516.429
internal_count=13903 9891 4293 5598 4012 592 3420
is_linear=0
shrinkage=0.1


Tree=11
num_leaves=8
num_cat=0
split_feature=9 0 49 3 8 3 47
split_gain=810.029 356.852 254.183 121.549 20.0543 22.2295 0.480867
threshold=1.0000000180025095e-35 1.0000000180025095e-35 1.0000000180025095e-35 1.0000000180025095e-35 1.0000000180025095e-35 1.0000000180025095e-35 1.0000000180025095e-35
decision_type=2 2 2 2 2 2 2
left_child=1 2 -1 -3 5 -2 -6
right_child=4 3 -4 -5 6 -7 -8
leaf_value=-0.013459655085380814 -0.02665838884102998 0.0064396205661389934 0.078694478258431927 -0.085201195001133614 -0.098152533901306849 -0.11898402042931207 -0.11521095814247771
leaf_weight=408.59234972298145 65.222649648785591 296.73988908529282 1115.3540513962507 281.30632852017879 69.639835894107819 43.342505782842636 409.55937695503235
leaf_count=1806 295 1248 5610 1227 484 297 2936
internal_value=-0.000398934 0.028627 0.053994 -0.0382275 -0.104075 -0.0642671 -0.112941
internal_weight=2689.76 2101.99 1523.95 578.046 587.764 108.565 479.199
internal_count=13903 9891 7416 2475 4012 592 3420
is_linear=0
shrinkage=0.1


Tree=12
num_leaves=8
num_cat=0
split_feature=9 46 19 3 8 6 37
split_gain=701.274 323.644 242.234 62.395 20.2693 22.5313 0.630956
threshold=1.0000000180025095e-35 1.0000000180025095e-35 1.0000000180025095e-35 1.0000000180025095e-35 1.0000000180025095e-35 1.0000000180025095e-35 1.0000000180025095e-35
decision_type=2 2 2 2 2 2 2
left_child=1 3 -3 -1 5 -2 -6
right_child=4 2 -4 -5 6 -7 -8
leaf_value=0.11581918677112933 -0.028379940596259187 -0.10309069434094636 0.016353633231386992 0.052695269125718584 -0.10290227710471092 -0.1281742393162108 -0.11581563430969224
leaf_weight=330.39885795116425 72.186518147587776 195.83135057985783 1234.7102372050285 302.55367955565453 201.17883259057999 32.510563731193542 242.73415446281433
leaf_count=1843 403 857 5511 1680 1538 189 1882
internal_value=-0.0004248 0.0262995 -5.80693e-05 0.0857764 -0.100808 -0.0602876 -0.110208
internal_weight=2612.1 2063.49 1430.54 632.953 548.61 104.697 443.913
internal_count=13903 9891 6368 3523 4012 592 3420
is_linear=0
shrinkage=0.1


Tree=13
num_leaves=8
num_cat=0
split_feature=9 29 3 25 8 3 47
split_gain=607.141 303.267 253.7 50.5407 20.8693 22.4297 0.787112
threshold=1.0000000180025095e-35 1.0000000180025095e-35 1.0000000180025095e-35 1.0000000180025095e-35 1.0000000180025095e-35 1.0000000180025095e-35 1.0000000180025095e-35
decision_type=2 2 2 2 2 2 2
left_child=1 2 -1 -3 5 -2 -6
right_child=4 3 -4 -5 6 -7 -8
leaf_value=0.082447830834015773 -0.018871266298425601 -0.026321565899396923 0.0035767545472621038 -0.099932249894122083 -0.091068092724974778 -0.1153220976037031 -0.11030901994705
leaf_weight=819.69382800161839 63.166192635893822 250.58352598547935 810.89958880841732 148.58485843241215 60.75093275308609 38.492997229099274 349.94514134526253
leaf_count=4195 295 1088 3970 638 484 297 2936
internal_value=-0.000433837 0.0241279 0.0432512 -0.0539034 -0.0975957 -0.0561597 -0.107691
internal_weight=2542.12 2029.76 1630.59 399.168 512.355 101.659 410.696
internal_count=13903 9891 8165 1726 4012 592 3420
is_linear=0
shrinkage=0.1


Tree=14
num_leaves=8
num_cat=0
split_feature=9 19 27 23 8 34 37
split_gain=526.456 278.267 271.224 64.6896 20.9844 22.4016 0.959345
threshold=1.0000000180025095e-35 1.0000000180025095e-35 1.0000000180025095e-35 1.0000000180025095e-35 1.0000000180025095e-35 1.0000000180025095e-35 1.0000000180025095e-35
decision_type=2 2 2 2 2 2 2
left_child=1 3 -3 -1 5 -2 -6
right_child=4 2 -4 -5 6 -7 -8
leaf_value=-0.017729552059255891 -0.0084287575000928146 -0.083257649089787583 0.049278920681770373 -0.11977350516869507 -0.09705459514192763 -0.10391935403783326 -0.11182645698082674
leaf_weight=109.86820252239704 53.3820895627141 170.2605102211237 1575.4253781139851 143.16964292526245 173.45940980315208 44.821193791925907 206.10395611822605
leaf_count=494 305 752 8002 643 1538 287 1882
internal_value=-0.000451838 0.0220993 0.0363121 -0.0757106 -0.0946429 -0.0526201 -0.105349
internal_weight=2476.49 1998.72 1745.69 253.038 477.767 98.2033 379.563
internal_count=13903 9891 8754 1137 4012 592 3420
is_linear=0
shrinkage=0.1


Tree=15
num_leaves=8
num_cat=0
split_feature=9 46 3 13 8 3 37
split_gain=455.884 266.107 195.331 55.7327 21.3805 22.2553 1.11405
threshold=1.0000000180025095e-35 1.0000000180025095e-35 1.0000000180025095e-35 1.0000000180025095e-35 1.0000000180025095e-35 1.0000000180025095e-35 1.0000000180025095e-35
decision_type=2 2 2 2 2 2 2
left_child=1 3 -3 -1 5 -2 -6
right_child=4 2 -4 -5 6 -7 -8
leaf_value=0.093894016404118763 -0.012365185677842047 0.035067144704783469 -0.039687472768708106 0.019377626384627155 -0.094342409393772503 -0.11240254893423898 -0.11010084471594549
leaf_weight=447.58244276046753 61.296629801392555 677.23453676700592 720.25031867623329 130.08455793559551 161.26228487491608 34.161599390208721 189.27867263555527
leaf_count=2711 295 3121 3247 812 1538 297 1882
internal_value=-0.000479805 0.0201495 -0.0034615 0.0771762 -0.0916794 -0.0489597 -0.10314
internal_weight=2421.15 1975.15 1397.48 577.667 445.999 95.4582 350.541
internal_count=13903 9891 6368 3523 4012 592 3420
is_linear=0
shrinkage=0.1


Tree=16
num_leaves=8
num_cat=0
split_feature=9 0 19 17 8 6 47
split_gain=395.991 251.626 192.358 80.5007 21.3449 21.8344 1.30964
threshold=1.0000000180025095e-35 1.0000000180025095e-35 1.0000000180025095e-35 1.0000000180025095e-35 1.0000000180025095e-35 1.0000000180025095e-35 1.0000000180025095e-35
decision_type=2 2 2 2 2 2 2
left_child=1 2 -1 -3 5 -2 -6
right_child=4 3 -4 -5 6 -7 -8
leaf_value=-0.051298430123493569 -0.013943210905564725 -0.11002834015797509 0.05625237152109222 -0.018076599763468884 -0.080948917124281677 -0.11973044881223611 -0.10434042410009553
leaf_weight=192.3725603222847 65.419720739126205 120.84185166656971 1194.2026181221008 438.18860086798668 49.308531194925308 26.999235346913338 274.26340232789516
leaf_count=849 403 582 6567 1893 484 189 2936
internal_value=-0.000467201 0.0184774 0.0413046 -0.0381142 -0.0889036 -0.0457987 -0.101036
internal_weight=2361.6 1945.61 1386.58 559.03 415.991 92.419 323.572
internal_count=13903 9891 7416 2475 4012 592 3420
is_linear=0
shrinkage=0.1


Tree=17
num_leaves=8
num_cat=0
split_feature=9 3 6 27 8 3 37
split_gain=343.499 230.243 162.844 140.636 21.5377 21.8029 1.49921
threshold=1.0000000180025095e-35 1.0000000180025095e-35 1.0000000180025095e-35 1.0000000180025095e-35 1.0000000180025095e-35 1.0000000180025095e-35 1.0000000180025095e-35
decision_type=2 2 2 2 2 2 2
left_child=1 3 -3 -1 5 -2 -6
right_child=4 2 -4 -5 6 -7 -8
leaf_value=-0.068690500420158881 -0.0069346587364635453 0.013490892662549287 -0.071485508322894964 0.064867553882256138 -0.088953370870371251 -0.10999098918772628 -0.10714971942772239
leaf_weight=86.114129260182381 59.695037677884102 630.05944223701954 350.01398965716362 846.70107860863209 138.91572438180447 30.407567672431469 159.66153186559677
leaf_count=388 295 3306 1621 4576 1538 297 1882
internal_value=-0.000482391 0.0169422 -0.0168987 0.0524776 -0.0860611 -0.0425394 -0.0990089
internal_weight=2301.57 1912.89 980.073 932.815 388.68 90.1026 298.577
internal_count=13903 9891 4927 4964 4012 592 3420
is_linear=0
shrinkage=0.1


Tree=18
num_leaves=8
num_cat=0
split_feature=10 19 27 25 8 9 23
split_gain=302.863 218.551 205.505 95.1502 202.701 108.447 54.1615
threshold=1.0000000180025095e-35 1.0000000180025095e-35 1.0000000180025095e-35 1.0000000180025095e-35 1.0000000180025095e-35 1.0000000180025095e-35 1.0000000180025095e-35
decision_type=2 2 2 2 2 2 2
left_child=1 6 -3 4 -2 -5 -1
right_child=3 2 -4 5 -6 -7 -8
leaf_value=-0.01489042904250487 0.049502511961266253 -0.075441088425935984 0.04532024231865904 -0.28233478984359445 -0.10810780014193065 -0.086423446194775475 -0.10945633939187127
leaf_weight=107.35009217262268 142.67977227270603 156.22959215939045 1364.2211794108152 37.144712328910828 188.20302195847034 115.42881710827351 139.04289132356644
leaf_count=494 802 693 7480 177 2333 1281 643
internal_value=-0.000490805 0.0187056 0.0328703 -0.07054 -0.0402004 -0.135647 -0.068482
internal_weight=2250.3 1766.84 1520.45 483.456 330.883 152.574 246.393
internal_count=13903 9310 8173 4593 3135 1458 1137
is_linear=0
shrinkage=0.1


Tree=19
num_leaves=8
num_cat=0
split_feature=9 33 51 1 8 6 37
split_gain=262.763 214.394 137.893 120.79 19.0226 20.5117 1.99008
threshold=1.0000000180025095e-35 1.0000000180025095e-35 1.0000000180025095e-35 1.0000000180025095e-35 1.0000000180025095e-35 1.0000000180025095e-35 1.0000000180025095e-35
decision_type=2 2 2 2 2 2 2
left_child=1 2 -1 -3 5 -2 -6
right_child=4 3 -4 -5 6 -7 -8
leaf_value=-0.048661531085664393 -0.0096411502625894235 0.032475063869963135 0.056360183861258399 -0.052885614714303454 -0.083319043106631074 -0.11615543537436457 -0.1046337792149906
leaf_weight=143.07490742206573 63.263829171657562 240.46999777853489 953.82629510760307 528.77150478959084 118.91293302923441 24.431667871773243 134.37721355259418
leaf_count=648 403 1076 5807 2360 1538 189 1882
internal_value=-0.00049903 0.0142612 0.0426298 -0.0261938 -0.0810843 -0.0402907 -0.0949941
internal_weight=2207.13 1866.14 1096.9 769.242 340.986 87.6955 253.29
internal_count=13903 9891 6455 3436 4012 592 3420
is_linear=0
shrinkage=0.1


Tree=20
num_leaves=8
num_cat=0
split_feature=9 3 29 6 8 3 37
split_gain=227.862 194.552 124.796 117.871 19.0251 20.9787 2.17519
threshold=1.0000000180025095e-35 1.0000000180025095e-35 1.0000000180025095e-35 1.0000000180025095e-35 1.0000000180025095e-35 1.0000000180025095e-35 1.0000000180025095e-35
decision_type=2 2 2 2 2 2 2
left_child=1 2 -1 -3 5 -2 -6
right_child=4 3 -4 -5 6 -7 -8
leaf_value=0.065903811524212846 -0.0031036394702363963 0.0080279101760362855 -0.026420112332465023 -0.065331205113987961 -0.080730473103318656 -0.10812109572768697 -0.10345955863577319
leaf_weight=703.00017763674259 58.414968594908714 608.12458884716034 184.26330398023129 341.15777975320816 110.90242824703455 27.251592628657818 122.91029907763004
leaf_count=4195 295 3306 769 1621 1538 297 1882
internal_value=-0.000488915 0.0130816 0.0467222 -0.0183773 -0.0782972 -0.0373731 -0.0930684
internal_weight=2156.03 1836.55 887.263 949.282 319.479 85.6666 233.813
internal_count=13903 9891 4964 4927 4012 592 3420
is_linear=0
shrinkage=0.1


Tree=21
num_leaves=7
num_cat=0
split_feature=8 46 27 13 25 37
split_gain=198.724 182.84 132.61 60.1467 8.7837 13.8304
threshold=1.0000000180025095e-35 1.0000000180025095e-35 1.0000000180025095e-35 1.0000000180025095e-35 1.0000000180025095e-35 1.0000000180025095e-35
decision_type=2 2 2 2 2 2
left_child=1 3 -3 -1 -2 -6
right_child=4 2 -4 -5 5 -7
leaf_value=0.081703360517138557 -0.10519846571981845 -0.089877015275571862 0.0030075245871543006 0.0013743709058379513 -0.0092935318223056531 -0.099178260930243983
leaf_weight=374.97386425733566 146.74318540841341 174.86165089905262 1219.6035219952464 123.98350498825312 30.496340118348598 38.693397045135498
leaf_count=2711 2333 785 6098 889 447 640
internal_value=-0.000481726 0.00990021 -0.00869597 0.0617855 -0.0911424 -0.0602572
internal_weight=2109.36 1893.42 1394.47 498.957 215.933 69.1897
internal_count=13903 10483 6883 3600 3420 1087
is_linear=0
shrinkage=0.1


Tree=22
num_leaves=7
num_cat=0
split_feature=8 19 28 23 25 37
split_gain=175.007 168.386 170.884 45.5937 8.9974 13.1267
threshold=1.0000000180025095e-35 1.0000000180025095e-35 1.0000000180025095e-35 1.0000000180025095e-35 1.0000000180025095e-35 1.0000000180025095e-35
decision_type=2 2 2 2 2 2
left_child=1 3 -3 -1 -2 -6
right_child=4 2 -4 -5 5 -7
leaf_value=-0.019374518992725201 -0.10427957818203269 0.03432097304353432 -0.055121726728626655 -0.10744086883459486 -0.0084619393142773437 -0.097860676308262229
leaf_weight=104.74632273614407 133.89768795669079 1382.7670347392559 251.67082301899791 134.53621909767389 30.255537159740925 35.471651554107666
leaf_count=494 2333 8159 1187 643 447 640
internal_value=-0.000456545 0.0090433 0.0205233 -0.0691308 -0.0892247 -0.0574522
internal_weight=2073.35 1873.72 1634.44 239.283 199.625 65.7272
internal_count=13903 10483 9346 1137 3420 1087
is_linear=0
shrinkage=0.1


Tree=23
num_leaves=8
num_cat=0
split_feature=3 10 32 13 18 12 25
split_gain=166.516 118.173 112.267 92.536 131.631 82.2002 71.8575
threshold=1.0000000180025095e-35 1.0000000180025095e-35 1.0000000180025095e-35 1.0000000180025095e-35 1.0000000180025095e-35 1.0000000180025095e-35 1.0000000180025095e-35
decision_type=2 2 2 2 2 2 2
left_child=1 2 -1 4 -2 -5 -3
right_child=3 6 -4 5 -6 -7 -8
leaf_value=0.075598193385714219 -0.082639180972502418 0.0032353377610836662 -0.0023245621940922662 -0.13841702822516147 0.021848689623960395 -0.0376852325957562 -0.12086427371775066
leaf_weight=492.82033620774746 160.51093080639839 140.42380652576685 295.46156446635723 111.75482150912285 474.62452939152718 292.19060535356402 68.839055292308331
leaf_count=3367 851 1577 1308 583 2621 2855 741
internal_value=-0.000467315 0.0287011 0.0464255 -0.0284704 -0.0046458 -0.0658265 -0.0379691
internal_weight=2036.63 997.545 788.282 1039.08 635.135 403.945 209.263
internal_count=13903 6993 4675 6910 3472 3438 2318
is_linear=0
shrinkage=0.1


Tree=24
num_leaves=8
num_cat=0
split_feature=46 27 8 13 20 3 45
split_gain=150.851 99.7253 103.812 89.4101 63.3104 59.5292 11.2979
threshold=1.0000000180025095e-35 1.0000000180025095e-35 1.0000000180025095e-35 1.0000000180025095e-35 1.0000000180025095e-35 1.0000000180025095e-35 1.0000000180025095e-35
decision_type=2 2 2 2 2 2 2
left_child=3 6 -3 4 -1 -5 -2
right_child=1 2 -4 5 -6 -7 -8
leaf_value=-0.058873539300368517 -0.037292113955084839 0.0026736134220562168 -0.091131324022720242 0.050953876951020743 0.089619227032774668 -0.070888839767025952 -0.098221227163710401
leaf_weight=30.952709451317787 40.746043343096972 1195.6638072989881 129.88567246869206 73.626293569803238 309.71645922958851 85.734627813100815 143.09778736904263
leaf_count=127 223 6098 2569 745 2584 760 797
internal_value=-0.000407698 -0.0161803 -0.00657975 0.0471408 0.0759946 -0.0146296 -0.0849921
internal_weight=2009.42 1509.39 1325.55 500.03 340.669 159.361 183.844
internal_count=13903 9687 8667 4216 2711 1505 1020
is_linear=0
shrinkage=0.1


end of trees

feature_importances:
yr_lt=_0.5=28
hr_lt=_5.5=24
hr_lt=_6.5=21
temp_lt=_0.48999999463558197=9
hr_lt=_21.5=7
hr_lt=_22.5=6
weathersit_lt=_2.5=6
atemp_lt=_0.6136500239372253=6
mnth_lt=_4.5=5
workingday_lt=_0.5=5
atemp_lt=_0.5985000133514404=5
season_lt=_1.5=4
hr_lt=_11.5=4
hr_lt=_20.5=4
hr_lt=_19.5=3
weekday_lt=_3.5=3
temp_lt=_0.3100000023841858=3
hr_lt=_7.5=2
temp_lt=_0.4299999922513962=2
temp_lt=_0.45000000298023224=2
temp_lt=_0.4699999988079071=2
hum_lt=_0.7450000047683716=2
hum_lt=_0.7950000166893005=2
season_lt=_2.5=1
hr_lt=_9.5=1
temp_lt=_0.26999999582767487=1
temp_lt=_0.3700000047683716=1
temp_lt=_0.39000000059604645=1
temp_lt=_0.4099999964237213=1
atemp_lt=_0.31059999763965607=1
atemp_lt=_0.3409000039100647=1
atemp_lt=_0.5227500200271606=1
hum_lt=_0.8349999785423279=1

parameters:
[boosting: gbdt]
[objective: binary]
[metric: binary_logloss]
[tree_learner: serial]
[device_type: cpu]
[data_sample_strategy: bagging]
[data: ]
[valid: ]
[num_iterations: 25]
[learning_rate: 0.1]
[num_leaves: 31]
[num_threads: 8]
[seed: 42]
[deterministic: 0]
[force_col_wise: 0]
[force_row_wise: 0]
[histogram_pool_size: -1]
[max_depth: 3]
[min_data_in_leaf: 20]
[min_sum_hessian_in_leaf: 0.001]
[bagging_fraction: 1]
[pos_bagging_fraction: 1]
[neg_bagging_fraction: 1]
[bagging_freq: 0]
[bagging_seed: 400]
[bagging_by_query: 0]
[feature_fraction: 1]
[feature_fraction_bynode: 1]
[feature_fraction_seed: 30056]
[extra_trees: 0]
[extra_seed: 12879]
[early_stopping_round: 0]
[early_stopping_min_delta: 0]
[first_metric_only: 0]
[max_delta_step: 0]
[lambda_l1: 0]
[lambda_l2: 1]
[linear_lambda: 0]
[min_gain_to_split: 0]
[drop_rate: 0.1]
[max_drop: 50]
[skip_drop: 0.5]
[xgboost_dart_mode: 0]
[uniform_drop: 0]
[drop_seed: 17869]
[top_rate: 0.2]
[other_rate: 0.1]
[min_data_per_group: 100]
[max_cat_threshold: 32]
[cat_l2: 10]
[cat_smooth: 10]
[max_cat_to_onehot: 4]
[top_k: 20]
[monotone_constraints: ]
[monotone_constraints_method: basic]
[monotone_penalty: 0]
[feature_contri: ]
[forcedsplits_filename: ]
[refit_decay_rate: 0.9]
[cegb_tradeoff: 1]
[cegb_penalty_split: 0]
[cegb_penalty_feature_lazy: ]
[cegb_penalty_feature_coupled: ]
[path_smooth: 0]
[interaction_constraints: ]
[verbosity: -1]
[saved_feature_importance_type: 0]
[use_quantized_grad: 0]
[num_grad_quant_bins: 4]
[quant_train_renew_leaf: 0]
[stochastic_rounding: 1]
[linear_tree: 0]
[max_bin: 255]
[max_bin_by_feature: ]
[min_data_in_bin: 3]
[bin_construct_sample_cnt: 200000]
[data_random_seed: 175]
[is_enable_sparse: 1]
[enable_bundle: 1]
[use_missing: 1]
[zero_as_missing: 0]
[feature_pre_filter: 1]
[pre_partition: 0]
[two_round: 0]
[header: 0]
[label_column: ]
[weight_column: ]
[group_column: ]
[ignore_column: ]
[categorical_feature: ]
[forcedbins_filename: ]
[precise_float_parser: 0]
[parser_config_file: ]
[objective_seed: 16083]
[num_class: 1]
[is_unbalance: 0]
[scale_pos_weight: 1]
[sigmoid: 1]
[boost_from_average: 1]
[reg_sqrt: 0]
[alpha: 0.9]
[fair_c: 1]
[poisson_max_delta_step: 0.7]
[tweedie_variance_power: 1.5]
[lambdarank_truncation_level: 30]
[lambdarank_norm: 1]
[label_gain: ]
[lambdarank_position_bias_regularization: 0]
[eval_at: ]
[multi_error_top_k: 1]
[auc_mu_weights: ]
[num_machines: 1]
[local_listen_port: 12400]
[time_out: 120]
[machine_list_filename: ]
[machines: ]
[gpu_platform_id: -1]
[gpu_device_id: -1]
[gpu_use_dp: 0]
[num_gpu: 1]

end of parameters

pandas_categorical:[]
