tree
version=v4
num_class=1
num_tree_per_iteration=1
label_index=0
max_feature_idx=23
objective=binary sigmoid:1
feature_names=V4_lt=_0.38157644867897034 V4_lt=_0.7131027281284332 V4_lt=_0.7563397884368896 V4_lt=_0.7563583552837372 V4_lt=_1.5782626867294312 V4_lt=_1.6225031018257141 V4_lt=_1.6730803847312927 V10_lt=_-1.7765860557556152 V10_lt=_-1.7227753400802612 V10_lt=_-1.408359408378601 V12_lt=_-0.24669199436903 V14_lt=_-2.7358014583587646 V14_lt=_-2.7159359455108643 V14_lt=_-1.8273465633392334 V14_lt=_-1.812438189983368 V14_lt=_-1.7687879800796509 V14_lt=_-1.5627466440200806 V14_lt=_-1.4205476641654968 V14_lt=_-1.349036455154419 V14_lt=_-0.7452503144741058 V14_lt=_-0.7145193219184875 V14_lt=_-0.6914466023445129 V14_lt=_-0.641162782907486 V4_lt=_0.05223605036735535
feature_infos=[0:1] [0:1] [0:1] [0:1] [0:1] [0:1] [0:1] [0:1] [0:1] [0:1] [0:1] [0:1] [0:1] [0:1] [0:1] [0:1] [0:1] [0:1] [0:1] [0:1] [0:1] [0:1] [0:1] [0:1]
tree_sizes=926 1028 1033 1032 1029 1028 1031 1030 1036 1034 1031 1041 1036 1036 1038 1040 1030 1035 1042 1035 1039 1039 1039 1036 1040

Tree=0
num_leaves=8
num_cat=0
split_feature=14 3 10 23 8 9 23
split_gain=263206 9858.31 8275.81 5531.12 1860.98 1189.47 807.536
threshold=1.0000000180025095e-35 1.0000000180025095e-35 1.0000000180025095e-35 1.0000000180025095e-35 1.0000000180025095e-35 1.0000000180025095e-35 1.0000000180025095e-35
decision_type=2 2 2 2 2 2 2
left_child=1 2 -1 4 -2 -5 -3
right_child=3 6 -4 5 -6 -7 -8
leaf_value=-0.14657876674824635 0.12329183972913077 -0.16159625506511177 0.0054418898879752715 -0.14315020164604067 0.19951698289826059 0.091096902934253918 -0.1941716230996185
leaf_weight=9080.5 3516 11309.25 5912.25 574.25 36682 347 23559
leaf_count=36322 14064 45237 23649 2297 146728 1388 94236
internal_value=5.49691e-06 -0.154453 -0.0866345 0.187301 0.192853 -0.0549151 -0.183611
internal_weight=90980.2 49861 14992.8 41119.2 40198 921.25 34868.2
internal_count=363921 199444 59971 164477 160792 3685 139473
is_linear=0
shrinkage=1


Tree=1
num_leaves=8
num_cat=0
split_feature=15 3 10 23 8 9 23
split_gain=215123 8006.82 6601.58 4972.63 1624.14 1020.6 662.155
threshold=1.0000000180025095e-35 1.0000000180025095e-35 1.0000000180025095e-35 1.0000000180025095e-35 1.0000000180025095e-35 1.0000000180025095e-35 1.0000000180025095e-35
decision_type=2 2 2 2 2 2 2
left_child=1 2 -1 4 -2 -5 -3
right_child=3 6 -4 5 -6 -7 -8
leaf_value=-0.13286529440223416 0.110807316994493 -0.14692738478539524 0.0034745280193503323 -0.13251883320236421 0.18140933020047925 0.079832681061133601 -0.17657244892415974
leaf_weight=9015.4882078170776 3585.6515938043594 11206.679935455322 5859.2066944241524 611.4387816041708 36334.850363492966 358.16868513822556 23286.320474267006
leaf_count=36256 14397 45120 23437 2459 146790 1436 94026
internal_value=4.12179e-06 -0.140499 -0.0791638 0.169636 0.175071 -0.0540757 -0.166945
internal_weight=90257.8 49367.7 14874.7 40890.1 39920.5 969.607 34493
internal_count=363921 198839 59693 165082 161187 3895 139146
is_linear=0
shrinkage=0.1


Tree=2
num_leaves=8
num_cat=0
split_feature=14 4 23 21 10 8 9
split_gain=178464 7222.81 3796.47 3037.66 2408.97 1392.57 795.195
threshold=1.0000000180025095e-35 1.0000000180025095e-35 1.0000000180025095e-35 1.0000000180025095e-35 1.0000000180025095e-35 1.0000000180025095e-35 1.0000000180025095e-35
decision_type=2 2 2 2 2 2 2
left_child=1 4 5 -3 -1 -2 -4
right_child=2 3 6 -5 -6 -7 -8
leaf_value=-0.095507274137917167 0.10136572347757228 -0.15532322078257854 -0.11801936208219564 -0.083572010821441792 0.028682757785332587 0.16781783251250407 0.074630407774094479
leaf_weight=2890.8788912892342 3468.2652089595795 35253.456333726645 563.47688421607018 7091.1703545749187 3395.5033815801144 35382.848165512085 344.47773110866547
leaf_count=11790 14064 144975 2297 29096 13583 146728 1388
internal_value=1.75606e-05 -0.128461 0.157164 -0.14331 -0.0284338 0.161888 -0.0449264
internal_weight=88390.1 48631 39759.1 42344.6 6286.38 38851.1 907.955
internal_count=363921 199444 164477 174071 25373 160792 3685
is_linear=0
shrinkage=0.1


Tree=3
num_leaves=8
num_cat=0
split_feature=15 3 22 23 8 9 23
split_gain=149646 6493.47 6118.43 3559.74 1337.56 699.483 643.659
threshold=1.0000000180025095e-35 1.0000000180025095e-35 1.0000000180025095e-35 1.0000000180025095e-35 1.0000000180025095e-35 1.0000000180025095e-35 1.0000000180025095e-35
decision_type=2 2 2 2 2 2 2
left_child=1 2 -1 4 -2 -5 -3
right_child=3 6 -4 5 -6 -7 -8
leaf_value=-0.09887236345205902 0.092287273069165759 -0.12374131716227608 0.055559695776451451 -0.1117334300800063 0.1572360280217259 0.065853001668951278 -0.15366899872882606
leaf_weight=11218.155008763075 3501.7818760722876 10719.734238415956 3325.2921981066465 591.40408569574356 34068.872212380171 353.70438402891159 22011.350138470531
leaf_count=46169 14397 45120 13524 2459 146790 1436 94026
internal_value=4.39486e-05 -0.119167 -0.0635608 0.146363 0.151185 -0.0452728 -0.143871
internal_weight=85790.3 47274.5 14543.4 38515.8 37570.7 945.108 32731.1
internal_count=363921 198839 59693 165082 161187 3895 139146
is_linear=0
shrinkage=0.1


Tree=4
num_leaves=8
num_cat=0
split_feature=16 3 23 10 7 9 23
split_gain=126567 5337.62 4582.54 4329.25 1487.96 692.193 522.468
threshold=1.0000000180025095e-35 1.0000000180025095e-35 1.0000000180025095e-35 1.0000000180025095e-35 1.0000000180025095e-35 1.0000000180025095e-35 1.0000000180025095e-35
decision_type=2 2 2 2 2 2 2
left_child=1 3 4 -1 -2 -4 -3
right_child=2 6 5 -5 -6 -7 -8
leaf_value=-0.1069537008344985 0.083927585576810571 -0.11755123990117991 -0.11201139998160531 0.0065025666602284565 0.14885826168860639 0.050499020476717053 -0.14519610636105196
leaf_weight=8441.7915276288986 3964.774470821023 10234.592684194446 790.81486244499683 5589.8646846413612 32464.937764018774 391.06925788521767 20806.4334179461
leaf_count=35809 16572 44451 3396 22474 146694 1613 92912
internal_value=6.97827e-05 -0.112948 0.135507 -0.0617583 0.141794 -0.0582417 -0.136085
internal_weight=82684.3 45072.7 37611.6 14031.7 36429.7 1181.88 31041
internal_count=363921 195646 168275 58283 163266 5009 137363
is_linear=0
shrinkage=0.1


Tree=5
num_leaves=8
num_cat=0
split_feature=14 3 20 8 6 23 23
split_gain=107780 5442.88 5049.15 2649.39 2881.21 617.935 117.18
threshold=1.0000000180025095e-35 1.0000000180025095e-35 1.0000000180025095e-35 1.0000000180025095e-35 1.0000000180025095e-35 1.0000000180025095e-35 1.0000000180025095e-35
decision_type=2 2 2 2 2 2 2
left_child=1 2 -1 4 -2 -3 -5
right_child=3 5 -4 6 -6 -7 -8
leaf_value=-0.083870798047337297 0.13172136961263703 -0.10717923805816049 0.060318004470386502 0.14196024530626397 -0.040405832996087306 -0.13758737678572072 0.06942907981732091
leaf_weight=11111.964879229665 2158.6011372208595 10060.168683841825 3106.9735817760229 30721.281424820423 1768.4166624248028 20058.359701693058 227.22784043848515
leaf_count=47292 9212 45237 12679 146728 7598 94236 939
internal_value=9.22764e-05 -0.103361 -0.0523621 0.131612 0.0542184 -0.127434 0.14143
internal_weight=79213 44337.5 14218.9 34875.5 3927.02 30118.5 30948.5
internal_count=363921 199444 59971 164477 16810 139473 147667
is_linear=0
shrinkage=0.1


Tree=6
num_leaves=8
num_cat=0
split_feature=17 0 3 10 8 9 23
split_gain=92369.4 4774.94 4172.23 3465.54 1262.34 886.16 410.505
threshold=1.0000000180025095e-35 1.0000000180025095e-35 1.0000000180025095e-35 1.0000000180025095e-35 1.0000000180025095e-35 1.0000000180025095e-35 1.0000000180025095e-35
decision_type=2 2 2 2 2 2 2
left_child=2 4 3 -1 -2 -3 -4
right_child=1 5 6 -5 -6 -7 -8
leaf_value=-0.097277589487866745 0.076204876560659329 -0.092010458962024505 -0.10615920459776432 0.00673243419410266 0.13651246303482073 0.056130369761825394 -0.13194359304655665
leaf_weight=7909.6154719889164 3950.6776797026396 1140.2924656569958 9331.3746365606785 5383.400620341301 28835.168571487069 624.05641454458237 18447.780310034752
leaf_count=35261 17054 5192 43679 21767 146336 2779 91853
internal_value=0.000125834 0.120624 -0.101239 -0.0551583 0.129248 -0.0396104 -0.123286
internal_weight=75622.4 34550.2 41072.2 13293 32785.8 1764.35 27779.2
internal_count=363921 171361 192560 57028 163390 7971 135532
is_linear=0
shrinkage=0.1


Tree=7
num_leaves=8
num_cat=0
split_feature=13 5 22 7 6 10 11
split_gain=79286.1 4853.76 2541.49 2332 2352.06 1266.86 101.974
threshold=1.0000000180025095e-35 1.0000000180025095e-35 1.0000000180025095e-35 1.0000000180025095e-35 1.0000000180025095e-35 1.0000000180025095e-35 1.0000000180025095e-35
decision_type=2 2 2 2 2 2 2
left_child=1 5 -3 4 -2 -1 -5
right_child=3 2 -4 6 -6 -7 -8
leaf_value=-0.060069670170718958 0.11923280828925345 -0.11829972274538535 -0.050084198823490245 0.076203795635188559 -0.039112325618251793 0.034284510177614032 0.13177931019897823
leaf_weight=2501.627374112606 2062.8260308653116 28375.99516235292 6765.9813203662634 338.97166259586811 1719.072095349431 3297.6156534403563 26855.528627797961
leaf_count=11304 9399 143096 31995 1733 7515 13288 145591
internal_value=0.000148663 -0.0911809 -0.105168 0.120857 0.0472653 -0.00642052 0.131089
internal_weight=71917.6 40941.2 35142 30976.4 3781.9 5799.24 27194.5
internal_count=363921 199683 175091 164238 16914 24592 147324
is_linear=0
shrinkage=0.1


Tree=8
num_leaves=8
num_cat=0
split_feature=17 23 3 22 7 23 9
split_gain=68488.2 3907.95 3846.17 2854.81 1459.4 472.845 453.834
threshold=1.0000000180025095e-35 1.0000000180025095e-35 1.0000000180025095e-35 1.0000000180025095e-35 1.0000000180025095e-35 1.0000000180025095e-35 1.0000000180025095e-35
decision_type=2 2 2 2 2 2 2
left_child=2 4 3 -1 -2 -4 -3
right_child=1 6 5 -5 -6 -7 -8
leaf_value=-0.069516614715082956 0.063374643538286063 -0.098763181585769272 -0.093858373914020854 0.047657680419418424 0.12765795155997881 -0.12294101844369086 0.029037167316351184
leaf_weight=10122.152798444033 4109.5200257748365 889.98542472720146 8515.0195543915033 2615.9979743212461 25249.53986133635 16401.234563663602 403.24035587906837
leaf_count=46169 18441 4322 43679 10859 146852 91853 1746
internal_value=0.000188294 0.111168 -0.0901548 -0.045451 0.118662 -0.113006 -0.0589221
internal_weight=68306.7 30652.3 37654.4 12738.2 29359.1 24916.3 1293.23
internal_count=363921 171361 192560 57028 165293 135532 6068
is_linear=0
shrinkage=0.1


Tree=9
num_leaves=8
num_cat=0
split_feature=17 6 3 10 7 23 11
split_gain=59061.1 3646.72 3639.47 2709.89 2392.92 485.409 55.1075
threshold=1.0000000180025095e-35 1.0000000180025095e-35 1.0000000180025095e-35 1.0000000180025095e-35 1.0000000180025095e-35 1.0000000180025095e-35 1.0000000180025095e-35
decision_type=2 2 2 2 2 2 2
left_child=2 6 3 -1 -3 -4 -2
right_child=1 4 5 -5 -6 -7 -8
leaf_value=-0.081545062372396476 0.1019898619969531 -0.03203755312843632 -0.088638116972507716 0.012551418409638604 0.10918055624343581 -0.11889836601579531 0.12433065644274886
leaf_weight=7217.0077448189259 1193.3332872837782 2799.4449035823345 8134.9413319975138 5313.2987459748983 2098.5872754901648 15318.915052905679 22657.170195385814
leaf_count=35261 5745 12656 43679 21767 12620 91853 140340
internal_value=0.000214285 0.107078 -0.0851617 -0.041647 0.028478 -0.108407 0.123217
internal_weight=64732.7 28748.5 35984.2 12530.3 4898.03 23453.9 23850.5
internal_count=363921 171361 192560 57028 25276 135532 146085
is_linear=0
shrinkage=0.1


Tree=10
num_leaves=8
num_cat=0
split_feature=13 0 22 7 6 23 23
split_gain=51101.5 4022.16 3996.18 2115.59 1650.42 257.537 117.627
threshold=1.0000000180025095e-35 1.0000000180025095e-35 1.0000000180025095e-35 1.0000000180025095e-35 1.0000000180025095e-35 1.0000000180025095e-35 1.0000000180025095e-35
decision_type=2 2 2 2 2 2 2
left_child=1 2 -1 4 -2 -3 -5
right_child=3 5 -4 6 -6 -7 -8
leaf_value=-0.069206269102734752 0.10289043785947515 -0.085892952278999388 0.042571258508885795 0.12124387406795425 -0.034245123266351415 -0.11468860348933835 0.04341253595780678
leaf_weight=12946.001989156008 1823.2270076870918 3956.2407778650522 4247.0410847812891 21634.015105932951 1690.4522221684456 14748.25792247057 197.37733283638954
leaf_count=64672 9399 22166 18497 146423 7515 94348 901
internal_value=0.00024258 -0.0765112 -0.041594 0.108952 0.0369227 -0.108603 0.120542
internal_weight=61242.6 35897.5 17193 25345.1 3513.68 18704.5 21831.4
internal_count=363921 199683 83169 164238 16914 116514 147324
is_linear=0
shrinkage=0.1


Tree=11
num_leaves=8
num_cat=0
split_feature=17 3 7 10 6 23 23
split_gain=44300.3 3331.28 3203.08 2335.96 1814.45 489.106 212.156
threshold=1.0000000180025095e-35 1.0000000180025095e-35 1.0000000180025095e-35 1.0000000180025095e-35 1.0000000180025095e-35 1.0000000180025095e-35 1.0000000180025095e-35
decision_type=2 2 2 2 2 2 2
left_child=1 3 4 -1 -2 -3 -4
right_child=2 5 6 -5 -6 -7 -8
leaf_value=-0.073217987141702967 0.097834592555010119 -0.080062006728581991 0.11867211814276145 0.015498605872448805 -0.025806233067087087 -0.11206787417076902 0.019465286539324889
leaf_weight=6790.7000011354685 2074.0325122028589 7479.8101545721292 20074.810801535845 5271.0838762968779 2772.4398267865181 13273.704655826092 218.33820499479771
leaf_count=35261 10843 43679 146852 21767 12656 91853 1010
internal_value=0.000275815 -0.0762475 0.100162 -0.0344501 0.0271147 -0.100537 0.117606
internal_weight=57954.9 32815.3 25139.6 12061.8 4846.47 20753.5 20293.1
internal_count=363921 192560 171361 57028 23499 135532 147862
is_linear=0
shrinkage=0.1


Tree=12
num_leaves=8
num_cat=0
split_feature=13 0 10 7 6 23 11
split_gain=38458.4 3616.14 3267.53 2006.39 1222.88 276.52 131.948
threshold=1.0000000180025095e-35 1.0000000180025095e-35 1.0000000180025095e-35 1.0000000180025095e-35 1.0000000180025095e-35 1.0000000180025095e-35 1.0000000180025095e-35
decision_type=2 2 2 2 2 2 2
left_child=1 2 -1 4 -2 -3 -5
right_child=3 5 -4 6 -6 -7 -8
leaf_value=-0.071753691151209859 0.092826494605343646 -0.076978018502220941 0.019071357044866209 0.044824173176671714 -0.028140146303236802 -0.10839016680480194 0.1166189994261335
leaf_weight=9812.1144252568483 1645.8002086877823 3606.6526065170765 6641.4998533725739 261.27648165822029 1696.0326754748821 12766.497035592794 18339.259693056345
leaf_count=54048 9399 22166 29121 1733 7515 94348 145591
internal_value=0.000304258 -0.0682053 -0.0350932 0.102796 0.031444 -0.101476 0.115613
internal_weight=54769.1 32826.8 16453.6 21942.4 3341.83 16373.1 18600.5
internal_count=363921 199683 83169 164238 16914 116514 147324
is_linear=0
shrinkage=0.1


Tree=13
num_leaves=8
num_cat=0
split_feature=17 1 7 22 6 23 0
split_gain=33591.9 2946.17 2835.71 2017.86 1311.58 474.336 220.374
threshold=1.0000000180025095e-35 1.0000000180025095e-35 1.0000000180025095e-35 1.0000000180025095e-35 1.0000000180025095e-35 1.0000000180025095e-35 1.0000000180025095e-35
decision_type=2 2 2 2 2 2 2
left_child=1 3 4 -1 -2 -3 -4
right_child=2 5 6 -5 -6 -7 -8
leaf_value=-0.051673870128123758 0.088991332630148412 -0.072633333907909672 0.11473368064522578 0.047974462518566012 -0.01920294019396139 -0.10636621554183784 0.030217791763923064
leaf_weight=9315.8686035871506 1895.2019361108541 6580.2205042093992 16923.497182235122 2598.153106957674 2738.0025814324617 11427.452333211899 315.10978455841541
leaf_count=47776 10843 41821 146025 11110 12656 91853 1837
internal_value=0.000331072 -0.068522 0.0945242 -0.0299408 0.0250633 -0.0940445 0.113191
internal_weight=51793.5 29921.7 21871.8 11914 4633.2 18007.7 17238.6
internal_count=363921 192560 171361 58886 23499 133674 147862
is_linear=0
shrinkage=0.1


Tree=14
num_leaves=8
num_cat=0
split_feature=8 21 23 4 23 11 10
split_gain=29231.3 4896.63 2348.08 1683.55 1153.41 200.092 117.295
threshold=1.0000000180025095e-35 1.0000000180025095e-35 1.0000000180025095e-35 1.0000000180025095e-35 1.0000000180025095e-35 1.0000000180025095e-35 1.0000000180025095e-35
decision_type=2 2 2 2 2 2 2
left_child=1 3 -3 -1 6 -6 -2
right_child=4 2 -4 -5 5 -7 -8
leaf_value=-0.019649386642606806 0.04567439969516577 0.037062649370077652 -0.077520464706271719 -0.091519075014969156 -0.066784681655250158 0.085448080808785729 0.11421642243221922
leaf_weight=3923.0274059325457 255.49174869060516 6775.7117011249065 2428.6311669945717 19284.393830172718 427.2428102940321 107.23210763931274 15799.270362392068
leaf_count=18694 2039 33313 16999 142312 3258 536 146770
internal_value=0.000362113 -0.0548941 0.00682394 -0.0793715 0.108318 -0.0361396 0.113129
internal_weight=49001 32411.8 9204.34 23207.4 16589.2 534.475 16054.8
internal_count=363921 211318 50312 161006 152603 3794 148809
is_linear=0
shrinkage=0.1


Tree=15
num_leaves=8
num_cat=0
split_feature=8 22 23 4 23 11 10
split_gain=25585.4 4304.21 2151.53 1561.14 1050.64 168.702 122.553
threshold=1.0000000180025095e-35 1.0000000180025095e-35 1.0000000180025095e-35 1.0000000180025095e-35 1.0000000180025095e-35 1.0000000180025095e-35 1.0000000180025095e-35
decision_type=2 2 2 2 2 2 2
left_child=1 3 -3 -1 6 -6 -2
right_child=4 2 -4 -5 5 -7 -8
leaf_value=-0.018196548555356778 0.041864041611058875 0.032704026694374333 -0.075690376741838386 -0.088696342442501352 -0.062229932801450706 0.080222588706796577 0.1125316051088017
leaf_weight=3814.070499330759 251.19749376177788 7029.6391950547695 2475.1162337511778 17813.291148073971 413.47683335095644 103.08027043938637 14498.860786817968
leaf_count=18321 2039 34741 18434 139822 3258 536 146770
internal_value=0.000384394 -0.0516161 0.00447224 -0.0762648 0.106422 -0.0337031 0.111331
internal_weight=46398.7 31132.1 9504.76 21627.4 15266.6 516.557 14750.1
internal_count=363921 211318 53175 158143 152603 3794 148809
is_linear=0
shrinkage=0.1


Tree=16
num_leaves=8
num_cat=0
split_feature=9 23 22 0 16 7 19
split_gain=22450.4 3442.43 2936.03 1496.95 225.314 153.756 121.011
threshold=1.0000000180025095e-35 1.0000000180025095e-35 1.0000000180025095e-35 1.0000000180025095e-35 1.0000000180025095e-35 1.0000000180025095e-35 1.0000000180025095e-35
decision_type=2 2 2 2 2 2 2
left_child=1 2 -1 5 -5 -2 -3
right_child=3 6 -4 4 -6 -7 -8
leaf_value=-0.05466112883244905 0.056673722453873948 -0.1064718683905319 0.027606625355137079 -0.049736405466183853 0.040542558847315127 0.11051960435203817 -0.077760175528681849
leaf_weight=12997.998444765806 555.590312063694 7563.8561950847507 6510.2584756910801 648.80886752158403 480.19081996381283 13375.869343772531 1839.3950713425875
leaf_count=82010 3021 76119 32162 6062 2633 147478 14436
internal_value=0.000404795 -0.0511661 -0.0272069 0.099402 -0.0113367 0.108376 -0.100864
internal_weight=43972 28911.5 19508.3 15060.5 1129 13931.5 9403.25
internal_count=363921 204727 114172 159194 8695 150499 90555
is_linear=0
shrinkage=0.1


Tree=17
num_leaves=8
num_cat=0
split_feature=8 6 22 0 18 11 10
split_gain=19615.1 3367.75 1859.49 924.48 799.817 246.548 75.529
threshold=1.0000000180025095e-35 1.0000000180025095e-35 1.0000000180025095e-35 1.0000000180025095e-35 1.0000000180025095e-35 1.0000000180025095e-35 1.0000000180025095e-35
decision_type=2 2 2 2 2 2 2
left_child=1 4 -3 6 -1 -5 -2
right_child=3 2 -4 5 -6 -7 -8
leaf_value=-0.0020728515671408878 0.049353905681237591 -0.081454651283345059 -0.01865848629264881 -0.059054992466253856 0.078492675508156806 0.083225030483434548 0.10982397000640827
leaf_weight=4326.1685353964567 212.49288419634104 16105.752324685454 6668.5253312215209 427.50696039199829 1721.9671147167683 169.18413046002388 12093.848147578537
leaf_count=20645 1881 141093 38804 3508 10776 1264 145950
internal_value=0.000420756 -0.0454541 -0.063069 0.10289 0.0208742 -0.0186416 0.108784
internal_weight=41725.4 28822.4 22774.3 12903 6048.14 596.691 12306.3
internal_count=363921 211318 179897 152603 31421 4772 147831
is_linear=0
shrinkage=0.1


Tree=18
num_leaves=8
num_cat=0
split_feature=9 23 10 1 15 7 19
split_gain=17224.4 3217.22 2816.3 1261.04 277.115 133.091 123.428
threshold=1.0000000180025095e-35 1.0000000180025095e-35 1.0000000180025095e-35 1.0000000180025095e-35 1.0000000180025095e-35 1.0000000180025095e-35 1.0000000180025095e-35
decision_type=2 2 2 2 2 2 2
left_child=1 2 -1 5 -5 -2 -3
right_child=3 6 -4 4 -6 -7 -8
leaf_value=-0.053969429873552577 0.052669890246919954 -0.10337523094465589 0.025445971808335105 -0.043183535560185587 0.050858778390315301 0.10827372502641186 -0.073160994515074226
leaf_weight=11104.127430692315 450.74690806865692 6528.8166854307055 7467.9779660701752 671.19579301029444 585.93298130482435 11116.475817732513 1720.5491710156202
leaf_count=75374 2625 76119 38798 6462 3916 146191 14436
internal_value=0.000456363 -0.0451209 -0.0220363 0.0957749 0.000654069 0.106112 -0.0970832
internal_weight=39645.8 26821.5 18572.1 12824.4 1257.13 11567.2 8249.37
internal_count=363921 204727 114172 159194 10378 148816 90555
is_linear=0
shrinkage=0.1


Tree=19
num_leaves=8
num_cat=0
split_feature=8 23 10 1 9 11 10
split_gain=15057.7 2870 2303.62 831.209 394.477 290.233 52.0743
threshold=1.0000000180025095e-35 1.0000000180025095e-35 1.0000000180025095e-35 1.0000000180025095e-35 1.0000000180025095e-35 1.0000000180025095e-35 1.0000000180025095e-35
decision_type=2 2 2 2 2 2 2
left_child=1 2 -1 6 -3 -5 -2
right_child=3 4 -4 5 -6 -7 -8
leaf_value=-0.047602421220802243 0.053464606115352559 -0.094849751703630469 0.023451898903723678 -0.057125173233502816 0.0056489269372655259 0.079596095394322802 0.1077900948891225
leaf_weight=11083.221860229969 182.61700820177794 7631.9337450638413 7754.3491523042321 430.74560914933681 411.51970874518156 241.46748793125153 10023.049669794738
leaf_count=76768 1791 90555 40423 3650 3572 2448 144714
internal_value=0.000464421 -0.0397072 -0.0183537 0.0997296 -0.089708 -0.00796787 0.106823
internal_weight=37758.9 26881 18837.6 10877.9 8043.45 672.213 10205.7
internal_count=363921 211318 117191 152603 94127 6098 146505
is_linear=0
shrinkage=0.1


Tree=20
num_leaves=8
num_cat=0
split_feature=8 22 4 23 1 11 10
split_gain=13212.4 2876.66 1200.68 1195.11 774.159 246.819 56.4835
threshold=1.0000000180025095e-35 1.0000000180025095e-35 1.0000000180025095e-35 1.0000000180025095e-35 1.0000000180025095e-35 1.0000000180025095e-35 1.0000000180025095e-35
decision_type=2 2 2 2 2 2 2
left_child=1 2 -1 -3 6 -6 -2
right_child=4 3 -4 -5 5 -7 -8
leaf_value=-0.0096412161726053963 0.049466951820381015 0.029424154539296778 -0.07427786358412139 -0.059031249827133196 -0.052849214148597383 0.076218342379159087 0.10674972972330853
leaf_weight=3641.2280402332544 177.97062543034554 6818.2879684865475 13642.218595780432 1967.3017940819263 419.71622655540705 227.71828393638134 9153.133029203862
leaf_count=18321 1791 34741 139822 18434 3650 2448 144714
internal_value=0.000477361 -0.036979 -0.0606617 0.00961243 0.0983264 -0.00740552 0.105663
internal_weight=36047.6 26069 17283.4 8785.59 9978.54 647.435 9331.1
internal_count=363921 211318 158143 53175 152603 6098 146505
is_linear=0
shrinkage=0.1


Tree=21
num_leaves=8
num_cat=0
split_feature=9 23 10 1 15 19 7
split_gain=11630.6 2670.43 1923.31 991.405 183.437 158.785 136.248
threshold=1.0000000180025095e-35 1.0000000180025095e-35 1.0000000180025095e-35 1.0000000180025095e-35 1.0000000180025095e-35 1.0000000180025095e-35 1.0000000180025095e-35
decision_type=2 2 2 2 2 2 2
left_child=1 2 -1 6 -5 -3 -2
right_child=3 5 -4 4 -6 -7 -8
leaf_value=-0.044662626389355753 0.04707634055689635 -0.099079540423568882 0.022272360024593291 -0.033980102096255897 0.045563738600968275 -0.061652177300558941 0.10483541033028505
leaf_weight=10238.11904501915 431.47106175869703 5207.2024973034859 7391.112319201231 609.48987230658531 551.12065158784389 1457.5118257850409 8495.2463448084891
leaf_count=75374 2625 76119 38798 6462 3916 14436 146191
internal_value=0.000490541 -0.0369876 -0.0166002 0.0907463 0.00379832 -0.090905 0.102049
internal_weight=34381.3 24293.9 17629.2 10087.3 1160.61 6664.71 8926.72
internal_count=363921 204727 114172 159194 10378 90555 148816
is_linear=0
shrinkage=0.1


Tree=22
num_leaves=8
num_cat=0
split_feature=11 23 22 6 7 14 8
split_gain=10196.8 2132.04 1641.73 672.577 1110.89 394.63 25.0591
threshold=1.0000000180025095e-35 1.0000000180025095e-35 1.0000000180025095e-35 1.0000000180025095e-35 1.0000000180025095e-35 1.0000000180025095e-35 1.0000000180025095e-35
decision_type=2 2 2 2 2 2 2
left_child=1 2 -1 6 -5 -3 -2
right_child=3 5 -4 4 -6 -7 -8
leaf_value=-0.036443209588498615 0.086419736267265373 -0.086810385928800762 0.02859801302266754 -0.12565519251835441 0.091855326391997602 0.0080005474402085885 0.10510551923251472
leaf_weight=11421.746436819434 838.40143892914057 6372.7008445598185 5876.8759088888764 355.94867223501205 685.25709749385715 471.31033951044083 6879.4611908197403
leaf_count=83583 6244 94236 29605 1684 11710 2763 134096
internal_value=0.000492013 -0.0330402 -0.0143463 0.0929101 0.0174475 -0.0802811 0.103087
internal_weight=32901.7 24142.6 17298.6 8759.07 1041.21 6844.01 7717.86
internal_count=363921 210187 113188 153734 13394 96999 140340
is_linear=0
shrinkage=0.1


Tree=23
num_leaves=8
num_cat=0
split_feature=9 23 10 1 19 7 16
split_gain=9051.2 2265.25 1596.83 830.866 175.069 145.619 119.923
threshold=1.0000000180025095e-35 1.0000000180025095e-35 1.0000000180025095e-35 1.0000000180025095e-35 1.0000000180025095e-35 1.0000000180025095e-35 1.0000000180025095e-35
decision_type=2 2 2 2 2 2 2
left_child=1 2 -1 5 -3 -2 -5
right_child=3 4 -4 6 -6 -7 -8
leaf_value=-0.040447040444186261 0.042039289077869732 -0.096172453946399547 0.02125251255111426 -0.028424700278857087 -0.054560073847623791 0.1031074230722253 0.038059339858169866
leaf_weight=9835.597791865468 415.16505195945501 4434.4835073724389 7312.4196278378367 521.17462160438299 1315.8061159700155 7104.5716211013496 563.77092222124338
leaf_count=75374 2625 76119 38798 6255 14436 146191 4123
internal_value=0.000505825 -0.0323525 -0.0141368 0.0879401 -0.0866617 0.0997419 0.00612568
internal_weight=31503 22898.3 17148 8604.68 5750.29 7519.74 1084.95
internal_count=363921 204727 114172 159194 90555 148816 10378
is_linear=0
shrinkage=0.1


Tree=24
num_leaves=8
num_cat=0
split_feature=8 22 4 10 10 6 23
split_gain=7899.87 2055.35 949.95 805.926 655.863 189.728 145.205
threshold=1.0000000180025095e-35 1.0000000180025095e-35 1.0000000180025095e-35 1.0000000180025095e-35 1.0000000180025095e-35 1.0000000180025095e-35 1.0000000180025095e-35
decision_type=2 2 2 2 2 2 2
left_child=1 2 -1 -3 5 -2 -6
right_child=4 3 -4 -5 6 -7 -8
leaf_value=-0.0046923835384348857 0.068442010599474537 -0.015743753513469502 -0.064130026656576106 0.046929081031288886 0.10273924418374709 -0.080076327812005035 0.011893129446456388
leaf_weight=3525.4968992769718 125.66835576668382 4622.5932566300035 11332.835028119385 3687.883282110095 6510.0048520825803 267.46477544307709 181.11578301340342
leaf_count=18321 1674 28960 139822 24215 146770 2750 1409
internal_value=0.000502735 -0.0277544 -0.0500283 0.0120704 0.0929075 -0.032548 0.100282
internal_weight=30253.1 23168.8 14858.3 8310.48 7084.25 393.133 6691.12
internal_count=363921 211318 158143 53175 152603 4424 148179
is_linear=0
shrinkage=0.1


end of trees

feature_importances:
V4_lt=_0.05223605036735535=33
V12_lt=_-0.24669199436903=20
V10_lt=_-1.7765860557556152=13
V10_lt=_-1.7227753400802612=13
V10_lt=_-1.408359408378601=12
V14_lt=_-0.641162782907486=11
V4_lt=_1.6730803847312927=10
V4_lt=_0.7563583552837372=9
V14_lt=_-2.7358014583587646=9
V4_lt=_0.38157644867897034=6
V4_lt=_0.7131027281284332=6
V4_lt=_1.5782626867294312=5
V14_lt=_-1.4205476641654968=5
V14_lt=_-1.812438189983368=4
V14_lt=_-1.7687879800796509=4
V14_lt=_-0.7452503144741058=4
V14_lt=_-1.8273465633392334=3
V14_lt=_-1.5627466440200806=3
V14_lt=_-0.6914466023445129=2
V4_lt=_1.6225031018257141=1
V14_lt=_-1.349036455154419=1
V14_lt=_-0.7145193219184875=1

parameters:
[boosting: gbdt]
[objective: binary]
[metric: binary_logloss]
[tree_learner: serial]
[device_type: cpu]
[data_sample_strategy: bagging]
[data: ]
[valid: ]
[num_iterations: 25]
[learning_rate: 0.1]
[num_leaves: 31]
[num_threads: 8]
[seed: 42]
[deterministic: 0]
[force_col_wise: 0]
[force_row_wise: 0]
[histogram_pool_size: -1]
[max_depth: 3]
[min_data_in_leaf: 20]
[min_sum_hessian_in_leaf: 0.001]
[bagging_fraction: 1]
[pos_bagging_fraction: 1]
[neg_bagging_fraction: 1]
[bagging_freq: 0]
[bagging_seed: 400]
[bagging_by_query: 0]
[feature_fraction: 1]
[feature_fraction_bynode: 1]
[feature_fraction_seed: 30056]
[extra_trees: 0]
[extra_seed: 12879]
[early_stopping_round: 0]
[early_stopping_min_delta: 0]
[first_metric_only: 0]
[max_delta_step: 0]
[lambda_l1: 0]
[lambda_l2: 1]
[linear_lambda: 0]
[min_gain_to_split: 0]
[drop_rate: 0.1]
[max_drop: 50]
[skip_drop: 0.5]
[xgboost_dart_mode: 0]
[uniform_drop: 0]
[drop_seed: 17869]
[top_rate: 0.2]
[other_rate: 0.1]
[min_data_per_group: 100]
[max_cat_threshold: 32]
[cat_l2: 10]
[cat_smooth: 10]
[max_cat_to_onehot: 4]
[top_k: 20]
[monotone_constraints: ]
[monotone_constraints_method: basic]
[monotone_penalty: 0]
[feature_contri: ]
[forcedsplits_filename: ]
[refit_decay_rate: 0.9]
[cegb_tradeoff: 1]
[cegb_penalty_split: 0]
[cegb_penalty_feature_lazy: ]
[cegb_penalty_feature_coupled: ]
[path_smooth: 0]
[interaction_constraints: ]
[verbosity: -1]
[saved_feature_importance_type: 0]
[use_quantized_grad: 0]
[num_grad_quant_bins: 4]
[quant_train_renew_leaf: 0]
[stochastic_rounding: 1]
[linear_tree: 0]
[max_bin: 255]
[max_bin_by_feature: ]
[min_data_in_bin: 3]
[bin_construct_sample_cnt: 200000]
[data_random_seed: 175]
[is_enable_sparse: 1]
[enable_bundle: 1]
[use_missing: 1]
[zero_as_missing: 0]
[feature_pre_filter: 1]
[pre_partition: 0]
[two_round: 0]
[header: 0]
[label_column: ]
[weight_column: ]
[group_column: ]
[ignore_column: ]
[categorical_feature: ]
[forcedbins_filename: ]
[precise_float_parser: 0]
[parser_config_file: ]
[objective_seed: 16083]
[num_class: 1]
[is_unbalance: 0]
[scale_pos_weight: 1]
[sigmoid: 1]
[boost_from_average: 1]
[reg_sqrt: 0]
[alpha: 0.9]
[fair_c: 1]
[poisson_max_delta_step: 0.7]
[tweedie_variance_power: 1.5]
[lambdarank_truncation_level: 30]
[lambdarank_norm: 1]
[label_gain: ]
[lambdarank_position_bias_regularization: 0]
[eval_at: ]
[multi_error_top_k: 1]
[auc_mu_weights: ]
[num_machines: 1]
[local_listen_port: 12400]
[time_out: 120]
[machine_list_filename: ]
[machines: ]
[gpu_platform_id: -1]
[gpu_device_id: -1]
[gpu_use_dp: 0]
[num_gpu: 1]

end of parameters

pandas_categorical:[]
