tree
version=v4
num_class=1
num_tree_per_iteration=1
label_index=0
max_feature_idx=73
objective=binary sigmoid:1
feature_names=admission_type_id_lt=_5.5 admission_type_id_lt=_6.5 discharge_disposition_id_lt=_1.5 discharge_disposition_id_lt=_4.5 discharge_disposition_id_lt=_6.5 discharge_disposition_id_lt=_7.5 discharge_disposition_id_lt=_8.5 discharge_disposition_id_lt=_9.5 discharge_disposition_id_lt=_10.0 discharge_disposition_id_lt=_10.5 discharge_disposition_id_lt=_14.5 discharge_disposition_id_lt=_16.0 discharge_disposition_id_lt=_20.0 discharge_disposition_id_lt=_20.5 discharge_disposition_id_lt=_21.0 discharge_disposition_id_lt=_22.5 admission_source_id_lt=_3.5 admission_source_id_lt=_6.5 time_in_hospital_lt=_2.5 time_in_hospital_lt=_3.5 num_lab_procedures_lt=_18.5 num_lab_procedures_lt=_20.5 num_lab_procedures_lt=_30.5 num_lab_procedures_lt=_32.5 num_procedures_lt=_0.5 num_medications_lt=_6.5 num_medications_lt=_10.5 num_medications_lt=_11.5 num_medications_lt=_12.5 num_medications_lt=_15.5 num_medications_lt=_24.5 num_medications_lt=_35.5 number_outpatient_lt=_0.5 number_outpatient_lt=_1.5 number_emergency_lt=_0.5 number_emergency_lt=_1.5 number_emergency_lt=_2.5 number_emergency_lt=_3.5 number_inpatient_lt=_0.5 number_inpatient_lt=_1.5 number_inpatient_lt=_2.5 number_inpatient_lt=_3.5 number_inpatient_lt=_4.5 number_inpatient_lt=_5.5 number_diagnoses_lt=_4.5 number_diagnoses_lt=_5.5 number_diagnoses_lt=_6.5 number_diagnoses_lt=_7.5 number_diagnoses_lt=_8.5 race_?_lt=_0.5 race_Caucasian_lt=_0.5 age_(70-80)_lt=_0.5 age_(80-90)_lt=_0.5 age_(90-100)_lt=_0.5 diag_1_250.11_lt=_0.5 diag_1_250.6_lt=_0.5 diag_1_278_lt=_0.5 diag_1_428_lt=_0.5 diag_1_491_lt=_0.5 diag_1_648_lt=_0.5 diag_2_250_lt=_0.5 diag_2_401_lt=_0.5 diag_2_403_lt=_0.5 diag_2_411_lt=_0.5 diag_2_428_lt=_0.5 diag_2_648_lt=_0.5 diag_3_250.02_lt=_0.5 diag_3_585_lt=_0.5 metformin_No_lt=_0.5 insulin_Down_lt=_0.5 insulin_Steady_lt=_0.5 diabetesMed_No_lt=_0.5 diabetesMed_Yes_lt=_0.5 admission_type_id_lt=_7.5
feature_infos=[0:1] [0:1] [0:1] [0:1] [0:1] [0:1] [0:1] [0:1] [0:1] [0:1] [0:1] [0:1] [0:1] [0:1] [0:1] [0:1] [0:1] [0:1] [0:1] [0:1] [0:1] [0:1] [0:1] [0:1] [0:1] [0:1] [0:1] [0:1] [0:1] [0:1] [0:1] [0:1] [0:1] [0:1] [0:1] [0:1] [0:1] [0:1] [0:1] [0:1] [0:1] [0:1] [0:1] [0:1] [0:1] [0:1] [0:1] [0:1] [0:1] [0:1] [0:1] [0:1] [0:1] [0:1] [0:1] [0:1] [0:1] [0:1] [0:1] [0:1] [0:1] [0:1] [0:1] [0:1] [0:1] [0:1] [0:1] [0:1] [0:1] [0:1] [0:1] [0:1] [0:1] [0:1]
tree_sizes=1025 1033 1031 1036 1031 1032 1023 1038 1030 1034 1031 1031 1034 1030 1030 1034 1033 1037 1024 1042 1034 1029 1026 1037 1027

Tree=0
num_leaves=8
num_cat=0
split_feature=38 39 45 8 34 7 17
split_gain=3709.83 595.354 537.847 279.928 225.95 181.121 69.9652
threshold=1.0000000180025095e-35 1.0000000180025095e-35 1.0000000180025095e-35 1.0000000180025095e-35 1.0000000180025095e-35 1.0000000180025095e-35 1.0000000180025095e-35
decision_type=2 2 2 2 2 2 2
left_child=1 3 4 -1 -2 -3 -4
right_child=2 5 6 -5 -6 -7 -8
leaf_value=-0.15262702472386627 -0.1243036184603932 -0.18965067132378588 -0.20738805804208976 -0.051707769993915784 -0.18028178173009207 -0.11528861767510709 -0.23703444124357165
leaf_weight=307.35673677921295 779.6972029209137 360.52920377254486 1528.8326607942581 2604.7054742574692 9459.2327964305878 3507.6435352563858 1680.3990386724472
leaf_count=1237 3138 1451 6153 10483 38070 14117 6763
internal_value=-0.156809 -0.0965015 -0.187216 -0.0623543 -0.176016 -0.122226 -0.222931
internal_weight=20228.4 6780.23 13448.2 2912.06 10238.9 3868.17 3209.23
internal_count=81412 27288 54124 11720 41208 15568 12916
is_linear=0
shrinkage=1


Tree=1
num_leaves=8
num_cat=0
split_feature=38 39 46 8 32 5 34
split_gain=3000.4 477.497 441.481 224.22 188.163 146.499 93.035
threshold=1.0000000180025095e-35 1.0000000180025095e-35 1.0000000180025095e-35 1.0000000180025095e-35 1.0000000180025095e-35 1.0000000180025095e-35 1.0000000180025095e-35
decision_type=2 2 2 2 2 2 2
left_child=1 3 4 -1 -2 -3 -4
right_child=2 5 6 -5 -6 -7 -8
leaf_value=0.0037634187609307764 0.021062481753929357 -0.029258048327121297 0.011738930147771755 0.094045189638154905 -0.020364969942792355 0.037306619373293208 -0.055687249228158757
leaf_weight=307.45597863197327 1282.4677905440331 364.24192170798779 214.3142162412405 2618.9990547448397 7525.7966993749142 3512.8144907653332 4388.5321640223265
leaf_count=1237 5168 1470 865 10483 30340 14098 17751
internal_value=-9.98999e-06 0.0540761 -0.0274501 0.0845646 -0.0143315 0.0310471 -0.0525459
internal_weight=20214.6 6803.51 13411.1 2926.46 8808.26 3877.06 4602.85
internal_count=81412 27288 54124 11720 35508 15568 18616
is_linear=0
shrinkage=0.1


Tree=2
num_leaves=8
num_cat=0
split_feature=38 40 45 5 71 7 17
split_gain=2431.76 404.331 379.64 196.895 174.977 94.9017 57.4401
threshold=1.0000000180025095e-35 1.0000000180025095e-35 1.0000000180025095e-35 1.0000000180025095e-35 1.0000000180025095e-35 1.0000000180025095e-35 1.0000000180025095e-35
decision_type=2 2 2 2 2 2 2
left_child=1 5 4 -3 -2 -1 -4
right_child=2 3 6 -5 -6 -7 -8
leaf_value=0.020257136835032323 -0.038792356699334195 -0.021863931970650081 -0.040886051644956727 0.042479507673190524 -0.0080640368408950881 0.10542287815584073 -0.067905880709825422
leaf_weight=146.68584600090981 2432.8843713253736 526.27009177207947 1512.7099461555481 4883.5355345904827 7769.4180837720633 1252.9384464025497 1655.3905035108328
leaf_count=590 9829 2126 6153 19558 31379 5014 6763
internal_value=-1.4636e-05 0.0486239 -0.0247876 0.0362172 -0.0153947 0.096518 -0.0550214
internal_weight=20179.8 6809.43 13370.4 5409.81 10202.3 1399.62 3168.1
internal_count=81412 27288 54124 21684 41208 5604 12916
is_linear=0
shrinkage=0.1


Tree=3
num_leaves=8
num_cat=0
split_feature=38 39 45 34 8 7 32
split_gain=1973.59 346.396 312.681 171.904 150.832 94.5082 50.1053
threshold=1.0000000180025095e-35 1.0000000180025095e-35 1.0000000180025095e-35 1.0000000180025095e-35 1.0000000180025095e-35 1.0000000180025095e-35 1.0000000180025095e-35
decision_type=2 2 2 2 2 2 2
left_child=1 4 3 -2 -1 -3 -4
right_child=2 5 6 -5 -6 -7 -8
leaf_value=0.0035632932285876101 0.031194202523801465 -0.024705326092178938 -0.0067773999804854324 -0.017622776018395764 0.077622272145202051 0.029197307682579207 -0.05365992702379279
leaf_weight=307.46881356835365 780.35457119345665 357.54308992624283 247.78641131520271 9405.5451638251543 2611.4807143509388 3528.1068015247583 2893.7570469677448
leaf_count=1237 3138 1451 1018 38070 10483 14117 11898
internal_value=-1.71825e-05 0.0437975 -0.0223893 -0.0138802 0.0698251 0.0242323 -0.0499654
internal_weight=20132 6804.6 13327.4 10185.9 2918.95 3885.65 3141.54
internal_count=81412 27288 54124 41208 11720 15568 12916
is_linear=0
shrinkage=0.1


Tree=4
num_leaves=8
num_cat=0
split_feature=38 40 46 6 5 57 7
split_gain=1603.69 297.14 266.154 151.683 129.293 80.0349 64.8968
threshold=1.0000000180025095e-35 1.0000000180025095e-35 1.0000000180025095e-35 1.0000000180025095e-35 1.0000000180025095e-35 1.0000000180025095e-35 1.0000000180025095e-35
decision_type=2 2 2 2 2 2 2
left_child=1 6 3 -2 -3 -4 -1
right_child=2 4 5 -5 -6 -7 -8
leaf_value=0.017860330901333221 -0.050356815556198677 -0.018256709258331404 0.032146392239791197 -0.0057725556523956084 0.033985036822074988 -0.042405240320602167 0.088290899439636111
leaf_weight=146.92492708563805 843.44502252340317 524.03037346899509 148.21818087995052 7925.0625746995211 4880.4999840557575 4366.0928458869457 1237.7152334451675
leaf_count=590 3418 2126 610 32090 19558 18006 5014
internal_value=-1.72418e-05 0.0395162 -0.0202252 -0.0100664 0.0289172 -0.0399509 0.0808358
internal_weight=20072 6789.17 13282.8 8768.51 5404.53 4514.31 1384.64
internal_count=81412 27288 54124 35508 21684 18616 5604
is_linear=0
shrinkage=0.1


Tree=5
num_leaves=8
num_cat=0
split_feature=38 39 32 45 42 17 56
split_gain=1303.89 256.355 237.479 178.329 112.392 94.2423 73.333
threshold=1.0000000180025095e-35 1.0000000180025095e-35 1.0000000180025095e-35 1.0000000180025095e-35 1.0000000180025095e-35 1.0000000180025095e-35 1.0000000180025095e-35
decision_type=2 2 2 2 2 2 2
left_child=1 4 6 -4 -1 -3 -2
right_child=2 5 3 -5 -6 -7 -8
leaf_value=0.10779024860872413 -0.11689161104654558 0.030399620510932632 -0.016294067167814334 -0.045141250227653376 0.050359077813095059 -0.0021956869776010722 0.019878732601117919
leaf_weight=395.14450044929981 39.167206630110741 2513.9380717277527 8699.7257250100374 2843.4008357226849 2489.6300011873245 1370.1543768048286 1657.6829890757799
leaf_count=1617 160 10076 35344 11898 10103 5492 6722
internal_value=-1.61836e-05 0.035683 -0.0182685 -0.0234032 0.0582604 0.0189037 0.0166548
internal_weight=20008.8 6768.87 13240 11543.1 2884.77 3884.09 1696.85
internal_count=81412 27288 54124 47242 11720 15568 6882
is_linear=0
shrinkage=0.1


Tree=6
num_leaves=8
num_cat=0
split_feature=38 41 34 57 32 2 7
split_gain=1060.44 215.072 196.834 194.877 139.028 42.9744 28.9518
threshold=1.0000000180025095e-35 1.0000000180025095e-35 1.0000000180025095e-35 1.0000000180025095e-35 1.0000000180025095e-35 1.0000000180025095e-35 1.0000000180025095e-35
decision_type=2 2 2 2 2 2 2
left_child=1 5 6 -4 -3 -1 -2
right_child=2 4 3 -5 -6 -7 -8
leaf_value=0.058622699915308413 -0.047033808374222955 0.054309290478574648 0.032708068198906141 -0.02286248046486937 0.017999317217725137 0.10871651037596149 0.03229900679730658
leaf_weight=333.09726531803608 47.70429852604866 1360.0122549533844 666.46584336459637 11611.832264274359 4691.7587538063526 362.63081558048725 870.65514971315861
leaf_count=1375 193 5490 2716 47701 18914 1509 3514
internal_value=-1.521e-05 0.0322295 -0.0165032 -0.0198437 0.0261669 0.0848514 0.0281314
internal_weight=19944.2 6747.5 13196.7 12278.3 6051.77 695.728 918.359
internal_count=81412 27288 54124 50417 24404 2884 3707
is_linear=0
shrinkage=0.1


Tree=7
num_leaves=8
num_cat=0
split_feature=38 39 32 17 8 45 56
split_gain=862.332 196.224 188.181 168.294 103.301 82.5606 59.8969
threshold=1.0000000180025095e-35 1.0000000180025095e-35 1.0000000180025095e-35 1.0000000180025095e-35 1.0000000180025095e-35 1.0000000180025095e-35 1.0000000180025095e-35
decision_type=2 2 2 2 2 2 2
left_child=1 4 6 -4 -1 -3 -2
right_child=2 5 3 -5 -6 -7 -8
leaf_value=-0.0055395744415119288 -0.10595891904272921 0.020849543006395965 -0.0099399056684104595 -0.034859469428437477 0.055709742982631372 -0.018914408357919868 0.019057106337995927
leaf_weight=308.69814862310886 38.247894480824471 3260.8265447467566 7065.8685656785965 4396.5716804414988 2535.6564709991217 620.85145802795887 1658.1916110813618
leaf_count=1237 160 13079 29006 18236 10483 2489 6722
internal_value=-1.17556e-05 0.0291134 -0.0148999 -0.0195003 0.0490627 0.0144863 0.0161777
internal_weight=19884.9 6726.03 13158.9 11462.4 2844.35 3881.68 1696.44
internal_count=81412 27288 54124 47242 11720 15568 6882
is_linear=0
shrinkage=0.1


Tree=8
num_leaves=8
num_cat=0
split_feature=38 34 46 6 39 7 71
split_gain=701.712 183.185 178.605 118.495 97.6358 89.7157 70.1088
threshold=1.0000000180025095e-35 1.0000000180025095e-35 1.0000000180025095e-35 1.0000000180025095e-35 1.0000000180025095e-35 1.0000000180025095e-35 1.0000000180025095e-35
decision_type=2 2 2 2 2 2 2
left_child=1 5 3 -2 -3 -1 -4
right_child=2 4 6 -5 -6 -7 -8
leaf_value=-0.037818585029933321 -0.041020810661457005 0.035134038582503926 -0.051440784906465836 -0.0013542034231083288 0.007474564740792132 0.066780004468813395 -0.022475172771885089
leaf_weight=87.250388279557228 831.72136744856834 2077.8351309448481 1120.5930768698454 7876.6430916935205 3307.3134343624115 1225.597237303853 3292.6451169550419
leaf_count=351 3418 8619 4733 32090 13270 5048 13883
internal_value=-1.0442e-05 0.0263235 -0.0134537 -0.00514697 0.0181514 0.059805 -0.02984
internal_weight=19819.6 6698 13121.6 8708.36 5385.15 1312.85 4413.24
internal_count=81412 27288 54124 35508 21889 5399 18616
is_linear=0
shrinkage=0.1


Tree=9
num_leaves=8
num_cat=0
split_feature=38 71 41 57 32 48 2
split_gain=570.954 161.414 159.508 123.948 105.952 50.5544 36.1663
threshold=1.0000000180025095e-35 1.0000000180025095e-35 1.0000000180025095e-35 1.0000000180025095e-35 1.0000000180025095e-35 1.0000000180025095e-35 1.0000000180025095e-35
decision_type=2 2 2 2 2 2 2
left_child=2 5 6 -3 -4 -2 -1
right_child=1 3 4 -5 -6 -7 -8
leaf_value=0.04589703478277108 -0.017303741758838278 0.039738649572996082 0.043375556375323324 -0.0086553930390330623 0.011499790464486894 -0.043038930261611368 0.092728569622970491
leaf_weight=323.18105641007423 1339.6593237072229 559.81745311617851 1342.7378541529179 9404.7811696380377 4661.5071967840195 1779.8632675409317 344.04012823104858
leaf_count=1375 5487 2275 5490 38869 18914 7493 1509
internal_value=-9.7293e-06 -0.0121489 0.0237959 -0.00593287 0.0186342 -0.0319962 0.0701475
internal_weight=19755.6 13084.1 6671.47 9964.6 6004.25 3119.52 667.221
internal_count=81412 54124 27288 41144 24404 12980 2884
is_linear=0
shrinkage=0.1


Tree=10
num_leaves=8
num_cat=0
split_feature=39 34 45 8 10 42 7
split_gain=464.889 230.406 203.151 78.7861 430.643 62.3746 52.6924
threshold=1.0000000180025095e-35 1.0000000180025095e-35 1.0000000180025095e-35 1.0000000180025095e-35 1.0000000180025095e-35 1.0000000180025095e-35 1.0000000180025095e-35
decision_type=2 2 2 2 2 2 2
left_child=3 6 -3 4 -1 -5 -2
right_child=1 2 -4 5 -6 -7 -8
leaf_value=0.073312931094360032 -0.045980753057544538 -0.0037279420437144892 -0.031350868146372217 0.08424243073634699 -0.17669650336125742 0.037597994212207712 0.035926743159615478
leaf_weight=206.70189888775349 82.355926588177681 12019.713662996888 3419.1154406517744 331.35724148154259 102.09961777925491 2133.1470607966185 1404.2241953611374
leaf_count=828 336 49095 14592 1490 409 8993 5669
internal_value=-6.88476e-06 -0.006226 -0.00984701 0.0379367 -0.00965169 0.0439011 0.0313612
internal_weight=19698.7 16925.4 15438.8 2773.31 308.802 2464.5 1486.58
internal_count=81412 69692 63687 11720 1237 10483 6005
is_linear=0
shrinkage=0.1


Tree=11
num_leaves=8
num_cat=0
split_feature=38 32 35 17 7 56 7
split_gain=406.749 142.249 136.111 127.21 82.6075 48.2899 30.7759
threshold=1.0000000180025095e-35 1.0000000180025095e-35 1.0000000180025095e-35 1.0000000180025095e-35 1.0000000180025095e-35 1.0000000180025095e-35 1.0000000180025095e-35
decision_type=2 2 2 2 2 2 2
left_child=2 5 6 -3 -4 -2 -1
right_child=1 3 4 -5 -6 -7 -8
leaf_value=-0.026572457290495923 -0.094956219410473552 -0.0059776065768508283 -0.017999823999760418 -0.027789194984522508 0.020051704849524468 0.019320671211788699 0.07685938769814811
leaf_weight=30.184581398963928 36.844697520136833 7008.9697496294975 635.98177975416183 4322.9657082259655 5483.9538752585649 1655.1345036029816 465.72787645459175
leaf_count=122 160 29006 2567 18236 22597 6722 2002
internal_value=-4.96124e-06 -0.0102617 0.020185 -0.0143001 0.0160951 0.0167775 0.070523
internal_weight=19639.8 13023.9 6615.85 11331.9 6119.94 1691.98 495.912
internal_count=81412 54124 27288 47242 25164 6882 2124
is_linear=0
shrinkage=0.1


Tree=12
num_leaves=8
num_cat=0
split_feature=39 32 17 22 42 6 35
split_gain=336.051 182.368 172.212 70.5919 60.8505 45.221 14.1691
threshold=1.0000000180025095e-35 1.0000000180025095e-35 1.0000000180025095e-35 1.0000000180025095e-35 1.0000000180025095e-35 1.0000000180025095e-35 1.0000000180025095e-35
decision_type=2 2 2 2 2 2 2
left_child=4 3 -3 -2 6 -6 -1
right_child=1 2 -4 -5 5 -7 -8
leaf_value=0.1035087297701707 0.031042349384780149 -0.001105983039391192 -0.023704271071879102 -0.0055285951263940774 -0.011109984217731279 0.031829596419806108 0.058323340612603684
leaf_weight=99.950379580259323 1713.9744696170092 8983.7367168217897 5397.7567404210567 762.09610150754452 277.17339244484901 2099.9398687630892 248.81290274858475
leaf_count=476 6941 36985 22659 3107 1115 8988 1141
internal_value=-4.68932e-06 -0.00527284 -0.00958878 0.0197887 0.032565 0.0268202 0.0715317
internal_weight=19583.4 16857.6 14381.5 2476.07 2725.88 2377.11 348.763
internal_count=81412 69692 59644 10048 11720 10103 1617
is_linear=0
shrinkage=0.1


Tree=13
num_leaves=8
num_cat=0
split_feature=34 57 38 7 10 36 6
split_gain=302.695 189.923 161.202 64.9528 128.162 51.9719 23.5084
threshold=1.0000000180025095e-35 1.0000000180025095e-35 1.0000000180025095e-35 1.0000000180025095e-35 1.0000000180025095e-35 1.0000000180025095e-35 1.0000000180025095e-35
decision_type=2 2 2 2 2 2 2
left_child=3 6 -3 4 -1 -5 -2
right_child=1 2 -4 5 -6 -7 -8
leaf_value=0.048557423458921681 -0.0080652577635799815 0.0081495059972364649 -0.013710268493602733 0.079027107783909242 -0.14978996990392143 0.033092519336021219 0.038992825508260297
leaf_weight=79.182948842644691 117.58392062783241 4792.9232751876116 11385.656814202666 286.50357480347157 53.943645253777504 1755.0675774663687 1062.6574383974075
leaf_count=323 479 19759 47701 1264 221 7298 4367
internal_value=-1.57004e-06 -0.00440831 -0.00723418 0.0351596 -0.0323316 0.0395743 0.0343017
internal_weight=19533.5 17358.8 16178.6 2174.7 133.127 2041.57 1180.24
internal_count=81412 72306 67460 9106 544 8562 4846
is_linear=0
shrinkage=0.1


Tree=14
num_leaves=8
num_cat=0
split_feature=34 45 6 17 7 10 35
split_gain=246.634 168.119 138.632 67.9474 53.1907 106.971 45.3535
threshold=1.0000000180025095e-35 1.0000000180025095e-35 1.0000000180025095e-35 1.0000000180025095e-35 1.0000000180025095e-35 1.0000000180025095e-35 1.0000000180025095e-35
decision_type=2 2 2 2 2 2 2
left_child=4 2 -2 -3 5 -1 -6
right_child=1 3 -4 -5 6 -7 -8
leaf_value=0.043566017152137287 -0.028522687113098522 -0.0088468060175659492 0.0045123580418247418 -0.036241520603430298 0.05772156675927758 -0.13894080807995776 0.025600486765031946
leaf_weight=79.524248883128166 1415.9107264429331 1739.8751930892467 12278.105118304491 1888.6557818502188 645.43503856658936 52.491789549589157 1384.8590538054705
leaf_count=323 5855 7441 50703 8307 2817 221 5745
internal_value=-1.21774e-06 -0.00397676 0.00109482 -0.0231119 0.0318345 -0.0295007 0.0358352
internal_weight=19484.9 17322.5 13694 3628.53 2162.31 132.016 2030.29
internal_count=81412 72306 56558 15748 9106 544 8562
is_linear=0
shrinkage=0.1


Tree=15
num_leaves=8
num_cat=0
split_feature=39 26 17 42 51 10 34
split_gain=233.093 147.793 143.775 49.0178 48.6518 34.317 10.2563
threshold=1.0000000180025095e-35 1.0000000180025095e-35 1.0000000180025095e-35 1.0000000180025095e-35 1.0000000180025095e-35 1.0000000180025095e-35 1.0000000180025095e-35
decision_type=2 2 2 2 2 2 2
left_child=3 2 -2 6 -3 -5 -1
right_child=1 4 -4 5 -6 -7 -8
leaf_value=0.083722796633387553 0.0098601005117107746 -0.0007891631695501613 -0.012318259528263396 0.063610996844865694 -0.025659252324231788 0.018736159829914445 0.047653314586694785
leaf_weight=142.40044087171555 7549.2784454375505 1019.8719909489155 4768.3337796926498 184.32210268080235 3438.6487753689289 2156.0833098590374 189.99453167617321
leaf_count=728 30968 4263 20006 738 14455 9365 889
internal_value=-2.9022e-06 -0.00437309 0.00127422 0.0274184 -0.0199718 0.022296 0.0633105
internal_weight=19448.9 16776.1 12317.6 2672.8 4458.52 2340.41 332.395
internal_count=81412 69692 50974 11720 18718 10103 1617
is_linear=0
shrinkage=0.1


Tree=16
num_leaves=8
num_cat=0
split_feature=32 71 45 6 10 22 0
split_gain=214.971 132.993 103.14 65.3061 196.599 70.7592 47.3273
threshold=1.0000000180025095e-35 1.0000000180025095e-35 1.0000000180025095e-35 1.0000000180025095e-35 1.0000000180025095e-35 1.0000000180025095e-35 1.0000000180025095e-35
decision_type=2 2 2 2 2 2 2
left_child=3 6 -3 4 -1 -5 -2
right_child=1 2 -4 5 -6 -7 -8
leaf_value=0.039452943811572889 0.01942541387869216 0.0050521593799476433 -0.017151345771305684 0.037276652914041808 -0.16065701179148437 0.0032869212111198906 -0.024238044814892109
leaf_weight=142.13390962779522 266.46447259187698 9780.7567664980888 2660.294459015131 2128.5268949121237 73.777487650513649 860.0344657599926 3499.0952949076891
leaf_count=577 1131 40490 11611 8906 302 3587 14808
internal_value=-1.04739e-06 -0.00468087 0.000303343 0.0236612 -0.0293506 0.0274996 -0.0211439
internal_weight=19411.1 16206.6 12441.1 3204.47 215.911 2988.56 3765.56
internal_count=81412 68040 52101 13372 879 12493 15939
is_linear=0
shrinkage=0.1


Tree=17
num_leaves=8
num_cat=0
split_feature=38 71 50 40 17 62 2
split_gain=194.551 104.475 79.411 70.8941 52.2227 32.4617 32.419
threshold=1.0000000180025095e-35 1.0000000180025095e-35 1.0000000180025095e-35 1.0000000180025095e-35 1.0000000180025095e-35 1.0000000180025095e-35 1.0000000180025095e-35
decision_type=2 2 2 2 2 2 2
left_child=3 5 -3 6 -5 -2 -1
right_child=1 2 -4 4 -6 -7 -8
leaf_value=0.02001445774743248 0.038931096792670192 0.0031524757905457609 -0.01744165979671523 0.01623501706336224 -0.0047468404519740914 -0.025010912638180172 0.052737257718010334
leaf_weight=627.25932896137238 80.721331730484962 7329.7688148915768 2513.6739880591631 3483.1542566716671 1798.0320757478476 2963.3560482561588 587.86124937236309
leaf_count=2813 341 30564 10580 14344 7340 12639 2791
internal_value=-2.83641e-06 -0.00711562 -0.00210779 0.0141066 0.00909199 -0.0233031 0.0358757
internal_weight=19383.8 12887.5 9843.44 6496.31 5281.19 3044.08 1215.12
internal_count=81412 54124 41144 27288 21684 12980 5604
is_linear=0
shrinkage=0.1


Tree=18
num_leaves=8
num_cat=0
split_feature=34 57 19 7 10 36 6
split_gain=169.744 141.689 114.85 42.8829 83.4737 36.1733 16.0806
threshold=1.0000000180025095e-35 1.0000000180025095e-35 1.0000000180025095e-35 1.0000000180025095e-35 1.0000000180025095e-35 1.0000000180025095e-35 1.0000000180025095e-35
decision_type=2 2 2 2 2 2 2
left_child=3 6 -3 4 -1 -5 -2
right_child=1 2 -4 5 -6 -7 -8
leaf_value=0.034870528238558095 -0.0049469066343510934 0.0024820097119557789 -0.014447319039126813 0.064280045386619966 -0.12844905590310735 0.024918576670035195 0.034116484016892983
leaf_weight=79.517925247550011 116.77815021574497 8240.5746192336082 7799.2351586073637 269.73082625865936 50.274572774767876 1727.4790545850992 1056.9340973049402
leaf_count=323 479 34504 32956 1264 221 7298 4367
internal_value=-1.60813e-06 -0.00329527 -0.00575013 0.0266425 -0.028889 0.030264 0.030229
internal_weight=19340.5 17213.5 16039.8 2127 129.792 1997.21 1173.71
internal_count=81412 72306 67460 9106 544 8562 4846
is_linear=0
shrinkage=0.1


Tree=19
num_leaves=8
num_cat=0
split_feature=32 17 16 27 21 6 56
split_gain=161.625 113.873 160.502 117.556 52.713 46.9347 28.4529
threshold=1.0000000180025095e-35 1.0000000180025095e-35 1.0000000180025095e-35 1.0000000180025095e-35 1.0000000180025095e-35 1.0000000180025095e-35 1.0000000180025095e-35
decision_type=2 2 2 2 2 2 2
left_child=4 3 -3 -2 5 -1 -6
right_child=1 2 -4 -5 6 -7 -8
leaf_value=-0.022566930049931093 0.0099146549976195843 -0.049384929277138445 -0.007172218821856243 -0.012665277920574789 -0.099365310385198732 0.03043170437221674 -0.0011359334887404325
leaf_weight=178.84153445065022 6805.6864031851292 1111.7856149375439 4729.1535247564316 3485.7925163209438 30.119613409042358 2408.3911065459251 562.87683798372746
leaf_count=736 28334 4792 20209 14705 136 10154 2346
internal_value=-1.30033e-06 -0.00406335 -0.0152142 0.00226619 0.0205992 0.0267609 -0.00628411
internal_weight=19312.6 16132.4 5840.94 10291.5 3180.23 2587.23 592.996
internal_count=81412 68040 25001 43039 13372 10890 2482
is_linear=0
shrinkage=0.1


Tree=20
num_leaves=8
num_cat=0
split_feature=38 51 52 41 10 4 2
split_gain=142.183 85.5419 94.4554 59.0881 50.4989 35.071 25.4167
threshold=1.0000000180025095e-35 1.0000000180025095e-35 1.0000000180025095e-35 1.0000000180025095e-35 1.0000000180025095e-35 1.0000000180025095e-35 1.0000000180025095e-35
decision_type=2 2 2 2 2 2 2
left_child=3 5 -3 6 -5 -2 -1
right_child=1 2 -4 4 -6 -7 -8
leaf_value=0.021565318440109515 -0.021522006391311868 0.0077612784616819547 -0.016147462154150506 0.042703958291925005 0.0065240660287206893 0.011564734975479364 0.063388214255004446
leaf_weight=293.30147436261177 359.2467248737812 2122.0886562615633 7456.3704915195704 414.22437015175819 5453.2298830002546 2897.2021719962358 290.0618746727705
leaf_count=1375 1539 8864 31597 1678 22726 12124 1509
internal_value=-3.31525e-06 -0.00609042 -0.0108503 0.012107 0.0090851 0.00790917 0.0424335
internal_weight=19285.7 12834.9 9578.46 6450.82 5867.45 3256.45 583.363
internal_count=81412 54124 40461 27288 24404 13663 2884
is_linear=0
shrinkage=0.1


Tree=21
num_leaves=8
num_cat=0
split_feature=32 12 8 7 10 22 15
split_gain=126.942 109.76 267.389 44.8941 160.4 45.9618 12.7325
threshold=1.0000000180025095e-35 1.0000000180025095e-35 1.0000000180025095e-35 1.0000000180025095e-35 1.0000000180025095e-35 1.0000000180025095e-35 1.0000000180025095e-35
decision_type=2 2 2 2 2 2 2
left_child=3 6 -3 4 -1 -5 -2
right_child=1 2 -4 5 -6 -7 -8
leaf_value=0.035094774210290461 0.022318645903908321 -0.053445894416889642 -0.0016162082087317166 0.029447155694969598 -0.14883197480434138 0.0019317444670231268 0.052633202729872187
leaf_weight=141.92715685069561 247.30346345901489 1068.0154667794704 14450.560035869479 2099.1111525446177 69.997673347592354 854.12982930243015 321.27584616839886
leaf_count=577 1048 4543 61093 8908 298 3589 1356
internal_value=-2.26174e-06 -0.00360433 -0.00518643 0.0183008 -0.026069 0.0214926 0.0395102
internal_weight=19252.3 16087.2 15518.6 3165.17 211.925 2953.24 568.579
internal_count=81412 68040 65636 13372 875 12497 2404
is_linear=0
shrinkage=0.1


Tree=22
num_leaves=8
num_cat=0
split_feature=34 57 58 7 10 36 44
split_gain=119.364 110.229 93.3717 32.3752 62.2821 28.8403 12.9553
threshold=1.0000000180025095e-35 1.0000000180025095e-35 1.0000000180025095e-35 1.0000000180025095e-35 1.0000000180025095e-35 1.0000000180025095e-35 1.0000000180025095e-35
decision_type=2 2 2 2 2 2 2
left_child=3 6 -3 4 -1 -5 -2
right_child=1 2 -4 5 -6 -7 -8
leaf_value=0.027518204936186893 0.024756403271219397 0.044719644179498974 -0.0061095269079167475 0.056651598944813898 -0.11671063470113668 0.020916124596147053 0.079993120224189737
leaf_weight=79.430930376052856 1125.0738287121058 368.9828065931797 15596.942875802517 259.8381799608469 46.779634863138199 1711.2072412371635 43.380482956767082
leaf_count=323 4665 1552 65908 1264 221 7298 181
internal_value=-5.00804e-06 -0.00276171 -0.0049321 0.0225075 -0.0264371 0.0256534 0.0268738
internal_weight=19231.6 17134.4 15965.9 2097.26 126.211 1971.05 1168.45
internal_count=81412 72306 67460 9106 544 8562 4846
is_linear=0
shrinkage=0.1


Tree=23
num_leaves=8
num_cat=0
split_feature=39 71 57 52 62 10 7
split_gain=111.232 84.5014 70.9428 33.5492 33.5485 32.3858 18.5403
threshold=1.0000000180025095e-35 1.0000000180025095e-35 1.0000000180025095e-35 1.0000000180025095e-35 1.0000000180025095e-35 1.0000000180025095e-35 1.0000000180025095e-35
decision_type=2 2 2 2 2 2 2
left_child=3 4 -3 6 -2 -5 -1
right_child=1 2 -4 5 -6 -7 -8
leaf_value=-0.056261243970416278 0.036553592580198489 0.029484053237434939 -0.001041925627882695 0.066254099485725734 -0.017695366419373689 0.020856498220476118 0.0025406037997860137
leaf_weight=61.321199387311935 116.69913552701473 811.96740119159222 11983.787157937884 170.11830484867096 3712.8060851544142 1967.3650789409876 383.57028561830521
leaf_count=254 487 3297 50064 687 15844 9055 1724
internal_value=-3.70935e-06 -0.00300323 0.000897284 0.0193008 -0.0160331 0.0244989 -0.00567229
internal_weight=19207.6 16625.3 12795.8 2582.37 3829.51 2137.48 444.891
internal_count=81412 69692 53361 11720 16331 9742 1978
is_linear=0
shrinkage=0.1


Tree=24
num_leaves=8
num_cat=0
split_feature=25 24 19 28 54 59 18
split_gain=96.4554 106.732 97.6018 68.879 14.9956 12.4801 3.75058
threshold=1.0000000180025095e-35 1.0000000180025095e-35 1.0000000180025095e-35 1.0000000180025095e-35 1.0000000180025095e-35 1.0000000180025095e-35 1.0000000180025095e-35
decision_type=2 2 2 2 2 2 2
left_child=1 2 -1 -3 6 -6 -2
right_child=4 3 -4 -5 5 -7 -8
leaf_value=0.0031507150189981239 0.11612506426229488 0.018985478138291587 -0.01709782626529446 2.0509395358158317e-05 0.054950820906397073 -0.02739801358954156 0.026195907924597413
leaf_weight=6020.7271431386471 6.1734204441308984 4418.3079785555601 3935.9701405614614 3379.5613954663277 17.756130948662758 1385.2362588644028 15.561618834733963
leaf_count=25440 27 18620 16825 14339 79 6012 70
internal_value=-2.68356e-06 0.00200676 -0.00485462 0.0107672 -0.0250276 -0.0263174 0.0557228
internal_weight=19179.3 17754.6 9956.7 7797.87 1424.73 1402.99 21.735
internal_count=81412 75224 42265 32959 6188 6091 97
is_linear=0
shrinkage=0.1


end of trees

feature_importances:
discharge_disposition_id_lt=_9.5=15
number_inpatient_lt=_0.5=14
number_outpatient_lt=_0.5=11
number_emergency_lt=_0.5=11
discharge_disposition_id_lt=_14.5=10
admission_source_id_lt=_6.5=10
number_inpatient_lt=_1.5=10
discharge_disposition_id_lt=_8.5=8
number_diagnoses_lt=_5.5=8
diag_1_428_lt=_0.5=7
discharge_disposition_id_lt=_10.0=6
diabetesMed_No_lt=_0.5=6
discharge_disposition_id_lt=_1.5=4
number_inpatient_lt=_4.5=4
diag_1_278_lt=_0.5=4
discharge_disposition_id_lt=_7.5=3
num_lab_procedures_lt=_30.5=3
number_emergency_lt=_1.5=3
number_emergency_lt=_2.5=3
number_inpatient_lt=_2.5=3
number_inpatient_lt=_3.5=3
number_diagnoses_lt=_6.5=3
time_in_hospital_lt=_3.5=2
age_(70-80)_lt=_0.5=2
age_(80-90)_lt=_0.5=2
diag_2_403_lt=_0.5=2
admission_type_id_lt=_5.5=1
discharge_disposition_id_lt=_6.5=1
discharge_disposition_id_lt=_20.0=1
discharge_disposition_id_lt=_22.5=1
admission_source_id_lt=_3.5=1
time_in_hospital_lt=_2.5=1
num_lab_procedures_lt=_20.5=1
num_procedures_lt=_0.5=1
num_medications_lt=_6.5=1
num_medications_lt=_10.5=1
num_medications_lt=_11.5=1
num_medications_lt=_12.5=1
number_diagnoses_lt=_4.5=1
number_diagnoses_lt=_8.5=1
race_Caucasian_lt=_0.5=1
diag_1_250.11_lt=_0.5=1
diag_1_491_lt=_0.5=1
diag_1_648_lt=_0.5=1

parameters:
[boosting: gbdt]
[objective: binary]
[metric: binary_logloss]
[tree_learner: serial]
[device_type: cpu]
[data_sample_strategy: bagging]
[data: ]
[valid: ]
[num_iterations: 25]
[learning_rate: 0.1]
[num_leaves: 31]
[num_threads: 8]
[seed: 42]
[deterministic: 0]
[force_col_wise: 0]
[force_row_wise: 0]
[histogram_pool_size: -1]
[max_depth: 3]
[min_data_in_leaf: 20]
[min_sum_hessian_in_leaf: 0.001]
[bagging_fraction: 1]
[pos_bagging_fraction: 1]
[neg_bagging_fraction: 1]
[bagging_freq: 0]
[bagging_seed: 400]
[bagging_by_query: 0]
[feature_fraction: 1]
[feature_fraction_bynode: 1]
[feature_fraction_seed: 30056]
[extra_trees: 0]
[extra_seed: 12879]
[early_stopping_round: 0]
[early_stopping_min_delta: 0]
[first_metric_only: 0]
[max_delta_step: 0]
[lambda_l1: 0]
[lambda_l2: 1]
[linear_lambda: 0]
[min_gain_to_split: 0]
[drop_rate: 0.1]
[max_drop: 50]
[skip_drop: 0.5]
[xgboost_dart_mode: 0]
[uniform_drop: 0]
[drop_seed: 17869]
[top_rate: 0.2]
[other_rate: 0.1]
[min_data_per_group: 100]
[max_cat_threshold: 32]
[cat_l2: 10]
[cat_smooth: 10]
[max_cat_to_onehot: 4]
[top_k: 20]
[monotone_constraints: ]
[monotone_constraints_method: basic]
[monotone_penalty: 0]
[feature_contri: ]
[forcedsplits_filename: ]
[refit_decay_rate: 0.9]
[cegb_tradeoff: 1]
[cegb_penalty_split: 0]
[cegb_penalty_feature_lazy: ]
[cegb_penalty_feature_coupled: ]
[path_smooth: 0]
[interaction_constraints: ]
[verbosity: -1]
[saved_feature_importance_type: 0]
[use_quantized_grad: 0]
[num_grad_quant_bins: 4]
[quant_train_renew_leaf: 0]
[stochastic_rounding: 1]
[linear_tree: 0]
[max_bin: 255]
[max_bin_by_feature: ]
[min_data_in_bin: 3]
[bin_construct_sample_cnt: 200000]
[data_random_seed: 175]
[is_enable_sparse: 1]
[enable_bundle: 1]
[use_missing: 1]
[zero_as_missing: 0]
[feature_pre_filter: 1]
[pre_partition: 0]
[two_round: 0]
[header: 0]
[label_column: ]
[weight_column: ]
[group_column: ]
[ignore_column: ]
[categorical_feature: ]
[forcedbins_filename: ]
[precise_float_parser: 0]
[parser_config_file: ]
[objective_seed: 16083]
[num_class: 1]
[is_unbalance: 0]
[scale_pos_weight: 1]
[sigmoid: 1]
[boost_from_average: 1]
[reg_sqrt: 0]
[alpha: 0.9]
[fair_c: 1]
[poisson_max_delta_step: 0.7]
[tweedie_variance_power: 1.5]
[lambdarank_truncation_level: 30]
[lambdarank_norm: 1]
[label_gain: ]
[lambdarank_position_bias_regularization: 0]
[eval_at: ]
[multi_error_top_k: 1]
[auc_mu_weights: ]
[num_machines: 1]
[local_listen_port: 12400]
[time_out: 120]
[machine_list_filename: ]
[machines: ]
[gpu_platform_id: -1]
[gpu_device_id: -1]
[gpu_use_dp: 0]
[num_gpu: 1]

end of parameters

pandas_categorical:[]
